byte offset: 0
first index: 0
index count: 6051
topology: trianglelist
format: DXGI_FORMAT_R16_UINT

0 1 2
1 3 4
1 5 3
3 5 6
3 6 7
7 8 3
7 9 8
1 10 5
11 5 10
11 12 5
13 10 1
13 1 14
15 14 1
10 13 16
17 10 16
18 16 13
18 13 19
19 13 14
19 14 20
21 20 14
21 14 22
23 19 20
23 20 24
25 26 5
27 28 19
29 30 16
31 16 32
33 20 34
33 34 35
36 35 37
38 35 39
40 41 19
40 42 41
43 44 16
45 43 16
43 46 47
48 49 43
48 43 50
50 43 51
50 52 53
54 50 55
50 54 56
57 50 56
54 58 56
54 59 60
61 54 62
61 63 54
61 64 63
65 61 66
61 67 68
61 69 67
69 61 70
69 70 71
72 69 73
72 74 69
75 69 74
72 76 74
77 78 69
74 79 80
74 81 82
72 83 84
72 85 86
87 88 72
87 72 89
90 89 72
90 91 89
3 92 93
94 95 96
97 98 99
100 101 99
100 99 102
99 103 102
99 104 103
104 105 103
104 106 105
103 105 107
103 107 108
103 108 109
102 103 109
100 102 110
111 102 109
111 110 102
111 109 112
110 113 100
113 114 100
113 115 114
100 114 116
115 113 117
110 111 118
110 119 113
110 118 119
120 118 111
120 121 118
111 122 120
118 121 123
124 113 119
125 113 124
119 118 126
127 126 118
128 119 126
128 124 119
129 128 126
130 129 126
130 131 129
124 128 132
129 132 128
124 132 133
134 132 129
134 133 132
135 124 133
135 136 124
137 135 133
138 135 137
138 137 139
134 140 133
137 133 140
141 137 140
140 134 142
140 142 141
143 141 142
141 144 137
145 137 144
146 142 134
143 142 146
143 147 141
147 144 141
148 147 143
146 134 149
134 129 149
129 150 149
129 131 150
149 151 146
149 150 151
151 150 152
153 150 131
153 154 150
155 151 154
151 156 146
143 146 156
151 157 156
158 157 151
159 156 157
143 156 160
143 160 161
162 161 160
163 160 156
164 160 163
164 163 165
166 143 167
168 156 169
170 171 157
172 173 157
165 174 175
157 176 177
178 157 177
178 177 179
180 165 181
182 177 180
180 177 183
180 183 184
185 165 180
185 180 186
186 180 187
186 187 188
186 188 189
185 190 165
190 191 165
185 186 192
192 186 193
194 190 185
194 195 190
196 185 192
194 185 196
196 192 197
197 192 198
192 199 198
197 198 200
196 197 201
201 197 202
201 202 203
204 196 201
204 194 196
205 194 204
205 206 194
205 204 207
208 204 201
208 209 204
210 201 203
210 203 211
212 197 213
194 214 215
204 216 217
203 218 219
203 220 218
218 220 221
203 222 220
222 221 220
203 223 222
222 224 221
218 221 225
225 226 218
226 227 218
228 227 226
227 229 218
228 230 227
225 231 226
231 228 226
231 225 232
233 225 221
225 233 234
231 235 228
231 236 235
231 237 236
233 221 238
239 238 221
239 221 240
241 235 236
242 241 236
236 243 242
244 242 243
241 242 245
244 245 242
243 246 244
243 247 246
233 238 248
239 249 238
249 248 238
248 249 250
251 248 250
233 248 251
252 233 251
253 241 245
254 245 244
254 253 245
241 253 255
254 256 253
255 253 256
257 241 255
258 257 255
257 235 241
259 255 256
258 255 259
260 259 256
261 256 254
261 260 256
262 254 244
261 254 262
260 261 263
264 261 262
265 260 263
266 262 244
264 262 266
264 266 267
246 266 244
265 268 260
265 269 268
260 270 259
271 260 268
271 270 260
269 272 268
272 271 268
273 259 270
258 259 273
269 274 272
272 274 275
276 274 269
272 275 277
272 278 271
279 278 272
279 280 278
281 270 271
278 281 271
273 270 282
281 282 270
278 283 281
280 283 278
276 284 274
284 275 274
285 273 282
273 285 258
286 282 281
283 286 281
285 282 287
286 287 282
287 288 285
289 287 286
290 284 276
291 290 276
292 291 276
284 290 293
290 294 293
284 293 275
275 293 295
296 295 293
296 297 295
275 295 298
299 275 298
299 300 275
295 301 298
295 302 301
303 298 301
303 301 304
295 297 305
295 305 302
302 305 306
301 302 307
301 307 308
308 309 301
308 310 309
311 308 307
312 311 307
312 307 313
310 308 314
310 314 315
308 316 314
308 317 316
302 318 307
318 313 307
305 319 306
305 320 319
297 320 305
297 321 320
321 319 320
321 322 319
323 322 321
297 324 321
297 325 324
306 319 326
322 326 319
302 306 327
328 318 302
302 327 328
328 329 318
330 328 327
329 328 330
331 329 330
306 332 327
332 330 327
329 333 318
318 333 313
333 329 334
313 333 334
329 335 334
306 326 336
306 337 332
306 336 337
332 337 338
336 338 337
330 332 339
332 338 339
340 330 339
341 330 340
342 336 326
336 343 338
342 343 336
344 343 342
345 338 343
345 346 338
346 339 338
347 340 339
346 347 339
347 348 340
349 342 326
322 349 326
350 347 346
350 351 347
350 352 351
350 346 353
353 354 350
353 346 355
353 355 356
349 357 342
357 344 342
358 357 349
358 349 359
357 360 344
361 362 350
363 353 364
365 357 366
365 366 367
368 369 367
322 370 349
322 371 370
372 371 322
373 371 374
373 374 375
373 376 371
373 377 376
373 378 377
373 379 378
380 379 373
380 373 381
382 383 322
384 379 385
386 387 379
387 388 379
389 390 387
387 390 391
392 393 390
390 394 395
396 390 395
396 395 397
398 399 395
400 398 395
400 395 401
400 401 402
400 403 398
400 404 403
403 404 405
398 403 406
403 407 406
398 406 408
406 409 408
398 408 410
398 410 411
409 412 408
410 408 412
413 410 412
409 414 412
414 413 412
400 250 404
415 250 400
415 416 250
413 417 410
418 410 417
418 417 419
414 420 413
421 420 414
421 422 420
413 420 423
413 423 424
425 417 413
425 413 426
427 417 425
427 425 428
429 250 430
431 420 432
431 432 433
434 435 250
251 250 435
436 251 435
246 436 435
246 435 437
435 438 437
266 246 437
266 437 439
266 439 440
441 251 442
249 404 250
404 249 443
239 443 249
239 444 443
445 404 443
444 445 443
404 445 446
239 447 444
448 444 447
449 447 239
449 239 450
448 447 451
448 451 452
453 448 452
444 454 445
454 455 445
454 456 455
457 454 444
448 458 444
457 444 458
458 459 457
458 460 459
460 458 448
457 461 454
461 462 454
461 457 463
464 460 448
465 464 448
464 466 460
466 467 460
466 468 467
464 469 466
198 469 464
470 198 464
198 471 469
472 466 469
472 473 466
472 469 474
475 474 469
475 469 476
477 472 474
478 477 474
472 477 479
477 480 479
481 198 482
483 484 466
485 474 486
472 487 488
477 489 490
491 492 105
493 494 105
495 496 497
498 499 500
501 502 503
501 504 505
506 501 507
508 501 509
501 510 511
512 510 501
513 514 515
516 515 517
518 515 516
518 519 515
519 520 515
519 521 520
522 523 519
522 519 524
114 524 519
114 519 525
114 115 524
115 526 524
527 524 526
528 524 527
527 526 529
115 7 526
530 526 7
115 531 7
532 7 533
115 534 535
536 115 537
538 539 540
541 542 543
544 545 546
545 547 548
545 548 549
550 551 552
553 551 554
553 554 555
556 557 558
557 559 560
557 560 561
562 563 564
565 566 567
565 568 569
565 570 568
565 571 570
572 571 565
572 565 573
571 574 570
571 575 574
575 576 574
572 577 571
577 575 571
577 578 575
578 579 575
580 577 572
581 578 577
580 582 577
581 577 582
580 583 582
581 582 583
580 584 583
581 583 585
586 584 580
587 581 585
581 587 578
587 585 588
580 572 589
586 580 589
590 586 589
590 591 586
592 591 590
572 593 589
593 590 589
593 572 594
593 594 595
587 596 578
596 597 578
596 598 597
599 587 588
596 587 599
599 588 600
601 599 600
593 602 590
590 602 603
601 604 599
605 604 601
605 606 604
596 599 607
607 599 604
607 604 608
604 609 608
604 610 609
590 603 611
592 590 611
612 592 611
612 611 613
611 603 614
611 614 615
596 616 617
618 619 596
603 620 621
603 621 622
623 603 622
623 622 624
622 625 626
625 622 627
628 629 630
631 632 633
634 635 636
637 638 639
640 641 642
643 644 641
643 645 644
646 645 647
646 647 648
649 650 651
652 649 653
654 655 656
657 658 659
660 661 662
663 662 664
665 666 662
667 668 662
662 669 670
671 662 670
672 673 674
675 674 676
675 676 677
677 678 679
677 679 680
681 682 683
684 685 686
687 688 689
690 691 692
693 694 695
696 697 698
699 700 701
700 702 703
700 703 704
705 706 707
708 707 709
708 709 710
711 707 708
711 708 712
713 714 707
715 708 716
715 717 708
708 717 120
718 708 120
120 717 121
717 719 121
121 719 720
121 720 721
722 719 717
723 722 717
722 724 719
724 720 719
724 725 720
121 726 727
728 726 121
720 729 730
720 731 729
732 731 720
732 720 733
734 731 732
735 734 732
735 732 736
734 737 731
737 738 731
739 737 734
740 739 734
739 740 741
740 734 742
739 743 737
743 744 737
739 741 745
745 743 739
746 745 741
746 741 747
745 748 743
745 749 748
749 750 748
751 743 748
751 752 743
750 753 748
750 754 753
750 755 754
756 757 737
758 759 750
750 760 761
762 754 763
764 754 177
765 177 754
766 767 768
769 766 770
769 770 771
772 773 774
775 776 777
778 779 780
781 782 779
781 779 783
784 785 786
787 788 789
314 790 791
792 793 314
794 795 796
795 797 798
799 795 800
799 800 801
802 795 799
802 799 803
799 804 805
799 806 804
806 799 807
806 807 808
344 804 806
344 806 809
806 810 809
806 811 810
344 809 343
343 809 812
344 813 804
344 814 813
815 804 813
815 816 804
817 815 813
360 817 813
360 818 817
817 819 815
820 819 817
820 817 821
822 819 820
822 820 823
822 823 824
815 819 825
825 826 815
825 827 826
822 828 819
819 828 825
829 822 830
825 831 832
825 832 833
833 834 825
833 835 834
833 836 837
833 837 838
838 839 833
838 840 839
838 841 842
843 838 844
845 846 847
848 849 850
850 851 852
850 852 853
854 855 856
857 858 856
858 859 856
858 860 859
861 856 859
862 856 861
862 861 863
861 859 864
280 861 864
280 865 861
866 861 865
866 865 867
865 280 868
865 868 869
280 864 283
864 870 283
864 859 870
870 859 871
859 872 871
283 870 286
286 870 873
871 873 870
874 286 873
875 873 871
875 876 873
875 871 877
871 878 879
871 880 881
871 882 880
883 884 885
886 887 888
889 890 891
892 893 889
892 894 893
895 896 897
897 898 899
900 897 901
900 901 902
900 903 897
900 904 903
905 906 900
907 900 908
907 909 900
910 911 907
912 907 913
907 914 915
916 907 915
916 917 907
916 915 918
916 918 919
920 916 921
922 923 916
922 916 924
915 925 926
915 927 925
928 927 915
928 915 929
930 927 928
931 925 927
931 927 932
933 925 934
935 936 925
937 938 929
938 928 939
940 928 938
941 938 942
943 944 925
943 945 944
946 928 947
946 947 948
949 950 938
950 951 938
952 938 951
952 951 953
954 951 955
956 951 957
958 959 960
961 962 959
963 959 964
963 965 959
966 959 965
966 965 967
965 968 969
970 965 971
972 973 959
974 972 959
205 972 975
205 976 972
976 977 972
976 978 977
205 979 976
205 980 979
980 205 981
980 981 982
976 979 983
976 983 984
228 979 980
985 228 980
228 986 979
986 228 235
987 983 979
987 979 986
986 235 988
988 235 257
989 986 988
989 987 986
988 257 990
989 988 990
258 990 257
991 990 258
991 989 990
991 258 992
285 992 258
285 993 992
994 993 285
993 995 992
992 995 996
992 996 991
997 991 996
997 989 991
998 997 996
989 997 999
1000 999 997
989 999 987
987 999 1001
987 1001 983
1002 1001 999
1002 1003 1001
1004 983 1001
1004 1005 983
1006 1004 1001
1006 1001 1007
1008 1009 999
1010 1011 1004
1004 1012 1013
1004 1013 1014
1015 1004 1014
1016 1017 1014
1014 1018 1019
1014 1020 1021
1022 1020 1014
1023 1020 1024
1025 1020 1026
1027 1028 1029
1030 1031 1028
1032 1028 1033
1032 1034 1028
1028 1034 1035
1028 1035 1036
1037 1034 1038
1037 1038 1039
1040 1034 1037
1040 1037 1041
822 1037 1042
822 1042 1043
1044 1037 822
1044 822 1045
1046 1047 1048
1049 1050 1048
1048 1051 1052
1053 1054 1048
1053 1048 1055
1056 1055 1048
1056 1048 1057
1057 1048 1058
1059 1056 1057
1059 1057 1060
1060 1061 1059
1062 1060 1057
1062 1057 1063
1064 1060 1065
1066 1067 1068
1069 1070 1071
1072 1070 1073
1070 1074 1075
1070 1076 1074
1077 1076 1070
1078 1076 1079
1080 1076 1078
1080 1078 1081
1078 1082 1083
1078 1084 1085
1086 1087 1088
1089 1087 1090
1091 1087 1092
1087 1091 1093
1091 1094 1095
1096 1091 1097
1091 1098 1099
1091 1100 1098
1100 1091 1101
1102 1100 1103
1104 1105 1087
1105 1106 1087
1105 1107 1106
1108 1109 1105
1105 1110 1111
1105 1111 1112
1112 1113 1105
1112 1114 1115
1116 1112 1117
1118 1119 1120
1119 1121 1122
1123 1119 1124
1125 1126 1119
1119 1127 1128
1119 1129 1130
1131 1132 1133
1131 1134 1135
1136 1137 1138
1139 1140 1141
233 1142 1143
1144 1145 1146
1147 1148 1146
1147 1146 1149
1150 1147 1149
1146 1151 1149
1149 1151 1152
1149 1152 1153
1147 1154 1155
1151 1156 1157
1158 1149 1159
1160 1161 1162
1162 1163 1164
1162 1165 1166
1167 1165 1162
1167 1168 1165
1165 1169 1170
1165 1170 1171
1172 1165 1171
1173 1171 1174
1175 1171 1176
1177 1178 1179
1180 1181 1182
1183 1184 1182
1183 1185 1184
1186 1185 1187
1188 1189 1185
1190 1185 1191
1185 1190 1192
1193 1190 1194
1195 1196 1190
1196 1197 1190
1198 1196 1199
1200 1201 1196
1196 1202 1203
1196 1203 1204
1203 1205 1206
1203 1206 1207
1207 1208 1209
1210 1211 1212
1213 1214 1215
1216 1217 1214
1218 1219 1220
1221 1222 1223
1224 1225 1226
1227 1228 1229
1227 1230 1231
1232 1233 1234
1232 1235 1236
1232 1237 1238
1239 1232 1240
1241 1239 1242
1243 1232 1244
1243 1244 1245
1246 1247 1248
1249 1250 1246
1251 1246 1252
1251 1253 1246
1254 1253 1251
1255 1246 1256
1256 1246 1257
1258 1256 1257
1258 1259 1256
1258 1260 1261
1262 1258 1263
1263 1258 1264
1263 1265 1266
1267 1263 1268
1269 1263 1270
1269 1270 1271
1272 1273 1274
1275 1276 1274
1277 1275 1274
1278 1275 1277
1278 1279 1275
1277 1274 1280
1280 1274 1281
1280 1281 1282
1278 1277 1283
1284 1278 1283
1284 1283 1285
1283 1277 1286
1286 1277 1280
1283 1286 1287
1287 1288 1283
1287 1289 1288
1287 1286 1290
1287 1290 1291
1286 1280 1292
1292 1293 1286
1294 1292 1280
1294 1280 1295
1294 1296 1292
1297 1287 1298
1299 1300 1292
1292 1301 1302
1303 1278 1304
1305 1306 1307
1305 1308 1309
1305 1310 1311
1310 1305 1312
1305 1313 1312
1310 1312 1314
1312 1315 1314
1312 1316 1315
1316 1312 1317
1316 1318 1315
1316 1319 1320
1316 1321 1322
1323 1324 1325
1326 1327 1325
1326 1325 1328
1329 1325 1330
1330 1325 1331
1330 1331 1332
1333 1330 1334
1334 1330 1335
1334 1335 1336
1334 1337 1338
1339 1334 1340
1341 1342 1340
1341 1343 1342
1344 1345 1346
1347 1346 1348
1347 1349 1346
1350 1346 1349
1350 1351 1346
1351 1352 1346
1350 1353 1351
1350 1354 1353
1355 1350 1349
1349 1356 1355
1349 1357 1356
1355 1358 1350
1359 1350 1358
1360 1358 1355
1361 1360 1355
1360 1362 1358
1362 1363 1358
1358 1363 1364
1365 1351 1366
1367 1355 1368
1369 1370 1358
1371 1372 1373
1374 1375 1371
1374 1376 1375
1377 1371 1375
1377 1378 1371
1377 1375 1379
1375 1380 1381
1375 1381 1382
1383 1375 1382
1383 1384 1375
1385 1386 1387
1388 1387 1389
1387 1390 1391
1387 1391 1392
1393 1387 1392
1394 1392 1395
1396 1392 1397
1398 1399 1400
1401 1402 1398
1401 1398 1403
1401 1403 1404
1403 1398 1405
1403 1405 1406
1401 1404 1407
1407 1408 1401
1404 1403 1409
1404 1409 1410
1404 1411 1412
1404 1413 1414
1415 1416 1403
1415 1403 1417
1418 1419 1404
1418 1404 1420
1421 1422 1423
1424 1421 1425
1426 1427 1428
1429 1428 1430
1428 1431 1432
1433 1428 1434
1435 1428 1433
1435 1433 1436
1436 1433 1437
1438 1439 1440
1438 1441 1442
1443 1444 1438
1443 1438 1445
1446 1438 1447
1446 1448 1438
1449 1438 1448
1450 1448 1451
1450 1452 1448
1453 1448 1452
1454 1455 1456
1457 1458 1456
1459 1456 1460
1459 1461 1456
1462 1456 1461
1462 1463 1456
1464 1462 1461
1464 1461 1465
1466 1465 1461
1466 1461 1467
1468 1465 1469
1468 858 1465
1465 858 1470
1465 1470 1471
1472 1473 1474
1475 1472 1476
1476 1472 1477
1477 1472 1478
1477 1478 1479
1476 1477 1480
1480 1481 1476
1482 1476 1481
1480 1483 1481
1480 1477 1484
1484 1477 1485
1484 1485 1486
1480 1484 334
334 1487 1480
334 1488 1487
313 334 1484
313 1484 1489
313 1489 1490
1491 1492 1493
1494 1495 1493
1494 1493 1496
1497 1498 1499
1498 1500 1501
1502 1503 1498
1503 1504 1498
1504 1505 1498
1504 1506 1505
1507 1508 1509
1510 1511 1507
1512 1513 1507
1507 1514 1512
1507 1515 1514
1516 1515 1507
1514 1515 1517
1515 1518 1519
1518 1515 1520
1521 1522 1523
1524 1525 1526
1527 1528 1529
1530 1531 1532
1533 1534 1535
1536 1537 1533
1533 1538 1539
1533 1539 1540
1541 1542 1533
1541 1533 1543
1544 1545 1541
1544 1541 1546
1544 1546 1547
1548 1544 1549
1550 1551 1544
1550 1544 1552
1553 1554 1555
1556 1557 1558
1559 1557 1560
1561 1562 1557
1563 1557 1562
1563 1562 1564
1562 1565 1566
1562 1567 1565
1568 1567 1562
1569 1570 1567
1571 1572 1567
1571 1567 1573
1574 1575 1576
1577 1576 1578
1579 1580 1581
1582 1583 1581
1583 1584 1581
1585 1586 1583
1587 1581 1588
1587 1589 1581
1590 1591 1589
1592 1593 1587
1587 1594 1592
1595 1596 1597
1598 1599 1600
1601 1602 1603
1604 1605 1606
1607 1608 1609
1610 1611 1607
1610 1607 1612
1613 1614 1615
1616 1617 1618
1619 1618 1620
1621 1622 1623
1624 1625 1626
1626 1627 1628
1626 1628 1629
1629 1630 1626
1631 1632 1626
1631 1626 1633
1634 1629 1635
1636 1635 1629
1636 1637 1635
1638 1635 1639
1640 1635 1641
1642 461 1643
1644 461 1645
1644 1645 1646
1647 1648 1649
1650 1651 1647
1650 1647 1652
1652 1647 1653
1654 1653 1647
1655 1656 1652
1655 1652 1657
1652 1658 1657
1652 1659 1658
1652 1660 1659
1657 1661 1662
1663 1664 1665
1666 1665 1667
1666 1668 1665
1665 1668 1669
1670 1665 1671
1670 1671 1672
1673 1668 1674
1673 1675 1668
1668 1675 1676
1677 1678 1679
1677 1680 1681
1677 1681 1682
1677 1682 1683
1682 1684 1685
1686 1682 1687
1677 1688 1689
1677 1690 1688
1690 1677 1691
1682 1692 1693
1682 1694 1692
1695 1694 1682
1694 1696 1697
1698 1694 1699
1700 1701 1694
1700 1694 1702
1690 1703 1704
1703 1690 1705
1706 1703 1705
1690 1707 1705
1690 1708 1707
1707 1709 1705
1705 1709 1710
1705 1710 1711
1707 1712 1709
1712 1707 1713
740 1709 1712
1714 1709 740
1714 740 1715
740 1712 741
1712 1716 741
740 1717 1718
1707 1719 1720
1721 1722 1707
741 1723 1724
741 1725 1726
1727 1728 1729
1730 1731 1732
1733 1734 1735
1736 1735 1737
1738 1739 1740
1741 1742 1743
1744 1745 1746
1747 1748 1749
1750 1751 1747
1752 1753 1754
1755 1754 1756
1755 1757 1754
1754 1757 1758
1757 1759 1758
1757 1760 1759
1754 1758 1761
1762 1754 1761
1761 1758 1763
1763 1758 1764
1763 1764 1765
1761 1763 1766
1766 1767 1761
1766 1763 1768
1769 1766 1770
1771 1757 1772
1771 1772 1773
1774 1763 1775
1763 1774 1776
1777 1778 1779
1780 1781 1778
1780 1778 1782
1783 1784 1785
1786 1787 1788
1789 1787 1790
1789 1790 1791
1792 1793 1794
1795 1796 1797
1798 1796 1799
1800 1801 1796
1796 1802 1803
1804 1796 1805
1806 1796 1807
1808 1809 1810
1811 1809 1812
1809 1813 1812
1812 1813 1814
1812 1814 1815
1814 1816 1815
1814 1817 1816
1818 1817 1814
1819 1814 1813
1818 1814 1819
1809 1820 1813
1819 1813 1821
1820 1821 1813
1819 1822 1818
1819 1823 1822
1821 1823 1819
1821 1824 1823
1825 1824 1821
1818 1822 1826
1818 1826 1827
1825 1821 1828
1820 1828 1821
1825 1828 1829
1829 1828 1820
1825 1829 1830
1829 1831 1830
1829 1832 1831
1829 1820 1833
1833 1820 1809
1829 1833 1834
1829 1834 1835
1833 1809 1836
1836 1837 1833
1836 1838 1837
1836 1809 1839
1836 1839 1840
1840 1841 1836
1840 1842 1841
1840 1843 1844
1840 1844 1845
1846 1847 1840
1846 1840 1848
1849 1850 1851
1852 1850 1853
1854 1855 1850
1856 340 1857
1858 1859 1860
1861 1862 1863
1864 1865 1863
1864 1863 1866
1867 1868 1869
1868 1870 1871
1872 1873 1874
1875 1876 1877
1878 1879 1880
1881 1882 1883
1884 1885 1882
1882 1886 1887
1882 1887 1888
1889 1882 1888
1889 1888 1890
1891 1892 1888
1891 1888 1893
1888 1894 1893
1888 1895 1894
1896 1893 1894
1896 1894 1897
1893 1896 1898
1898 1899 1893
1896 1900 1898
1901 1902 1903
1904 1905 1906
1907 1908 1906
1907 1909 1908
1910 1911 1912
1913 1914 1915
1916 1917 1918
1919 1920 1921
1922 1919 1923
1923 1919 1924
1923 1924 1925
1926 1927 1923
1928 1929 1919
1928 1930 1929
1931 1923 1932
1931 1932 1933
1934 1935 1936
1934 1937 1938
1934 1939 1940
1934 1940 1941
1940 1942 1943
1944 1945 1940
1946 1934 1947
1946 1947 1948
1949 1950 1951
1952 1949 1953
1954 1955 1956
1957 1956 1958
1959 1956 1960
1961 1956 1959
1956 1962 1963
1964 1962 1956
1817 1965 1966
1817 1967 1968
1817 1969 1967
1818 1969 1817
1818 1970 1969
1818 1971 1970
1969 1972 1973
1969 1973 1974
1975 460 1976
1977 1978 1979
1980 1981 1982
1983 1984 1985
1986 1987 1988
1989 1990 1991
1992 1993 1994
1995 1996 1997
1998 1999 2000
2001 2002 2003
2004 2005 2001
2006 2007 2008
2009 2010 2011
2012 2013 2014
2015 2016 2017
2016 2018 2019
2016 2019 2020
2019 2021 2020
2016 2020 2022
2016 2022 2023
2019 2024 2021
2019 2025 2024
2021 2024 2026
2020 2021 2027
2022 2020 2027
2021 2028 2027
2028 2021 2029
2021 2030 2029
2021 2031 2030
2032 2028 2029
2033 2032 2029
2032 2034 2028
2034 2027 2028
2032 2035 2034
2035 2036 2034
2036 2037 2034
2034 2037 2027
2036 2038 2037
2037 2039 2027
2022 2027 2039
2038 2040 2037
2037 2040 2039
2038 2041 2040
2041 2042 2040
2042 2043 2040
2039 2040 2043
2044 2039 2043
2044 2022 2039
2045 2029 2046
2022 2047 2048
2049 2047 2022
2050 2051 2052
2053 2054 2052
2055 2024 2056
2057 2058 2059
2060 2059 2061
2062 2061 2059
2063 2059 2064
2063 2064 2065
2066 2067 2068
2069 2070 2071
2072 2073 2074
2075 2072 2076
2075 2077 2072
2078 2072 2077
2078 2077 2079
2080 2072 2081
2080 2081 2082
2083 2077 2084
2083 1703 2077
2085 2077 1703
2085 1703 2086
593 2087 2088
593 2089 2090
2091 2092 2093
2094 2095 2093
2094 2093 2096
2097 2098 2099
2100 2101 2102
2103 2104 2105
2106 2107 2108
2109 445 2110
445 2111 2112
457 2113 2114
457 2115 2116
2117 2118 2119
2120 2121 2122
2122 2123 2124
2123 2125 2124
2126 329 2127
2128 2129 2130
2131 2132 2129
2131 2133 2132
2134 2133 2135
2134 2136 2133
2136 2137 2138
2139 2140 2138
2139 2141 2140
2140 2141 2142
2143 2144 2145
2146 2147 2144
2146 2148 2147
2149 2150 2151
2152 2153 2151
2152 2154 2153
2155 2156 2157
2158 2159 2160
2161 2162 2160
2161 2160 2163
2164 2165 2160
2164 2160 2166
2167 2164 2166
2168 2166 2160
2167 2166 56
2168 2169 2166
2169 56 2166
2169 2170 56
2171 2172 2173
2174 2175 2176
2177 2178 2179
2180 2181 2182
1100 2181 2183
2184 2181 1100
2184 1100 2185
2186 2181 2187
2186 2187 2188
2189 1100 2190
2189 2190 2191
2192 2193 2194
2195 2196 2197
2198 2199 2200
2201 2202 2203
2204 2205 2206
2207 2208 2209
2210 2211 2212
190 2213 2214
190 2215 2216
2217 2218 2219
2220 2221 2222
2223 2224 2225
2226 2227 2228
2229 2230 2231
2232 2233 2234
2235 2236 2237
2238 2239 2240
2241 2242 2243
2244 2245 2246
2247 2248 2246
2249 2247 2246
2249 2250 2247
2251 2252 2249
2251 2253 2252
2254 2253 2251
2255 2256 2257
2258 2259 2260
2261 2262 731
2263 2264 144
2265 144 2266
147 2266 144
2266 147 2267
2267 147 2268
2269 2266 2267
2269 2270 2266
2269 35 2270
35 2269 2271
2272 2269 2267
2272 2267 2273
147 2274 2275
2276 2266 2277
2278 2269 2279
2267 2280 2281
2267 2281 2282
2283 2284 2285
2286 2287 2288
2289 2290 2291
2292 2293 2294
2295 2294 2296
2295 2297 2298
2299 2300 2301
2302 2303 2304
2305 2306 2307
2308 2309 2310
2311 732 2312
575 2313 2314
2315 109 2316
109 2317 2318
2319 2318 2317
2320 2319 2321
2319 2322 2321
2323 2324 2325
2326 2327 2328
2329 2330 2331
2332 2333 2334
2335 2336 2337
2338 2339 2340
2341 2342 2343
2344 2345 2346
2347 994 287
2348 2349 2350
2348 135 2349
2351 2352 2353
2354 2352 2351
2355 2356 2357
2355 2357 2358
2359 2360 2361
2359 2362 2360
2363 2362 2359
2364 2365 2366
2364 2366 2367
2364 2368 2369
2364 2369 2370
2371 2372 2373
2371 2373 2374
2375 2376 2377
2375 2377 2378
2379 2380 2381
2379 570 2380
570 2382 2380
570 2383 2382
2384 2380 2385
2380 2386 2385
2387 2388 2389
2387 2389 2390
2391 2392 2393
2391 2393 2394
2395 2396 2397
2395 2397 2398
2399 2400 2401
2399 2401 2402
2403 2404 2405
2403 2406 2404
2407 2404 2408
2407 2408 2409
2409 2408 2410
2409 2410 2411
2412 2406 2413
2412 2413 2414
2415 2412 2416
2415 2417 2412
2418 2417 2419
2418 2420 2417
2421 2420 2422
2421 2423 2420
2424 2425 2423
2424 2426 2425
2427 2428 2429
2427 2429 2430
2431 2432 2433
2431 2433 2434
2435 2436 2437
2435 2437 2438
2439 2440 2441
2439 2441 2442
2439 2443 2444
2439 2444 2445
2446 2447 2448
2446 2448 2449
2450 2451 2452
2450 2452 2453
2454 2455 2456
2454 2456 2457
2458 2459 2460
2458 2460 2461
2462 2463 2464
2462 2464 608
608 2464 2465
608 2465 2466
2467 2464 2468
2464 2469 2468
2470 2471 2472
2470 2473 2471
2474 2475 2471
2474 2471 2476
2477 2473 2478
2477 2479 2473
2480 2479 2477
2480 2481 2479
2482 2476 2483
2482 2483 2484
2485 2483 2486
2485 2486 2487
2488 2486 2489
2488 2489 2490
2491 2492 2489
2491 2493 2492
2494 2495 2496
2494 2497 2495
2498 2497 2494
2499 2500 131
2499 131 2501
2502 2503 2504
2502 2504 2505
2506 2507 2508
2509 2507 2506
2509 2506 2510
2511 2512 2513
2511 2513 2514
2515 2516 2517
2515 2517 2518
2519 2520 2521
2522 2520 2519
2523 2524 2525
2523 2525 2526
2525 2527 2526
2528 2529 2530
2528 2530 2531
2532 2533 2534
2532 2534 2535
2534 2536 2535
2537 2538 2539
2537 2540 2538
2541 2540 2542
2541 2543 2540
2544 2543 2541
2545 2546 2547
2545 2548 2546
2549 2548 2545
2550 2551 2552
2552 2551 2553
2554 2555 2556
2554 2556 2557
2558 2559 2560
2558 2560 2561
2562 2558 2563
2562 2563 2564
2565 2566 2560
2565 2560 2567
2568 2569 2570
2569 2571 2570
2569 2572 2571
2573 2572 2574
2573 2574 2575
2576 2577 2578
2579 2578 2577
2580 2581 2582
2580 2582 2583
2584 2585 2586
2587 2586 2585
2587 2588 2586
2589 2590 2591
2589 2592 2590
2590 2592 2593
2590 2593 2594
2593 2595 2594
2596 2597 2598
2599 2598 2597
2599 2600 2598
2601 2602 2599
2601 2603 2602
2601 2604 2603
2605 2606 2607
2605 2607 2608
2608 2609 2610
2608 2610 2611
2612 2613 2614
2612 2614 2615
2614 2616 2617
2614 2617 2618
2619 2620 2621
2619 2621 2622
2623 2624 2625
2626 2623 2625
2626 2625 2627
2628 2629 2630
2631 2629 2628
2632 2633 2634
2632 2634 2635
2635 2636 2637
2635 2637 2638
2639 2640 2641
2642 2640 2639
2642 2643 2640
2642 2644 2643
2645 2646 2647
2645 2647 2648
2649 2650 2651
2649 2651 2652
2653 2654 2655
2653 2655 2656
2657 2658 2659
2657 2659 2660
2661 2662 2663
2661 2663 2664
2665 2666 2667
2665 2667 2668
2669 2670 2671
2669 2671 2672
2673 2674 2675
2673 2675 2676
2675 2677 1826
2675 1826 2678
2679 2675 2678
2679 2680 2675
2680 2681 2675
2682 2680 2679
2682 2679 2683
2684 2680 2685
2684 2685 2686
2687 2680 2684
2687 2684 2688
2689 2690 2687
2689 2691 2690
2692 2693 2694
2693 2692 2695
2693 2695 2696
2696 2695 2697
2696 2697 2698
2698 2697 2699
2700 2701 2702
2700 2702 2703
2704 2705 2706
2704 2706 2707
2708 2709 2710
2708 2710 2711
2712 2708 2711
2713 2714 2715
2715 2714 2716
2717 2718 2719
2717 2719 2720
2721 2722 2723
2721 2723 2724
2725 2726 2727
2725 2727 2728
2729 2730 2731
2729 2732 2730
2733 2734 2735
2733 2735 2736
2737 2738 2739
2737 2739 2740
2741 2742 2743
2741 2744 2742
2745 2744 2746
2745 2746 2747
2747 2746 2748
2747 2748 2749
2750 2751 2752
2750 2752 2753
2754 2755 2756
2754 2756 2757
2758 2759 2760
2758 2760 2761
2762 2763 2764
2762 2764 2765
2766 2767 2768
2766 2768 2769
2770 2771 2772
2770 2772 2773
2774 2775 2772
2774 2772 2776
2777 2773 2778
2777 2778 2779
2780 2778 2781
2780 2781 2782
2781 2783 2784
2781 2785 2783
2786 2785 2787
2786 2787 2788
2789 2790 2791
2789 2792 2790
2793 2792 2789
2793 2794 2792
2795 2796 2790
2795 2797 2796
2794 2798 2799
2794 2799 2800
2801 2800 2799
2801 2802 2800
2803 2802 2804
2803 2805 2802
2803 2806 2805
2803 2807 2806
2808 2809 2810
2808 2810 2811
2812 2813 2814
2812 2815 2813
2816 2815 2812
2816 2817 2815
2818 2819 2817
2818 2820 2819
2821 2822 2813
2821 2823 2822
2823 2821 2824
2823 2824 2825
2826 2824 2827
2826 2827 2828
2829 2830 2827
2829 2827 2831
2832 2833 2834
2832 2834 2835
2836 2837 2838
2836 2838 2839
2840 2841 2842
2843 2842 2841
2843 2844 2842
2844 2843 2845
2846 2847 2848
2849 2846 2848
2849 2848 2850
2851 2852 2853
2851 2853 2854
2855 2856 2857
2858 2856 2855
2859 2860 2861
2861 2860 2862
2861 2862 2863
2862 2864 2863
2862 2865 2864
2865 2866 2864
2865 2867 2866
2868 2869 2870
2868 2870 2871
2872 2873 2874
2872 2874 2875
2876 2877 2878
2879 2878 2877
2879 2877 2880
2881 2879 2880
2881 2880 2882
2881 2882 2883
2884 2881 2883
2885 2886 2887
2885 2887 2888
2889 2885 2888
2889 2890 2885
2891 2890 2889
2891 2892 2890
2891 2893 2892
2894 2895 2896
2897 2896 2895
2897 2898 2896
2898 2897 2899
2900 2901 2902
2902 2903 2900
2902 1812 2903
2904 2905 2906
2906 2905 99
