byte offset: 0
first index: 0
index count: 11640
topology: trianglelist
format: DXGI_FORMAT_R16_UINT

0 1 2
0 3 4
0 5 3
5 6 3
5 0 7
5 8 6
9 5 7
5 9 8
9 7 10
10 11 9
11 12 9
9 13 8
13 9 12
10 14 11
15 13 12
15 12 16
11 14 17
18 16 12
18 19 16
12 20 18
12 21 20
11 21 12
20 21 22
22 21 11
20 22 23
11 17 24
22 11 24
25 23 22
25 26 23
27 24 17
27 17 28
29 27 28
30 22 24
27 30 24
30 25 22
26 25 31
26 31 32
29 33 27
30 27 33
34 33 29
34 29 35
25 30 36
30 33 36
25 36 31
36 33 34
37 32 31
37 38 32
31 36 39
36 34 39
31 39 37
38 37 40
38 40 41
37 39 42
37 42 40
43 41 40
40 42 43
43 44 41
45 42 39
45 39 34
42 46 43
42 45 46
47 44 43
47 48 44
49 43 46
49 47 43
45 50 46
49 46 50
51 45 34
45 51 50
52 48 47
52 53 48
47 49 54
47 54 52
51 34 55
55 34 35
55 35 56
57 55 56
51 55 57
57 56 58
59 50 51
59 51 57
58 60 57
60 59 57
58 61 60
60 62 59
49 50 63
63 50 59
64 59 62
64 63 59
64 62 65
66 64 65
49 63 67
49 67 54
66 68 64
68 66 69
70 63 64
70 67 63
68 70 64
54 67 71
67 70 72
67 72 71
54 71 73
73 52 54
68 69 74
68 75 70
75 68 74
70 76 72
70 75 76
77 76 75
78 77 75
78 75 74
79 74 69
78 74 79
79 69 80
81 78 79
76 82 72
76 83 82
71 72 82
71 82 84
84 73 71
84 85 73
86 79 80
81 79 86
86 80 87
86 88 81
89 73 85
89 85 90
73 89 52
90 91 89
89 91 52
91 53 52
91 92 53
87 93 86
86 93 88
87 94 93
95 88 93
94 95 93
94 96 95
96 94 97
96 98 95
96 97 99
99 97 100
96 101 98
101 96 99
101 102 98
99 100 103
104 103 100
104 105 103
106 105 104
106 107 105
108 107 106
108 109 107
110 107 109
110 109 111
111 112 110
111 113 112
114 112 113
110 115 107
105 107 115
112 115 110
103 105 116
105 115 116
99 103 117
103 116 117
118 116 115
112 118 115
114 119 112
119 114 120
99 117 121
101 99 121
122 101 121
101 122 102
122 121 123
117 123 121
102 122 124
123 124 122
102 124 125
123 126 124
127 126 123
117 127 123
127 128 126
129 128 127
117 130 127
129 127 130
117 116 130
131 129 130
118 130 116
131 130 118
132 131 118
132 133 131
134 132 118
112 134 118
134 112 119
135 133 132
135 132 134
135 134 119
135 136 133
135 119 137
119 120 137
138 137 120
139 136 135
135 137 139
139 140 136
139 141 140
138 142 137
142 139 137
142 138 143
139 144 141
142 144 139
144 145 141
144 146 145
142 146 144
147 145 146
147 146 148
142 143 149
142 149 146
149 148 146
149 150 148
149 143 151
149 151 150
151 152 150
151 153 152
154 152 153
154 153 155
155 156 154
157 158 155
159 160 161
162 163 164
165 164 166
167 165 168
167 169 165
170 165 169
171 169 172
173 171 174
174 171 175
174 175 176
176 175 177
176 177 178
179 180 181
182 183 184
182 185 186
182 186 187
187 186 188
187 189 182
187 188 190
191 189 187
187 190 191
191 192 189
192 191 193
193 191 194
191 190 195
195 194 191
192 193 196
197 194 195
197 198 194
193 199 196
200 194 198
200 198 201
194 200 202
194 202 203
193 194 203
202 204 203
204 193 203
202 205 204
193 206 199
204 206 193
207 204 205
207 205 208
209 199 206
209 210 199
211 210 209
212 206 204
209 206 212
212 204 207
208 213 207
208 214 213
211 209 215
212 215 209
216 211 215
216 217 211
207 218 212
212 218 215
207 213 218
218 216 215
219 213 214
219 214 220
213 221 218
218 221 216
213 219 221
220 222 219
220 223 222
219 224 221
219 222 224
225 222 223
222 225 224
225 223 226
227 221 224
227 216 221
224 225 228
224 228 227
229 225 226
229 226 230
231 228 225
231 225 229
227 228 232
231 232 228
233 216 227
227 232 233
234 229 230
234 230 235
229 236 231
229 234 236
233 237 216
237 217 216
237 238 217
239 238 237
233 239 237
239 240 238
241 233 232
241 239 233
240 239 242
242 239 241
240 242 243
242 241 244
231 245 232
245 241 232
246 244 241
246 241 245
246 247 244
248 247 246
231 249 245
231 236 249
248 246 250
250 251 248
252 246 245
252 245 249
250 246 252
236 253 249
249 254 252
249 253 254
236 255 253
255 236 234
250 256 251
250 252 257
257 256 250
252 254 258
252 258 257
258 259 257
260 257 259
260 256 257
261 251 256
260 261 256
261 262 251
261 260 263
258 254 264
258 264 265
253 264 254
253 266 264
266 253 255
266 255 267
268 262 261
261 263 268
268 269 262
268 263 270
271 267 255
271 272 267
255 234 271
272 271 273
271 234 273
273 234 235
273 235 274
269 268 275
268 270 275
269 275 276
270 277 275
276 275 277
276 277 278
278 279 276
278 277 280
278 281 279
281 282 279
278 280 283
283 281 278
284 283 280
284 280 285
281 286 282
287 282 286
283 288 281
284 288 283
289 284 285
289 285 290
291 284 289
284 291 288
291 289 292
281 288 293
293 288 291
281 293 286
294 291 292
293 291 294
294 292 295
296 294 295
296 297 294
293 294 297
298 297 296
286 293 299
293 297 299
298 300 297
300 299 297
286 299 301
287 286 301
302 287 301
301 299 303
300 303 299
304 303 300
302 301 305
301 303 305
306 302 305
306 305 307
308 305 303
308 307 305
304 308 303
308 309 307
309 308 304
309 304 310
311 310 304
311 304 312
312 313 311
314 304 300
304 314 312
315 314 300
315 312 314
298 315 300
298 316 315
317 315 316
315 317 312
317 316 318
312 319 313
317 319 312
320 313 319
321 317 318
317 321 319
321 318 322
321 322 323
320 319 324
324 319 321
324 325 320
321 323 326
324 321 326
326 323 327
326 327 328
324 326 328
329 328 327
329 330 328
324 331 325
324 328 331
331 328 330
331 330 332
331 333 325
331 332 333
333 332 334
333 334 335
336 335 334
336 337 335
337 336 338
339 337 340
341 342 343
344 345 346
347 348 345
347 349 350
347 351 349
352 351 347
353 354 351
355 356 353
356 357 353
356 358 357
358 359 357
358 360 359
361 362 363
364 365 366
364 367 365
368 365 367
367 364 369
368 367 370
370 371 368
370 372 371
372 373 371
372 374 373
374 375 373
374 376 375
377 375 376
377 376 378
378 379 377
378 380 379
381 379 380
381 380 382
383 382 380
382 384 381
385 380 378
383 380 385
386 378 376
385 378 386
374 387 376
386 376 387
372 388 374
374 388 387
382 389 384
383 389 382
390 384 389
390 391 384
391 390 392
391 392 393
394 393 392
390 389 395
383 395 389
372 396 388
396 372 370
397 392 390
390 395 397
396 370 398
398 370 367
398 367 399
367 369 399
369 400 399
398 399 400
369 401 400
396 398 402
398 400 402
401 403 400
401 404 403
400 405 402
400 403 405
404 406 403
404 407 406
403 406 408
403 408 405
409 406 407
408 406 409
409 407 410
410 411 409
410 412 411
413 411 412
413 412 414
413 414 415
416 402 405
417 405 408
417 416 405
416 418 402
396 402 418
418 419 396
388 396 419
420 388 419
420 387 388
421 387 420
421 386 387
386 421 422
386 422 385
423 418 416
418 424 419
423 424 418
419 425 420
419 424 425
420 426 421
420 425 426
424 427 425
424 423 427
428 423 416
428 416 417
429 421 426
429 422 421
430 426 425
430 425 427
429 426 430
423 431 427
423 428 431
432 427 431
432 430 427
428 433 431
432 431 433
417 434 428
428 434 433
417 435 434
435 417 408
435 408 436
408 409 436
437 434 435
436 437 435
438 436 409
436 438 437
438 409 411
437 439 434
439 433 434
440 438 411
440 411 413
441 437 438
439 437 441
441 438 440
439 442 433
439 441 443
443 442 439
444 433 442
432 433 444
445 440 413
446 441 440
446 440 445
441 447 443
441 446 447
443 448 442
447 448 443
444 442 449
448 449 442
450 432 444
449 450 444
445 413 451
413 415 451
415 452 451
452 445 451
415 453 452
452 454 445
446 445 454
446 454 455
447 446 455
447 455 456
457 447 456
457 456 458
447 457 448
458 459 457
458 460 459
461 448 457
461 457 459
462 459 460
461 459 462
462 460 463
464 448 461
448 464 449
461 462 465
465 464 461
463 466 462
465 462 466
463 467 466
468 466 467
464 469 449
449 469 450
465 470 464
464 470 469
468 471 466
465 466 472
466 471 472
465 473 470
465 472 473
474 469 470
474 470 473
475 450 469
475 469 474
468 476 471
468 477 476
478 476 477
478 477 479
479 480 478
479 481 480
481 482 480
481 483 482
484 482 483
484 483 485
486 484 485
486 485 487
487 488 486
487 489 488
488 489 490
484 486 491
491 486 488
482 484 492
484 491 492
493 480 482
482 492 493
478 480 494
493 494 480
488 490 495
496 495 490
496 497 495
491 488 498
495 498 488
499 495 497
495 499 498
499 497 500
492 491 501
498 501 491
502 493 492
492 501 502
503 499 500
503 500 504
505 498 499
498 505 501
505 499 503
506 503 504
506 504 507
502 508 493
508 494 493
509 502 501
509 501 505
503 510 505
503 506 510
511 506 507
511 507 512
513 508 502
509 513 502
505 510 514
505 514 509
515 510 506
515 506 511
512 516 511
512 517 516
518 510 515
518 514 510
519 515 511
519 518 515
519 511 516
517 520 516
517 521 520
520 521 522
523 514 518
519 523 518
516 524 519
516 520 524
519 524 523
509 514 525
523 525 514
520 522 526
526 522 527
528 524 520
528 520 526
526 527 529
529 528 526
530 529 527
524 531 523
524 528 531
530 532 529
532 530 533
534 528 529
531 528 534
532 534 529
523 531 535
523 535 525
532 533 536
536 533 537
532 538 534
536 538 532
531 534 539
531 539 535
538 539 534
540 539 538
536 537 541
541 537 542
541 542 543
536 544 538
544 536 541
540 538 544
545 541 543
544 541 545
540 544 545
545 543 546
546 547 545
540 545 547
546 548 547
548 549 547
549 540 547
548 550 549
549 550 551
540 552 539
552 535 539
549 553 540
553 552 540
549 551 554
554 553 549
394 554 551
552 555 535
525 535 555
553 556 552
556 555 552
394 557 554
394 392 557
554 558 553
557 558 554
556 553 558
525 555 559
509 525 559
513 509 559
392 560 557
557 560 558
556 561 555
559 555 561
556 558 562
560 562 558
561 556 562
513 559 563
559 561 563
392 564 560
397 564 392
560 565 562
565 560 564
563 566 513
513 566 508
567 563 561
563 567 566
561 562 568
568 562 565
567 561 568
566 569 508
508 569 494
568 565 570
570 567 568
571 570 565
565 564 572
571 565 572
564 573 572
571 572 573
564 397 573
567 574 566
566 574 569
570 575 567
571 575 570
567 575 574
576 494 569
478 494 576
476 478 576
577 569 574
576 569 577
578 574 575
577 574 578
476 576 579
577 579 576
476 579 580
476 580 471
577 581 579
581 577 578
581 580 579
578 575 582
571 582 575
583 471 580
583 472 471
581 578 584
584 578 582
581 585 580
585 583 580
585 581 584
472 583 586
585 586 583
472 586 473
587 473 586
587 586 585
587 474 473
587 585 588
585 584 588
589 474 587
589 587 588
584 589 588
475 474 589
584 582 590
590 589 584
591 475 589
590 591 589
592 590 582
591 590 592
592 582 571
591 593 475
450 475 593
591 592 594
594 593 591
595 592 571
595 594 592
571 573 595
573 596 595
595 596 594
597 594 596
450 593 598
450 598 432
430 432 598
430 598 599
593 599 598
429 430 599
597 429 599
594 600 593
593 600 599
597 599 600
597 600 594
573 601 596
397 601 573
397 395 601
602 601 395
383 602 395
596 601 603
602 603 601
383 604 602
603 602 604
383 605 604
383 385 605
605 606 604
603 604 606
607 605 385
605 607 606
607 385 422
596 603 608
608 597 596
603 606 609
603 609 608
609 606 607
608 609 597
422 610 607
609 607 610
610 597 609
422 429 610
610 429 597
611 612 613
611 613 614
615 611 614
614 613 616
615 614 617
617 618 615
614 616 619
619 616 620
621 617 614
621 614 619
622 621 619
619 620 623
622 619 623
623 620 624
623 624 625
622 623 625
622 625 626
626 627 622
617 628 618
621 628 617
629 618 628
629 630 618
631 629 628
631 628 632
621 632 628
629 633 630
621 634 632
622 634 621
634 631 632
622 627 635
622 635 634
627 636 635
627 637 636
635 638 634
634 638 631
635 636 638
637 639 636
637 640 639
641 639 640
642 638 636
638 642 631
642 636 639
643 642 639
641 644 639
643 639 644
645 644 641
645 646 644
643 644 646
647 646 645
647 648 646
648 647 649
648 649 650
650 649 651
652 650 651
646 648 653
643 646 654
646 653 654
648 650 655
648 655 653
652 656 650
657 656 652
657 652 658
650 656 659
650 659 655
659 656 657
660 657 658
660 658 661
660 662 657
659 657 662
661 663 660
660 663 662
661 664 663
664 665 663
662 663 665
662 665 666
667 662 666
667 659 662
668 659 667
668 655 659
668 669 655
655 669 653
653 669 670
671 653 670
671 654 653
672 654 671
672 643 654
643 672 673
643 673 674
674 642 643
674 673 675
674 676 642
631 642 676
674 675 677
677 675 678
679 676 674
679 674 677
631 676 680
679 680 676
677 678 681
681 678 682
677 681 683
677 683 679
684 679 683
681 682 685
683 681 685
686 685 682
631 680 687
687 629 631
679 688 680
684 688 679
687 689 629
629 689 633
680 690 687
680 688 690
689 687 690
633 689 691
690 691 689
633 691 692
688 693 690
688 684 693
690 693 691
694 693 684
692 691 695
692 695 696
697 696 695
693 698 691
695 691 698
693 694 698
697 695 699
699 695 698
700 697 699
699 698 701
701 698 694
700 699 702
701 702 699
702 703 700
702 704 703
703 704 705
706 705 704
701 707 702
704 702 707
706 704 708
708 709 706
701 694 710
707 701 710
708 704 711
704 707 711
712 709 708
712 713 709
708 711 714
712 708 714
715 713 712
715 716 713
717 716 715
715 718 717
717 719 716
720 719 717
718 720 717
720 721 719
721 720 722
718 722 720
721 722 723
722 724 723
722 725 724
718 725 722
725 726 724
725 727 726
718 727 725
728 726 727
728 727 729
729 727 718
729 730 728
715 731 718
729 718 731
712 731 715
712 732 731
729 731 732
712 714 732
729 732 733
729 733 730
714 733 732
734 730 733
714 734 733
734 735 730
734 714 711
734 736 735
734 711 737
737 736 734
737 738 736
707 737 711
738 737 739
707 740 737
739 737 740
739 740 741
707 710 740
742 741 740
742 740 710
743 742 710
743 744 742
744 743 745
743 710 694
745 743 694
744 745 746
747 745 694
694 684 747
746 745 748
746 748 749
748 750 749
751 750 748
751 752 750
751 753 752
751 754 753
751 755 754
754 756 753
757 756 754
755 757 754
757 758 756
757 759 758
760 751 748
751 760 755
745 761 748
760 748 761
762 755 760
762 760 761
745 763 761
747 763 745
764 763 747
684 764 747
761 763 765
764 765 763
762 761 766
761 765 766
684 767 764
767 768 764
684 683 767
769 765 764
769 764 768
770 765 769
770 766 765
770 769 771
771 769 768
770 772 766
766 772 773
766 773 762
771 768 774
762 773 775
768 776 774
777 762 775
777 775 778
777 778 779
762 777 755
777 779 780
780 755 777
780 779 781
768 782 776
776 782 783
780 784 755
755 784 757
781 785 780
784 780 785
781 786 785
787 757 784
757 787 759
788 785 786
788 786 789
784 785 790
787 784 790
790 785 788
759 787 791
759 791 792
787 790 793
790 788 793
787 793 791
794 788 789
793 788 794
794 789 795
792 791 796
793 796 791
792 796 797
793 794 798
795 798 794
793 798 796
798 797 796
795 799 798
798 799 797
800 801 802
800 803 801
804 803 800
803 805 801
804 806 803
806 804 807
803 808 805
806 808 803
809 805 808
806 807 810
806 810 808
811 810 807
811 812 810
808 810 812
812 811 813
809 808 814
808 812 814
815 809 814
812 813 816
816 814 812
816 813 817
815 814 818
816 818 814
818 819 815
816 817 820
818 816 820
820 817 821
818 822 819
818 820 822
823 819 822
824 820 821
824 821 825
825 826 824
824 826 827
827 826 828
827 828 829
820 830 822
820 824 830
823 822 830
827 830 824
830 831 823
827 831 830
823 831 832
831 686 832
831 833 686
827 833 831
686 833 685
827 829 834
827 834 833
833 835 685
833 834 835
683 685 835
683 835 767
829 836 834
835 834 836
829 837 836
836 837 838
835 836 839
839 767 835
836 838 839
839 840 767
767 840 768
840 782 768
838 841 839
838 842 841
841 842 843
839 844 840
840 844 782
839 841 844
841 843 845
845 843 846
845 846 847
841 848 844
782 844 848
841 845 848
845 847 849
850 849 847
782 848 851
783 782 851
783 851 852
853 852 851
845 854 848
845 849 854
851 848 854
850 855 849
855 854 849
856 855 850
855 856 857
853 851 858
851 854 858
858 859 853
855 860 854
858 854 860
861 859 858
858 860 861
861 862 859
855 857 863
863 860 855
862 861 864
862 864 865
861 860 866
863 866 860
861 866 864
867 863 857
866 863 867
867 857 868
869 865 864
869 870 865
871 864 866
866 867 871
871 869 864
868 872 867
872 871 867
868 873 872
872 874 871
873 874 872
874 869 871
873 875 874
876 874 875
877 876 870
877 870 869
874 877 869
876 877 874
878 879 880
878 880 881
882 881 880
881 883 878
882 884 881
884 882 885
884 885 886
886 885 887
886 887 888
888 887 889
888 889 890
891 890 889
891 892 890
892 891 893
892 893 894
895 894 893
895 896 894
897 894 896
896 895 898
899 892 894
897 899 894
900 890 892
899 900 892
888 890 901
900 901 890
886 888 902
888 901 902
896 898 903
897 896 903
904 903 898
904 898 905
905 906 904
905 907 906
908 906 907
904 909 903
897 903 909
886 902 910
910 884 886
911 904 906
904 911 909
910 912 884
912 881 884
912 913 881
881 913 883
883 913 914
912 914 913
883 914 915
910 916 912
912 916 914
915 914 917
915 917 918
914 916 919
914 919 917
918 917 920
918 920 921
917 922 920
917 919 922
923 921 920
922 923 920
923 924 921
924 923 925
924 925 926
927 926 925
927 928 926
927 929 928
930 919 916
931 922 919
931 919 930
930 916 932
910 932 916
932 910 933
902 933 910
934 933 902
934 902 901
935 934 901
935 901 900
900 936 935
900 899 936
937 930 932
932 933 938
937 932 938
933 934 939
933 939 938
934 935 940
934 940 939
938 939 941
938 941 937
942 930 937
942 931 930
943 940 935
943 935 936
944 939 940
944 941 939
943 944 940
937 941 945
937 945 942
946 945 941
946 941 944
942 945 947
946 947 945
931 942 948
942 947 948
931 948 949
949 922 931
949 950 922
922 950 923
951 949 948
950 949 951
952 923 950
950 951 952
952 925 923
951 948 953
953 948 947
954 925 952
954 927 925
955 952 951
953 955 951
955 954 952
953 947 956
953 957 955
957 953 956
958 956 947
946 958 947
959 927 954
960 954 955
960 959 954
955 957 961
955 961 960
957 956 962
961 957 962
958 963 956
962 956 963
964 958 946
963 958 964
959 965 927
927 965 929
929 965 966
966 965 959
929 966 967
966 959 968
960 968 959
960 969 968
961 969 960
961 970 969
971 970 961
971 972 970
961 962 971
972 971 973
972 973 974
975 971 962
975 973 971
976 974 973
975 976 973
976 977 974
978 975 962
962 963 978
975 979 976
979 975 978
977 976 980
979 980 976
977 980 981
982 981 980
978 963 983
963 964 983
979 978 984
978 983 984
982 980 985
979 986 980
980 986 985
979 984 987
979 987 986
988 984 983
988 987 984
989 983 964
989 988 983
982 985 990
982 990 991
992 991 990
992 993 991
993 992 994
993 994 995
995 994 996
995 996 997
998 997 996
998 999 997
1000 999 998
1000 1001 999
1001 1000 1002
1001 1002 1003
1002 1004 1003
998 1005 1000
1005 1002 1000
996 1006 998
998 1006 1005
1007 996 994
996 1007 1006
992 1008 994
1007 994 1008
1002 1009 1004
1010 1004 1009
1010 1009 1011
1005 1012 1002
1009 1002 1012
1013 1011 1009
1009 1012 1013
1013 1014 1011
1006 1015 1005
1012 1005 1015
1016 1006 1007
1006 1016 1015
1017 1014 1013
1017 1018 1014
1019 1013 1012
1012 1015 1019
1019 1017 1013
1020 1018 1017
1020 1021 1018
1016 1007 1022
1022 1007 1008
1023 1015 1016
1023 1019 1015
1017 1019 1024
1017 1024 1020
1025 1021 1020
1025 1026 1021
1027 1016 1022
1023 1016 1027
1019 1023 1028
1019 1028 1024
1029 1020 1024
1029 1025 1020
1026 1025 1030
1026 1030 1031
1032 1029 1024
1032 1024 1028
1033 1025 1029
1033 1029 1032
1033 1030 1025
1031 1030 1034
1031 1034 1035
1034 1036 1035
1037 1032 1028
1033 1032 1037
1030 1033 1038
1030 1038 1034
1033 1037 1038
1034 1039 1036
1039 1040 1036
1041 1034 1038
1041 1039 1034
1039 1042 1040
1042 1039 1041
1043 1040 1042
1038 1044 1041
1038 1037 1044
1037 1028 1045
1023 1045 1028
1043 1042 1046
1046 1047 1043
1048 1042 1041
1044 1048 1041
1046 1042 1048
1037 1049 1044
1037 1045 1049
1023 1050 1045
1027 1050 1023
1046 1051 1047
1051 1052 1047
1046 1048 1053
1051 1046 1053
1044 1054 1048
1044 1049 1054
1053 1048 1054
1055 1053 1054
1045 1056 1049
1045 1050 1056
1057 1054 1049
1055 1054 1057
1057 1049 1056
1051 1058 1052
1058 1059 1052
1058 1060 1059
1051 1053 1061
1061 1058 1051
1055 1061 1053
1062 1060 1058
1061 1062 1058
1055 1062 1061
1062 1063 1060
1063 1062 1064
1055 1064 1062
1063 1064 1065
1065 1064 1066
1066 1064 1055
1065 1066 1067
1066 1068 1067
1066 1055 1069
1069 1055 1057
1066 1070 1068
1070 1066 1069
908 1068 1070
1069 1057 1071
1071 1057 1056
908 1070 1072
908 1072 906
1070 1069 1073
1072 1070 1073
1071 1073 1069
1071 1056 1074
1050 1074 1056
906 1072 1075
1072 1073 1075
1071 1076 1073
1074 1076 1071
1075 1073 1076
906 1075 1077
911 906 1077
1075 1076 1078
1078 1077 1075
1050 1079 1074
1027 1079 1050
1074 1080 1076
1080 1078 1076
1079 1027 1081
1027 1022 1081
1082 1074 1079
1082 1080 1074
1079 1081 1082
1081 1022 1083
1022 1008 1083
1080 1084 1078
1084 1080 1082
1085 1078 1084
1078 1086 1077
1085 1086 1078
1077 1086 1087
1085 1087 1086
1077 1087 911
1082 1081 1088
1081 1083 1088
1084 1082 1089
1085 1084 1089
1082 1088 1089
1090 1083 1008
992 1090 1008
990 1090 992
1091 1088 1083
1090 1091 1083
1092 1089 1088
1091 1092 1088
990 1093 1090
1091 1090 1093
990 1094 1093
990 985 1094
1091 1093 1095
1095 1092 1091
1095 1093 1094
1092 1096 1089
1085 1089 1096
1097 1094 985
1097 985 986
1095 1098 1092
1098 1096 1092
1095 1094 1099
1099 1094 1097
1099 1098 1095
986 1100 1097
1099 1097 1100
986 987 1100
1101 1100 987
1101 1099 1100
1101 987 988
1101 1102 1099
1099 1102 1098
1103 1101 988
1103 1102 1101
1098 1102 1103
989 1103 988
1098 1104 1096
1104 1098 1103
1105 1103 989
1104 1103 1105
1106 1096 1104
1105 1106 1104
1106 1085 1096
1105 989 1107
964 1107 989
1105 1108 1106
1108 1105 1107
1109 1085 1106
1109 1106 1108
1085 1109 1087
1087 1109 1110
1109 1108 1110
1111 1110 1108
964 1112 1107
964 946 1112
944 1112 946
944 1113 1112
1107 1112 1113
943 1113 944
1111 1113 943
1108 1107 1114
1107 1113 1114
1111 1114 1113
1111 1108 1114
1087 1110 1115
911 1087 1115
911 1115 909
1116 909 1115
897 909 1116
1110 1117 1115
1116 1115 1117
897 1116 1118
1117 1118 1116
897 1118 1119
897 1119 899
1119 1118 1120
1117 1120 1118
1121 899 1119
1119 1120 1121
1121 936 899
1110 1122 1117
1122 1110 1111
1117 1123 1120
1117 1122 1123
1123 1121 1120
1122 1111 1123
936 1121 1124
1123 1124 1121
1124 1123 1111
936 1124 943
1124 1111 943
1125 1126 1127
1125 1128 1126
1129 1128 1125
1128 1130 1126
1129 1131 1128
1131 1129 1132
1128 1133 1130
1133 1134 1130
1135 1128 1131
1135 1133 1128
1136 1133 1135
1133 1137 1134
1136 1137 1133
1137 1138 1134
1137 1139 1138
1136 1139 1137
1136 1140 1139
1140 1136 1141
1131 1132 1142
1135 1131 1142
1143 1142 1132
1143 1132 1144
1145 1142 1143
1145 1146 1142
1135 1142 1146
1143 1144 1147
1135 1146 1148
1136 1135 1148
1148 1146 1145
1136 1149 1141
1136 1148 1149
1141 1149 1150
1141 1150 1151
1149 1148 1152
1148 1145 1152
1149 1152 1150
1151 1150 1153
1151 1153 1154
1155 1154 1153
1156 1150 1152
1152 1145 1156
1156 1153 1150
1157 1153 1156
1155 1153 1158
1157 1158 1153
1159 1155 1158
1159 1158 1160
1157 1160 1158
1161 1159 1160
1161 1160 1162
1162 1163 1161
1162 1164 1163
1164 1165 1163
1166 1165 1164
1160 1167 1162
1157 1168 1160
1160 1168 1167
1162 1169 1164
1162 1167 1169
1166 1164 1170
1171 1166 1170
1171 1172 1166
1164 1173 1170
1164 1169 1173
1173 1171 1170
1174 1172 1171
1174 1175 1172
1174 1171 1176
1173 1176 1171
1175 1174 1177
1174 1176 1177
1175 1177 1178
1178 1177 1179
1176 1179 1177
1176 1180 1179
1181 1180 1176
1181 1176 1173
1182 1181 1173
1182 1173 1169
1182 1169 1183
1169 1167 1183
1167 1184 1183
1185 1184 1167
1185 1167 1168
1186 1185 1168
1186 1168 1157
1157 1187 1186
1157 1188 1187
1188 1157 1156
1188 1189 1187
1188 1156 1190
1145 1190 1156
1188 1191 1189
1191 1192 1189
1193 1188 1190
1193 1191 1188
1145 1194 1190
1193 1190 1194
1191 1195 1192
1195 1196 1192
1191 1197 1195
1191 1193 1197
1198 1197 1193
1195 1199 1196
1197 1199 1195
1200 1196 1199
1145 1201 1194
1201 1145 1143
1193 1194 1202
1198 1193 1202
1201 1143 1203
1143 1147 1203
1194 1201 1204
1194 1204 1202
1203 1204 1201
1147 1205 1203
1204 1203 1205
1147 1206 1205
1202 1204 1207
1202 1207 1198
1204 1205 1207
1208 1198 1207
1206 1209 1205
1206 1210 1209
1211 1209 1210
1207 1205 1212
1209 1212 1205
1207 1212 1208
1211 1213 1209
1213 1212 1209
1214 1213 1211
1213 1215 1212
1215 1208 1212
1214 1216 1213
1215 1213 1216
1216 1214 1217
1216 1217 1218
1217 1219 1218
1220 1218 1219
1215 1216 1221
1218 1221 1216
1220 1222 1218
1222 1220 1223
1215 1224 1208
1221 1224 1215
1222 1225 1218
1218 1225 1221
1226 1222 1223
1226 1223 1227
1222 1228 1225
1226 1228 1222
1229 1226 1227
1229 1227 1230
1231 1229 1230
1229 1231 1232
1231 1230 1233
1234 1231 1233
1232 1231 1234
1234 1233 1235
1235 1236 1234
1232 1234 1236
1235 1237 1236
1236 1237 1238
1236 1238 1239
1232 1236 1239
1239 1238 1240
1239 1240 1241
1232 1239 1241
1242 1241 1240
1242 1243 1241
1243 1232 1241
1243 1242 1244
1229 1232 1245
1243 1245 1232
1226 1229 1245
1226 1245 1246
1243 1246 1245
1226 1246 1228
1243 1247 1246
1243 1244 1247
1228 1246 1247
1248 1247 1244
1228 1247 1248
1248 1244 1249
1248 1225 1228
1248 1249 1250
1248 1251 1225
1251 1248 1250
1251 1250 1252
1221 1225 1251
1252 1253 1251
1221 1251 1254
1253 1254 1251
1253 1255 1254
1221 1254 1224
1256 1254 1255
1256 1224 1254
1257 1224 1256
1257 1256 1258
1258 1259 1257
1257 1208 1224
1259 1208 1257
1258 1260 1259
1261 1208 1259
1208 1261 1198
1260 1262 1259
1260 1263 1262
1262 1263 1264
1265 1262 1264
1265 1264 1266
1265 1266 1267
1265 1267 1268
1265 1268 1269
1268 1267 1270
1271 1268 1270
1269 1268 1271
1271 1270 1272
1271 1272 1273
1274 1262 1265
1265 1269 1274
1259 1262 1275
1274 1275 1262
1276 1274 1269
1276 1275 1274
1259 1275 1277
1261 1259 1277
1278 1261 1277
1198 1261 1278
1275 1279 1277
1278 1277 1279
1276 1280 1275
1275 1280 1279
1198 1278 1281
1281 1278 1282
1198 1281 1197
1283 1278 1279
1283 1282 1278
1284 1283 1279
1284 1279 1280
1284 1285 1283
1285 1282 1283
1284 1280 1286
1280 1287 1286
1280 1276 1287
1285 1288 1282
1276 1289 1287
1282 1288 1290
1291 1289 1276
1291 1292 1289
1291 1293 1292
1276 1269 1291
1291 1294 1293
1294 1291 1269
1294 1295 1293
1282 1290 1296
1290 1297 1296
1294 1269 1298
1269 1271 1298
1295 1294 1299
1298 1299 1294
1295 1299 1300
1301 1298 1271
1271 1273 1301
1298 1302 1299
1301 1302 1298
1303 1300 1299
1302 1303 1299
1303 1304 1300
1273 1305 1301
1273 1306 1305
1301 1307 1302
1302 1307 1303
1301 1305 1307
1308 1304 1303
1307 1308 1303
1308 1309 1304
1306 1310 1305
1307 1305 1310
1306 1311 1310
1307 1312 1308
1309 1308 1312
1307 1310 1312
1312 1310 1311
1309 1312 1313
1312 1311 1313
1314 1315 1316
1314 1316 1317
1318 1314 1317
1317 1316 1319
1318 1317 1320
1320 1321 1318
1317 1319 1322
1320 1317 1322
1323 1322 1319
1320 1324 1321
1320 1322 1324
1325 1321 1324
1325 1324 1326
1322 1326 1324
1326 1327 1325
1323 1328 1322
1322 1328 1326
1329 1328 1323
1326 1330 1327
1330 1326 1328
1330 1331 1327
1329 1332 1328
1330 1328 1332
1332 1329 1333
1330 1334 1331
1332 1334 1330
1334 1335 1331
1332 1333 1336
1332 1336 1334
1337 1336 1333
1338 1335 1334
1338 1339 1335
1339 1338 1340
1338 1341 1340
1341 1342 1340
1341 1343 1342
1334 1336 1344
1334 1344 1338
1337 1344 1336
1341 1338 1344
1344 1337 1345
1341 1344 1345
1337 1346 1345
1345 1346 1200
1345 1200 1347
1341 1345 1347
1200 1199 1347
1341 1348 1343
1341 1347 1348
1347 1199 1349
1347 1349 1348
1197 1349 1199
1197 1281 1349
1343 1348 1350
1349 1350 1348
1343 1350 1351
1350 1352 1351
1349 1353 1350
1353 1349 1281
1350 1353 1352
1353 1281 1354
1281 1282 1354
1354 1282 1296
1352 1353 1355
1352 1355 1356
1355 1357 1356
1353 1354 1358
1354 1296 1358
1353 1358 1355
1355 1359 1357
1359 1360 1357
1359 1361 1360
1355 1358 1362
1296 1362 1358
1355 1362 1359
1359 1363 1361
1364 1361 1363
1296 1365 1362
1297 1365 1296
1297 1366 1365
1367 1365 1366
1359 1362 1368
1359 1368 1363
1365 1368 1362
1364 1363 1369
1369 1363 1368
1370 1364 1369
1369 1371 1370
1367 1372 1365
1365 1372 1368
1372 1367 1373
1369 1368 1374
1372 1374 1368
1375 1372 1373
1372 1375 1374
1375 1373 1376
1369 1377 1371
1377 1369 1374
1376 1378 1375
1376 1379 1378
1375 1380 1374
1377 1374 1380
1375 1378 1380
1381 1371 1377
1380 1381 1377
1381 1382 1371
1383 1378 1379
1383 1379 1384
1385 1380 1378
1380 1385 1381
1385 1378 1383
1382 1381 1386
1386 1381 1385
1382 1386 1387
1386 1385 1388
1387 1386 1388
1388 1385 1383
1387 1388 1389
1390 1389 1388
1391 1383 1384
1391 1384 1390
1388 1383 1391
1390 1388 1391
1392 1393 1394
1392 1394 1395
1395 1396 1392
1397 1395 1394
1395 1398 1396
1397 1399 1395
1398 1395 1399
1399 1397 1400
1398 1399 1401
1399 1400 1402
1401 1399 1402
1403 1402 1400
1401 1402 1404
1403 1405 1402
1405 1404 1402
1406 1405 1403
1405 1407 1404
1406 1408 1405
1408 1407 1405
1408 1409 1407
1410 1411 1412
1410 1413 1411
1413 1410 1414
1415 1411 1413
1413 1414 1416
1415 1413 1417
1416 1417 1413
1417 1418 1415
1416 1419 1417
1417 1420 1418
1419 1420 1417
1421 1418 1420
1419 1422 1420
1421 1420 1423
1423 1420 1422
1423 1424 1421
1423 1422 1425
1423 1426 1424
1426 1423 1425
1426 1425 1427
1428 1429 1430
1428 1431 1429
1431 1432 1429
1433 1431 1428
1433 1428 1434
1433 1434 1435
1431 1436 1432
1436 1431 1433
1437 1432 1436
1438 1437 1436
1433 1435 1439
1440 1439 1435
1436 1433 1441
1441 1433 1439
1438 1436 1442
1441 1442 1436
1440 1443 1439
1444 1443 1440
1441 1439 1445
1445 1439 1443
1444 1446 1443
1446 1444 1447
1438 1442 1448
1438 1448 1449
1448 1450 1449
1441 1451 1442
1451 1441 1445
1445 1443 1452
1446 1452 1443
1453 1442 1451
1453 1448 1442
1451 1445 1454
1454 1445 1452
1453 1451 1454
1455 1450 1448
1455 1456 1450
1448 1453 1457
1448 1457 1455
1453 1454 1458
1457 1453 1458
1454 1452 1459
1459 1458 1454
1446 1460 1452
1459 1452 1460
1461 1456 1455
1461 1462 1456
1455 1457 1463
1455 1463 1461
1457 1458 1464
1464 1463 1457
1459 1465 1458
1464 1458 1465
1466 1462 1461
1466 1467 1462
1468 1467 1466
1469 1461 1463
1469 1466 1461
1470 1466 1469
1468 1466 1471
1470 1471 1466
1472 1468 1471
1472 1471 1473
1473 1471 1470
1474 1472 1473
1464 1475 1463
1469 1463 1475
1474 1473 1476
1477 1474 1476
1473 1470 1478
1476 1473 1478
1477 1476 1479
1480 1477 1479
1475 1464 1481
1464 1465 1481
1469 1475 1482
1470 1469 1482
1475 1481 1483
1482 1475 1483
1476 1478 1484
1484 1479 1476
1480 1479 1485
1486 1480 1485
1486 1485 1487
1485 1488 1487
1484 1489 1479
1489 1485 1479
1485 1490 1488
1489 1490 1485
1491 1488 1490
1478 1492 1484
1489 1484 1492
1493 1490 1489
1489 1492 1493
1491 1490 1494
1493 1494 1490
1478 1495 1492
1495 1478 1470
1496 1491 1494
1496 1497 1491
1498 1493 1492
1498 1492 1495
1494 1493 1499
1494 1499 1496
1498 1499 1493
1495 1470 1500
1470 1482 1500
1501 1497 1496
1501 1502 1497
1501 1503 1502
1498 1495 1504
1504 1495 1500
1505 1499 1498
1504 1505 1498
1496 1499 1506
1496 1506 1501
1505 1506 1499
1500 1482 1507
1482 1483 1507
1504 1500 1508
1500 1507 1508
1504 1509 1505
1509 1504 1508
1510 1506 1505
1509 1510 1505
1511 1501 1506
1510 1512 1506
1506 1512 1511
1511 1513 1501
1501 1513 1503
1503 1513 1514
1503 1514 1515
1515 1514 1516
1515 1516 1517
1516 1518 1517
1513 1511 1519
1513 1519 1514
1520 1511 1512
1520 1519 1511
1521 1516 1514
1521 1514 1519
1516 1522 1518
1522 1523 1518
1522 1524 1523
1525 1524 1522
1525 1526 1524
1526 1525 1527
1526 1527 1528
1529 1528 1527
1529 1530 1528
1531 1530 1529
1531 1532 1530
1531 1533 1532
1534 1532 1533
1529 1535 1531
1533 1531 1535
1534 1533 1536
1536 1537 1534
1538 1529 1527
1529 1538 1535
1533 1535 1539
1536 1533 1539
1536 1540 1537
1541 1537 1540
1536 1539 1542
1542 1540 1536
1543 1539 1535
1543 1542 1539
1541 1540 1544
1544 1545 1541
1544 1546 1545
1542 1547 1540
1544 1540 1547
1546 1544 1548
1544 1547 1548
1546 1548 1549
1550 1547 1542
1543 1550 1542
1551 1548 1547
1550 1551 1547
1549 1548 1552
1551 1552 1548
1549 1552 1553
1552 1447 1553
1552 1554 1447
1446 1447 1554
1460 1446 1554
1552 1555 1554
1552 1551 1555
1460 1554 1555
1551 1550 1556
1551 1556 1555
1555 1557 1460
1555 1556 1557
1459 1460 1557
1465 1459 1557
1550 1558 1556
1550 1543 1558
1559 1557 1556
1465 1557 1559
1559 1556 1558
1560 1558 1543
1559 1558 1560
1465 1559 1561
1559 1560 1561
1465 1561 1481
1561 1483 1481
1561 1562 1483
1562 1507 1483
1561 1563 1562
1561 1560 1563
1562 1564 1507
1563 1564 1562
1508 1507 1564
1560 1543 1565
1565 1543 1535
1538 1565 1535
1566 1560 1565
1538 1566 1565
1566 1563 1560
1566 1538 1567
1538 1527 1567
1563 1566 1568
1566 1567 1568
1569 1567 1527
1525 1569 1527
1508 1564 1570
1509 1508 1570
1563 1571 1564
1563 1568 1571
1568 1567 1572
1569 1572 1567
1573 1509 1570
1509 1573 1510
1574 1570 1564
1574 1564 1571
1573 1570 1574
1571 1568 1575
1571 1575 1574
1568 1572 1575
1525 1576 1569
1576 1525 1522
1576 1522 1577
1522 1516 1577
1578 1569 1576
1577 1578 1576
1579 1577 1516
1577 1579 1578
1579 1516 1521
1569 1580 1572
1578 1580 1569
1579 1581 1578
1581 1580 1578
1521 1582 1579
1579 1582 1581
1580 1583 1572
1575 1572 1583
1581 1584 1580
1580 1584 1583
1575 1583 1585
1585 1583 1584
1586 1584 1581
1582 1586 1581
1521 1587 1582
1587 1521 1519
1588 1575 1585
1588 1574 1575
1588 1573 1574
1585 1584 1589
1589 1588 1585
1586 1589 1584
1589 1590 1588
1588 1590 1573
1586 1590 1589
1573 1590 1591
1586 1591 1590
1573 1591 1510
1512 1510 1591
1582 1592 1586
1592 1591 1586
1587 1592 1582
1587 1519 1593
1587 1593 1592
1520 1593 1519
1520 1592 1593
1512 1591 1594
1520 1512 1594
1592 1594 1591
1520 1594 1592
1595 1596 1597
1595 1597 1598
1598 1597 1599
1600 1595 1598
1600 1601 1595
1600 1602 1601
1598 1599 1603
1603 1600 1598
1599 1604 1603
1600 1605 1602
1606 1602 1605
1604 1607 1603
1604 1608 1607
1603 1609 1600
1609 1605 1600
1609 1603 1607
1606 1605 1610
1611 1606 1610
1609 1612 1605
1612 1610 1605
1611 1610 1613
1613 1614 1611
1608 1615 1607
1608 1616 1615
1616 1617 1615
1609 1607 1618
1618 1612 1609
1612 1619 1610
1613 1610 1619
1620 1618 1607
1620 1607 1615
1618 1621 1612
1621 1619 1612
1620 1621 1618
1622 1615 1617
1622 1617 1623
1615 1624 1620
1615 1622 1624
1620 1625 1621
1624 1625 1620
1621 1626 1619
1626 1621 1625
1613 1619 1627
1626 1627 1619
1628 1622 1623
1628 1623 1629
1622 1630 1624
1622 1628 1630
1624 1631 1625
1631 1624 1630
1626 1625 1632
1631 1632 1625
1633 1628 1629
1633 1629 1634
1635 1633 1634
1636 1630 1628
1636 1628 1633
1637 1636 1633
1635 1638 1633
1637 1633 1638
1638 1635 1639
1638 1639 1640
1640 1637 1638
1640 1639 1641
1631 1630 1642
1636 1642 1630
1640 1641 1643
1643 1641 1644
1640 1645 1637
1643 1645 1640
1643 1644 1646
1646 1644 1647
1642 1648 1631
1631 1648 1632
1636 1649 1642
1637 1649 1636
1642 1650 1648
1649 1650 1642
1643 1651 1645
1651 1643 1646
1646 1647 1652
1652 1647 1653
1652 1653 1654
1652 1654 1655
1651 1646 1656
1656 1646 1652
1652 1655 1657
1656 1652 1657
1658 1657 1655
1645 1651 1659
1656 1659 1651
1660 1656 1657
1656 1660 1659
1658 1661 1657
1660 1657 1661
1645 1659 1662
1662 1637 1645
1663 1661 1658
1663 1658 1664
1665 1659 1660
1665 1662 1659
1661 1666 1660
1661 1663 1666
1665 1660 1666
1662 1667 1637
1637 1667 1649
1668 1663 1664
1668 1664 1669
1668 1669 1670
1665 1671 1662
1671 1667 1662
1672 1665 1666
1671 1665 1672
1663 1673 1666
1663 1668 1673
1672 1666 1673
1667 1674 1649
1649 1674 1650
1671 1675 1667
1667 1675 1674
1671 1672 1676
1676 1675 1671
1677 1672 1673
1676 1672 1677
1668 1670 1678
1679 1673 1668
1679 1668 1678
1670 1680 1678
1670 1681 1680
1681 1682 1680
1681 1683 1682
1682 1683 1684
1678 1680 1685
1678 1685 1679
1673 1679 1686
1677 1673 1686
1687 1680 1682
1687 1685 1680
1682 1684 1688
1688 1684 1689
1688 1689 1690
1691 1679 1685
1691 1686 1679
1692 1688 1690
1692 1690 1693
1693 1694 1692
1693 1695 1694
1696 1694 1695
1696 1695 1697
1698 1696 1697
1698 1697 1699
1698 1699 1700
1701 1700 1699
1696 1698 1702
1700 1702 1698
1701 1703 1700
1703 1701 1704
1705 1694 1696
1696 1702 1705
1700 1706 1702
1703 1706 1700
1703 1704 1707
1708 1707 1704
1703 1709 1706
1709 1703 1707
1710 1702 1706
1710 1706 1709
1708 1711 1707
1711 1708 1712
1711 1712 1713
1709 1707 1714
1711 1714 1707
1713 1715 1711
1711 1715 1714
1713 1716 1715
1717 1709 1714
1710 1709 1717
1716 1718 1715
1716 1719 1718
1718 1719 1614
1720 1714 1715
1717 1714 1720
1720 1715 1718
1718 1614 1721
1613 1721 1614
1627 1721 1613
1718 1721 1722
1718 1722 1720
1627 1722 1721
1720 1723 1717
1720 1722 1723
1722 1627 1724
1722 1724 1723
1626 1724 1627
1632 1724 1626
1717 1723 1725
1717 1725 1710
1726 1723 1724
1632 1726 1724
1726 1725 1723
1727 1710 1725
1726 1727 1725
1632 1728 1726
1726 1728 1727
1632 1648 1728
1728 1648 1650
1728 1650 1729
1729 1650 1674
1728 1729 1730
1728 1730 1727
1729 1674 1731
1730 1729 1731
1675 1731 1674
1727 1732 1710
1732 1702 1710
1705 1702 1732
1733 1732 1727
1705 1732 1733
1733 1727 1730
1733 1734 1705
1705 1734 1694
1730 1735 1733
1733 1735 1734
1736 1694 1734
1692 1694 1736
1675 1737 1731
1676 1737 1675
1730 1731 1738
1730 1738 1735
1735 1739 1734
1736 1734 1739
1740 1737 1676
1676 1677 1740
1741 1731 1737
1741 1738 1731
1740 1741 1737
1738 1742 1735
1738 1741 1742
1735 1742 1739
1692 1736 1743
1743 1688 1692
1743 1744 1688
1688 1744 1682
1745 1743 1736
1744 1743 1745
1746 1682 1744
1744 1745 1746
1746 1687 1682
1736 1739 1747
1745 1736 1747
1746 1745 1748
1748 1745 1747
1687 1746 1749
1746 1748 1749
1747 1739 1750
1742 1750 1739
1748 1747 1751
1747 1750 1751
1742 1752 1750
1752 1751 1750
1753 1748 1751
1749 1748 1753
1687 1749 1754
1754 1685 1687
1755 1752 1742
1755 1742 1741
1755 1741 1740
1752 1756 1751
1756 1752 1755
1753 1751 1756
1756 1755 1757
1755 1740 1757
1753 1756 1757
1740 1758 1757
1753 1757 1758
1740 1677 1758
1686 1758 1677
1749 1753 1759
1759 1753 1758
1754 1749 1759
1686 1760 1758
1759 1758 1760
1691 1760 1686
1691 1759 1760
1754 1759 1761
1691 1761 1759
1754 1761 1685
1691 1685 1761
1762 1763 1764
1763 1765 1764
1762 1766 1763
1766 1762 1767
1766 1767 1768
1768 1767 1769
1768 1769 1770
1771 1770 1769
1772 1766 1768
1770 1772 1768
1771 1773 1770
1774 1773 1771
1770 1775 1772
1773 1775 1770
1763 1776 1765
1777 1765 1776
1778 1765 1777
1777 1779 1778
1780 1779 1777
1780 1777 1781
1782 1763 1766
1763 1782 1776
1781 1777 1783
1784 1781 1783
1785 1777 1776
1783 1777 1785
1785 1776 1782
1784 1783 1786
1785 1786 1783
1787 1784 1786
1782 1766 1788
1772 1788 1766
1785 1782 1789
1788 1789 1782
1787 1786 1790
1791 1787 1790
1785 1792 1786
1792 1785 1789
1792 1790 1786
1793 1788 1772
1788 1793 1789
1791 1790 1794
1794 1795 1791
1794 1796 1795
1796 1794 1797
1796 1797 1798
1799 1794 1790
1792 1799 1790
1799 1797 1794
1792 1789 1800
1799 1792 1800
1800 1789 1793
1799 1800 1801
1801 1797 1799
1793 1772 1802
1775 1802 1772
1800 1793 1803
1801 1800 1803
1797 1804 1798
1805 1798 1804
1806 1805 1804
1793 1802 1807
1793 1807 1803
1808 1803 1807
1801 1803 1809
1808 1809 1803
1801 1810 1797
1809 1810 1801
1806 1804 1811
1812 1806 1811
1813 1804 1797
1813 1797 1810
1804 1813 1814
1804 1814 1811
1810 1814 1813
1815 1810 1809
1815 1809 1808
1812 1811 1816
1816 1811 1814
1810 1817 1814
1815 1817 1810
1818 1812 1816
1818 1819 1812
1816 1814 1820
1820 1814 1817
1820 1818 1816
1819 1818 1821
1819 1821 1822
1823 1822 1821
1820 1817 1824
1815 1824 1817
1820 1825 1818
1821 1818 1825
1824 1825 1820
1824 1826 1825
1815 1827 1824
1827 1826 1824
1821 1825 1828
1826 1828 1825
1823 1821 1829
1829 1821 1828
1823 1829 1830
1823 1830 1831
1829 1828 1832
1832 1830 1829
1827 1815 1833
1815 1808 1833
1826 1834 1828
1832 1828 1834
1831 1830 1835
1831 1835 1836
1835 1837 1836
1835 1838 1837
1839 1837 1838
1839 1838 1840
1841 1840 1838
1840 1842 1839
1835 1843 1838
1841 1838 1843
1830 1844 1835
1835 1844 1843
1832 1845 1830
1830 1845 1844
1840 1846 1842
1841 1846 1840
1846 1847 1842
1841 1847 1846
1842 1847 1848
1849 1848 1847
1841 1849 1847
1848 1849 1850
1850 1849 1851
1841 1851 1849
1850 1851 1852
1853 1851 1841
1852 1851 1853
1853 1841 1843
1852 1853 1854
1855 1843 1844
1855 1853 1843
1854 1853 1855
1845 1855 1844
1854 1855 1856
1857 1856 1855
1845 1857 1855
1857 1858 1856
1859 1858 1857
1860 1857 1845
1859 1857 1860
1860 1845 1832
1861 1859 1860
1832 1834 1860
1861 1860 1834
1862 1861 1834
1862 1834 1826
1863 1862 1826
1863 1826 1864
1864 1826 1827
1865 1863 1864
1865 1864 1827
1865 1866 1863
1827 1833 1865
1866 1865 1867
1867 1865 1833
1866 1867 1868
1867 1833 1869
1869 1833 1808
1870 1868 1867
1870 1867 1869
1870 1871 1868
1871 1870 1872
1871 1872 1873
1874 1873 1872
1870 1869 1875
1875 1872 1870
1869 1808 1876
1875 1869 1876
1808 1877 1876
1877 1808 1807
1875 1876 1878
1878 1876 1877
1875 1879 1872
1878 1879 1875
1874 1872 1880
1880 1872 1879
1874 1880 1881
1874 1881 1882
1882 1881 1883
1883 1884 1882
1877 1807 1885
1878 1877 1886
1886 1877 1885
1807 1887 1885
1885 1887 1888
1807 1802 1887
1887 1802 1889
1775 1889 1802
1890 1889 1775
1891 1887 1889
1891 1888 1887
1890 1891 1889
1886 1885 1892
1885 1888 1892
1890 1775 1893
1773 1893 1775
1893 1773 1894
1774 1894 1773
1895 1890 1893
1893 1894 1895
1774 1896 1894
1774 1897 1896
1898 1896 1897
1894 1899 1895
1894 1896 1899
1898 1900 1896
1900 1899 1896
1901 1900 1898
1895 1902 1890
1902 1895 1899
1901 1903 1900
1903 1901 1904
1903 1904 1905
1906 1905 1904
1900 1907 1899
1908 1900 1903
1908 1907 1900
1903 1905 1909
1903 1909 1908
1906 1910 1905
1910 1909 1905
1902 1899 1911
1907 1911 1899
1912 1910 1906
1912 1906 1913
1914 1912 1913
1914 1915 1912
1916 1915 1914
1916 1917 1915
1918 1915 1917
1917 1916 1919
1917 1919 1920
1920 1918 1917
1921 1920 1919
1922 1912 1915
1918 1922 1915
1923 1910 1912
1922 1923 1912
1921 1924 1920
1920 1924 1918
1925 1924 1921
1918 1924 1925
1925 1921 1926
1927 1925 1926
1918 1925 1927
1927 1926 1928
1918 1927 1929
1928 1929 1927
1918 1929 1922
1928 1930 1929
1922 1929 1931
1930 1931 1929
1922 1931 1923
1932 1923 1931
1930 1933 1931
1933 1932 1931
1933 1934 1932
1932 1934 1935
1932 1936 1923
1923 1936 1910
1910 1936 1909
1909 1936 1932
1932 1935 1937
1909 1932 1937
1938 1937 1935
1908 1909 1937
1938 1939 1937
1908 1937 1939
1939 1907 1908
1940 1939 1938
1939 1941 1907
1940 1941 1939
1907 1941 1911
1911 1941 1940
1911 1940 1942
1911 1942 1943
1911 1943 1902
1944 1902 1943
1944 1943 1945
1944 1890 1902
1944 1945 1946
1890 1944 1947
1944 1946 1947
1891 1890 1947
1948 1947 1946
1948 1946 1949
1891 1947 1950
1888 1891 1950
1951 1950 1947
1951 1947 1948
1948 1952 1951
1949 1953 1948
1948 1953 1952
1949 1954 1953
1953 1954 1955
1951 1956 1950
1888 1950 1956
1953 1955 1957
1952 1953 1957
1951 1958 1956
1952 1958 1951
1955 1959 1957
1955 1960 1959
1961 1959 1960
1956 1962 1888
1888 1962 1963
1963 1892 1888
1964 1956 1958
1964 1965 1956
1965 1962 1956
1965 1966 1962
1967 1962 1966
1967 1963 1962
1968 1964 1958
1968 1969 1964
1970 1969 1968
1952 1968 1958
1970 1968 1971
1971 1968 1952
1972 1970 1971
1967 1973 1963
1967 1974 1973
1975 1973 1974
1971 1952 1976
1952 1957 1976
1957 1977 1976
1977 1971 1976
1957 1959 1977
1972 1971 1978
1977 1978 1971
1972 1978 1979
1977 1979 1978
1972 1979 1980
1959 1981 1977
1977 1981 1979
1980 1979 1982
1980 1982 1983
1984 1983 1982
1979 1985 1982
1979 1981 1985
1981 1986 1985
1959 1987 1981
1981 1987 1986
1961 1987 1959
1986 1987 1961
1986 1961 1988
1986 1988 1989
1984 1982 1990
1990 1982 1985
1991 1984 1990
1986 1992 1985
1990 1985 1992
1986 1989 1993
1986 1993 1992
1993 1989 1994
1991 1990 1995
1995 1990 1992
1996 1991 1995
1997 1992 1993
1995 1992 1997
1993 1994 1998
1997 1993 1998
1999 1998 1994
1995 1997 2000
2000 1997 1998
1999 2001 1998
2000 1998 2001
2002 2001 1999
2002 2000 2001
2000 2002 1996
1996 1995 2003
1995 2000 2003
2000 1996 2003
2004 2005 1975
1975 2005 1973
2004 2006 2005
1973 2005 2007
2007 2005 2006
2004 2008 2006
2004 2009 2008
2010 2008 2009
1973 2007 2011
2011 1963 1973
2011 2012 1963
1963 2012 1892
1892 2012 2013
2011 2013 2012
1892 2013 1886
2007 2006 2014
2011 2007 2015
2015 2007 2014
2006 2008 2016
2006 2016 2014
2008 2017 2016
2010 2018 2008
2008 2018 2017
2019 2018 2010
2017 2018 2019
2019 2010 2020
2021 2019 2020
2014 2016 2022
2017 2022 2016
2011 2023 2013
2011 2015 2023
2015 2014 2024
2014 2022 2024
2021 2025 2019
2025 2021 2026
2023 2015 2027
2027 2015 2024
2023 2027 2028
2027 2024 2029
2030 2029 2024
2030 2024 2022
2023 2028 2031
2023 2031 2013
2022 2032 2030
2031 2033 2013
2031 2034 2033
2033 1886 2013
2035 2033 2034
1886 2033 2036
2035 2036 2033
1878 1886 2036
2022 2037 2032
2017 2037 2022
2032 2037 2038
2038 2037 2017
2032 2038 2039
2040 2039 2038
2038 2017 2041
2017 2019 2041
2040 2038 2042
2041 2042 2038
2043 2040 2042
2019 2044 2041
2041 2044 2042
2042 2044 2045
2019 2025 2044
2025 2045 2044
2043 2042 2046
2042 2045 2046
2046 2047 2043
2046 2048 2047
2048 2046 2045
2049 2047 2048
2049 2048 2050
2048 2045 2050
2049 2050 2051
2051 2050 2045
2049 2051 2052
2025 2053 2045
2051 2045 2053
2052 2051 2053
2025 2026 2053
2052 2053 2026
1878 2054 1879
1878 2036 2054
2054 2055 1879
1880 1879 2055
2036 2056 2054
2054 2056 2055
1880 2055 2057
1880 2057 1881
2036 2058 2056
2059 2056 2058
2058 2036 2035
2058 2035 2060
2060 2059 2058
2060 2061 2059
2059 2061 2062
2055 2056 2063
2055 2063 2057
2059 2063 2056
1881 2057 2064
1881 2064 1883
2057 2063 2065
2065 2063 2059
2057 2065 2064
2059 2062 2066
2065 2059 2066
2067 2066 2062
2065 2066 2067
2067 2062 2068
2068 2069 2067
2068 2070 2069
2069 2070 2071
2065 2067 2072
2072 2064 2065
2069 2072 2067
2073 1883 2064
2072 2073 2064
2069 2071 2074
2075 2074 2071
2069 2076 2072
2076 2073 2072
2073 2077 1883
1883 2077 1884
2078 2076 2069
2078 2069 2074
2076 2079 2073
2077 2073 2079
2078 2079 2076
2077 2080 1884
2077 2079 2080
1884 2080 2081
2075 2082 2074
2082 2075 2083
2078 2084 2079
2080 2079 2084
2081 2080 2085
2080 2084 2085
2086 2081 2085
2074 2087 2078
2074 2082 2087
2084 2078 2087
2088 2087 2082
2082 2083 2089
2088 2082 2089
2089 2083 2090
2086 2085 2091
2084 2091 2085
2091 2092 2086
2084 2087 2093
2084 2093 2091
2088 2093 2087
2089 2090 2094
2094 2088 2089
2095 2094 2090
2091 2096 2092
2096 2091 2093
2097 2092 2096
2097 2096 2098
2096 2093 2099
2098 2096 2099
2088 2099 2093
2098 2099 2100
2100 2095 2098
2088 2100 2099
2095 2101 2094
2094 2101 2088
2088 2101 2100
2100 2101 2095
2102 2103 2104
2104 2103 2105
2102 2104 2106
2106 2107 2102
2106 2108 2107
2108 2109 2107
2108 2110 2109
2111 2109 2110
2112 2108 2106
2110 2108 2112
2111 2110 2113
2114 2111 2113
2110 2112 2115
2113 2110 2115
2104 2105 2116
2117 2116 2105
2118 2117 2105
2117 2118 2119
2120 2117 2119
2120 2121 2117
2122 2106 2104
2104 2116 2122
2121 2123 2117
2124 2123 2121
2125 2116 2117
2123 2125 2117
2125 2122 2116
2124 2126 2123
2125 2123 2126
2127 2126 2124
2122 2128 2106
2112 2106 2128
2125 2129 2122
2128 2122 2129
2127 2130 2126
2131 2130 2127
2125 2126 2132
2132 2129 2125
2132 2126 2130
2133 2112 2128
2128 2129 2133
2131 2134 2130
2134 2131 2135
2134 2135 2136
2136 2137 2134
2136 2138 2137
2139 2130 2134
2132 2130 2139
2139 2134 2137
2132 2140 2129
2139 2140 2132
2140 2133 2129
2139 2141 2140
2141 2139 2137
2133 2142 2112
2115 2112 2142
2140 2143 2133
2141 2143 2140
2137 2138 2144
2145 2144 2138
2146 2144 2145
2133 2147 2142
2133 2143 2147
2148 2147 2143
2141 2149 2143
2148 2143 2149
2141 2137 2150
2149 2141 2150
2146 2151 2144
2152 2151 2146
2153 2137 2144
2153 2150 2137
2144 2154 2153
2144 2151 2154
2150 2153 2154
2155 2149 2150
2155 2148 2149
2152 2156 2151
2156 2154 2151
2150 2154 2157
2155 2150 2157
2158 2156 2152
2158 2152 2159
2156 2160 2154
2160 2157 2154
2160 2156 2158
2159 2161 2158
2159 2162 2161
2163 2161 2162
2160 2164 2157
2155 2157 2164
2160 2158 2165
2161 2165 2158
2164 2160 2165
2164 2165 2166
2155 2164 2167
2167 2164 2166
2161 2168 2165
2166 2165 2168
2163 2169 2161
2169 2168 2161
2163 2170 2169
2163 2171 2170
2169 2172 2168
2172 2169 2170
2167 2173 2155
2155 2173 2148
2166 2168 2174
2172 2174 2168
2171 2175 2170
2171 2176 2175
2175 2176 2177
2175 2177 2178
2179 2178 2177
2179 2180 2178
2181 2178 2180
2180 2179 2182
2175 2178 2183
2181 2183 2178
2170 2175 2184
2175 2183 2184
2172 2170 2185
2170 2184 2185
2180 2182 2186
2181 2180 2186
2186 2182 2187
2181 2186 2187
2182 2188 2187
2189 2187 2188
2181 2187 2189
2188 2190 2189
2190 2191 2189
2181 2189 2191
2190 2192 2191
2193 2181 2191
2192 2193 2191
2193 2183 2181
2192 2194 2193
2195 2184 2183
2195 2183 2193
2194 2195 2193
2185 2184 2195
2194 2196 2195
2197 2195 2196
2185 2195 2197
2197 2196 2198
2199 2197 2198
2200 2185 2197
2199 2200 2197
2200 2172 2185
2201 2200 2199
2172 2200 2174
2201 2174 2200
2202 2174 2201
2202 2166 2174
2203 2166 2202
2203 2204 2166
2204 2167 2166
2205 2204 2203
2205 2167 2204
2205 2203 2206
2167 2205 2173
2206 2207 2205
2207 2173 2205
2206 2208 2207
2207 2209 2173
2209 2148 2173
2210 2207 2208
2210 2209 2207
2210 2208 2211
2211 2212 2210
2211 2213 2212
2214 2212 2213
2210 2215 2209
2215 2210 2212
2209 2216 2148
2215 2216 2209
2148 2216 2217
2217 2147 2148
2215 2218 2216
2218 2217 2216
2215 2212 2219
2218 2215 2219
2214 2220 2212
2220 2219 2212
2214 2221 2220
2214 2222 2221
2222 2223 2221
2223 2222 2224
2217 2225 2147
2218 2226 2217
2226 2225 2217
2147 2225 2227
2225 2228 2227
2147 2227 2142
2227 2229 2142
2115 2142 2229
2230 2115 2229
2231 2229 2227
2231 2227 2228
2230 2229 2231
2226 2232 2225
2225 2232 2228
2230 2233 2115
2113 2115 2233
2233 2234 2113
2114 2113 2234
2235 2233 2230
2233 2235 2234
2114 2234 2236
2114 2236 2237
2238 2237 2236
2234 2235 2239
2234 2239 2236
2238 2236 2240
2240 2236 2239
2241 2238 2240
2235 2230 2242
2242 2239 2235
2241 2240 2243
2243 2244 2241
2243 2245 2244
2246 2244 2245
2240 2239 2247
2248 2243 2240
2248 2240 2247
2243 2249 2245
2243 2248 2249
2246 2245 2250
2250 2245 2249
2242 2251 2239
2247 2239 2251
2252 2246 2250
2252 2253 2246
2254 2253 2252
2254 2252 2255
2256 2254 2255
2256 2255 2257
2258 2257 2255
2257 2259 2256
2257 2260 2259
2260 2257 2258
2261 2259 2260
2262 2255 2252
2258 2255 2262
2263 2252 2250
2262 2252 2263
2261 2260 2264
2260 2258 2264
2265 2261 2264
2258 2265 2264
2265 2266 2261
2267 2266 2265
2258 2267 2265
2267 2268 2266
2258 2269 2267
2268 2267 2269
2258 2262 2269
2268 2269 2270
2262 2271 2269
2270 2269 2271
2262 2263 2271
2272 2271 2263
2270 2271 2273
2273 2271 2272
2273 2272 2274
2272 2275 2274
2272 2263 2276
2263 2250 2276
2250 2249 2276
2249 2272 2276
2272 2277 2275
2249 2277 2272
2278 2275 2277
2248 2277 2249
2278 2277 2279
2248 2279 2277
2279 2248 2247
2280 2278 2279
2279 2247 2281
2280 2279 2281
2247 2251 2281
2251 2280 2281
2251 2282 2280
2251 2283 2282
2251 2242 2283
2284 2283 2242
2284 2285 2283
2284 2242 2230
2284 2286 2285
2230 2287 2284
2284 2287 2286
2231 2287 2230
2288 2286 2287
2288 2289 2286
2231 2290 2287
2228 2290 2231
2291 2287 2290
2291 2288 2287
2288 2291 2292
2289 2288 2293
2288 2292 2293
2289 2293 2294
2293 2295 2294
2291 2290 2296
2228 2296 2290
2293 2297 2295
2292 2297 2293
2291 2296 2298
2292 2291 2298
2295 2297 2299
2295 2299 2300
2301 2300 2299
2296 2228 2302
2228 2303 2302
2303 2228 2232
2304 2298 2296
2304 2296 2305
2305 2296 2302
2305 2302 2306
2307 2306 2302
2307 2302 2303
2308 2298 2304
2308 2304 2309
2310 2308 2309
2292 2298 2308
2310 2311 2308
2311 2292 2308
2312 2311 2310
2307 2303 2313
2307 2313 2314
2315 2314 2313
2311 2316 2292
2292 2316 2297
2297 2316 2317
2317 2316 2311
2297 2317 2299
2312 2318 2311
2317 2311 2318
2312 2319 2318
2317 2318 2319
2312 2320 2319
2299 2317 2321
2317 2319 2321
2320 2322 2319
2320 2323 2322
2324 2322 2323
2319 2322 2325
2319 2325 2321
2321 2325 2326
2299 2321 2327
2321 2326 2327
2301 2299 2327
2326 2301 2327
2326 2328 2301
2326 2329 2328
2324 2330 2322
2330 2325 2322
2331 2330 2324
2326 2325 2332
2330 2332 2325
2326 2333 2329
2326 2332 2333
2333 2334 2329
2331 2335 2330
2335 2332 2330
2336 2335 2331
2337 2333 2332
2335 2337 2332
2333 2338 2334
2337 2338 2333
2339 2334 2338
2335 2340 2337
2340 2338 2337
2339 2338 2341
2340 2341 2338
2342 2339 2341
2342 2341 2340
2340 2336 2342
2336 2343 2335
2335 2343 2340
2340 2343 2336
2344 2315 2345
2315 2313 2345
2344 2345 2346
2313 2347 2345
2347 2346 2345
2344 2346 2348
2344 2348 2349
2350 2349 2348
2313 2351 2347
2351 2313 2303
2351 2303 2352
2303 2232 2352
2232 2353 2352
2351 2352 2353
2232 2226 2353
2347 2354 2346
2351 2355 2347
2355 2354 2347
2346 2356 2348
2346 2354 2356
2348 2356 2357
2350 2348 2358
2348 2357 2358
2359 2350 2358
2357 2359 2358
2359 2360 2350
2361 2360 2359
2354 2362 2356
2357 2356 2362
2351 2353 2363
2351 2363 2355
2355 2364 2354
2354 2364 2362
2361 2359 2365
2365 2366 2361
2363 2367 2355
2367 2364 2355
2363 2368 2367
2367 2369 2364
2370 2364 2369
2370 2362 2364
2363 2371 2368
2363 2353 2371
2362 2370 2372
2371 2353 2373
2371 2373 2374
2373 2353 2226
2375 2374 2373
2226 2376 2373
2375 2373 2376
2218 2376 2226
2362 2372 2377
2357 2362 2377
2372 2378 2377
2378 2357 2377
2372 2379 2378
2380 2378 2379
2378 2381 2357
2357 2381 2359
2380 2382 2378
2381 2378 2382
2383 2382 2380
2359 2381 2384
2381 2382 2384
2382 2385 2384
2359 2384 2365
2365 2384 2385
2383 2386 2382
2382 2386 2385
2386 2383 2387
2386 2387 2388
2388 2385 2386
2389 2388 2387
2389 2390 2388
2388 2390 2385
2389 2391 2390
2391 2385 2390
2389 2392 2391
2365 2385 2393
2391 2393 2385
2392 2393 2391
2365 2393 2366
2392 2366 2393
2218 2219 2394
2218 2394 2376
2394 2219 2395
2220 2395 2219
2376 2394 2396
2394 2395 2396
2220 2397 2395
2220 2221 2397
2376 2396 2398
2399 2398 2396
2398 2375 2376
2398 2400 2375
2400 2398 2399
2400 2399 2401
2399 2402 2401
2395 2403 2396
2395 2397 2403
2399 2396 2403
2221 2404 2397
2221 2223 2404
2397 2405 2403
2405 2399 2403
2397 2404 2405
2399 2406 2402
2405 2406 2399
2407 2402 2406
2405 2407 2406
2407 2408 2402
2408 2407 2409
2408 2409 2410
2409 2411 2410
2405 2412 2407
2412 2405 2404
2409 2407 2412
2413 2404 2223
2412 2404 2413
2409 2414 2411
2415 2411 2414
2409 2412 2416
2416 2412 2413
2413 2223 2417
2223 2224 2417
2418 2409 2416
2418 2414 2409
2416 2413 2419
2417 2419 2413
2418 2416 2419
2417 2224 2420
2417 2420 2419
2224 2421 2420
2415 2414 2422
2422 2423 2415
2418 2419 2424
2420 2424 2419
2421 2425 2420
2420 2425 2424
2426 2425 2421
2414 2418 2427
2414 2427 2422
2424 2427 2418
2428 2422 2427
2422 2429 2423
2428 2429 2422
2429 2430 2423
2426 2431 2425
2424 2425 2431
2431 2426 2432
2424 2433 2427
2424 2431 2433
2428 2427 2433
2429 2434 2430
2434 2429 2428
2435 2430 2434
2431 2432 2436
2436 2433 2431
2437 2436 2432
2437 2438 2436
2436 2439 2433
2438 2439 2436
2428 2433 2439
2438 2440 2439
2440 2438 2435
2428 2439 2440
2435 2434 2441
2434 2428 2441
2428 2440 2441
2440 2435 2441
