byte offset: 0
first index: 0
index count: 8922
topology: trianglelist
format: DXGI_FORMAT_R16_UINT

0 1 2
3 4 5
6 7 8
9 10 11
12 13 14
15 16 17
18 19 20
21 22 23
24 25 26
27 28 29
30 31 32
31 33 34
35 31 36
35 37 31
37 38 31
39 31 38
37 40 38
41 40 37
41 37 42
37 43 42
37 44 43
45 41 42
46 42 43
45 42 46
47 45 46
46 43 48
47 46 48
41 45 49
50 40 41
41 49 50
51 45 47
51 49 45
43 52 48
43 53 52
47 48 54
54 48 52
50 55 40
56 50 49
55 50 56
57 40 55
57 38 40
38 57 58
38 58 59
57 55 60
55 56 60
60 56 61
56 49 62
61 56 62
51 62 49
57 60 63
63 64 57
63 65 64
60 61 66
63 60 66
67 62 51
61 62 68
67 68 62
61 68 69
67 69 68
70 67 51
67 71 69
70 71 67
70 51 72
72 51 47
61 69 73
74 66 61
74 61 73
71 75 69
73 69 75
63 66 76
63 76 77
63 77 78
79 76 66
79 66 74
79 80 76
79 81 80
82 74 73
83 79 74
83 74 82
79 83 84
79 84 85
82 73 86
73 75 86
83 82 87
86 87 82
88 86 75
86 88 87
83 87 89
89 90 83
89 91 90
88 75 92
71 92 75
71 93 92
88 94 87
94 89 87
92 95 88
88 95 94
96 94 95
94 97 89
98 97 94
98 99 97
100 89 97
92 101 95
93 101 92
101 102 95
103 95 102
101 104 102
93 104 101
104 105 102
104 106 105
93 107 104
106 104 107
106 107 108
108 109 106
110 107 93
108 107 110
110 93 111
112 111 93
112 93 71
70 112 71
113 112 70
113 70 72
114 111 112
113 114 112
115 114 113
113 72 116
116 115 113
116 72 117
116 117 118
72 47 117
47 119 117
118 117 119
47 54 119
120 110 111
114 121 111
120 111 121
116 122 115
116 118 123
116 123 122
54 124 119
125 119 124
54 126 124
54 52 126
126 52 127
126 127 128
126 128 129
126 129 130
126 130 124
125 124 130
125 130 131
125 131 132
118 119 133
125 133 119
125 132 134
135 134 132
125 136 133
125 134 136
118 133 136
135 137 134
136 134 137
138 137 135
118 136 139
136 137 139
138 140 137
139 137 140
138 141 140
118 139 142
139 140 142
118 142 123
140 143 142
140 141 143
123 142 143
144 143 141
144 123 143
144 141 145
144 146 123
146 122 123
145 147 144
145 148 147
149 147 148
144 147 150
150 146 144
149 151 147
151 150 147
152 151 149
152 149 153
152 153 154
152 154 155
151 156 150
152 156 151
146 157 122
115 122 157
150 158 146
156 158 150
152 159 156
159 152 160
159 160 161
162 146 158
162 157 146
156 163 158
159 163 156
163 162 158
164 157 162
163 165 162
164 162 165
159 166 163
166 165 163
166 159 167
166 168 165
169 168 166
169 170 168
171 165 168
164 165 171
164 172 157
115 157 172
171 168 173
173 168 174
173 174 175
171 173 176
171 176 177
171 178 164
171 177 178
164 178 172
179 178 177
180 179 177
180 181 179
182 172 178
179 182 178
115 172 183
182 183 172
115 183 184
115 184 114
114 184 185
114 185 121
186 184 183
186 185 184
182 187 183
187 186 183
188 182 179
188 187 182
179 181 189
179 189 188
181 190 189
181 191 190
192 187 188
193 188 189
193 192 188
189 194 193
189 195 194
187 196 186
192 196 187
197 192 193
193 198 197
199 196 192
197 199 192
200 186 196
199 200 196
200 201 186
201 185 186
202 200 199
199 197 203
199 203 202
202 204 200
201 200 204
205 203 197
205 197 206
203 207 202
207 204 202
203 208 207
209 208 203
209 203 210
207 211 204
212 204 211
212 201 204
201 212 213
201 213 214
201 214 185
215 214 213
216 215 213
185 214 217
215 217 214
217 121 185
218 215 216
217 215 218
218 216 219
220 218 219
217 221 121
217 218 221
220 222 218
221 218 222
121 221 223
221 222 223
121 223 120
120 223 222
224 222 220
120 222 224
224 220 225
110 120 224
226 224 225
110 224 227
226 227 224
228 227 226
108 110 227
228 108 227
108 228 229
108 229 230
43 231 232
233 234 235
236 237 238
239 237 240
239 240 241
242 243 244
245 244 246
247 244 248
249 248 250
251 252 253
254 255 256
257 258 259
260 261 259
260 259 262
262 259 263
262 263 264
265 259 266
265 266 267
268 269 262
268 262 270
270 262 271
270 271 272
270 273 274
270 275 273
276 275 270
276 277 275
278 275 277
278 279 275
280 279 278
280 281 279
282 275 279
282 283 275
284 279 281
284 281 285
286 287 279
288 289 285
290 291 292
293 294 295
296 297 295
296 295 298
296 298 299
296 299 300
301 296 300
301 300 302
301 303 296
301 304 303
305 301 306
305 307 301
307 308 301
307 309 308
310 307 311
310 312 307
312 313 307
312 314 313
315 312 316
317 318 312
52 319 320
321 38 322
323 324 325
324 326 327
324 328 326
329 328 324
329 324 330
330 324 331
329 330 332
333 332 330
334 333 330
334 335 333
333 336 332
337 332 336
337 338 332
329 332 338
338 337 339
338 339 340
341 340 339
329 338 342
342 338 340
343 340 341
344 343 341
344 345 343
344 346 345
347 345 346
348 345 347
349 345 348
342 350 329
329 350 328
342 340 351
351 340 343
342 352 350
352 342 351
353 350 352
328 350 354
353 354 350
328 354 355
352 351 356
356 353 352
351 343 357
356 351 357
358 357 343
358 343 345
356 357 359
359 357 358
360 354 353
361 354 360
361 362 354
363 358 345
363 345 364
349 364 345
349 365 364
364 365 363
349 366 365
366 367 365
366 368 367
365 369 363
365 370 369
358 363 371
363 372 371
363 373 372
358 371 374
359 358 374
374 371 375
371 376 375
371 377 376
378 359 374
374 375 378
378 379 359
379 356 359
379 380 356
356 380 353
379 381 380
381 353 380
382 379 378
379 382 381
383 378 375
382 378 383
382 383 384
383 375 385
384 383 385
385 375 386
385 386 387
381 388 353
360 353 388
381 382 389
382 384 389
388 381 390
381 389 390
391 360 388
388 390 391
390 389 392
392 389 384
384 385 393
394 393 385
394 395 393
391 396 360
396 361 360
391 390 397
390 392 397
396 391 398
391 397 398
384 393 399
392 384 400
384 399 400
399 393 401
401 393 402
401 402 403
392 404 397
405 404 392
400 405 392
397 404 406
398 397 406
400 407 405
408 407 400
409 408 400
409 400 399
409 399 410
410 399 401
410 401 411
411 401 412
411 412 413
398 406 414
415 398 414
415 414 416
396 398 415
415 416 417
418 396 415
415 417 418
419 418 417
419 417 420
418 421 396
418 422 421
396 421 361
421 423 361
421 424 423
425 426 421
427 361 428
427 428 429
430 159 431
432 433 97
97 434 435
436 437 438
439 440 441
442 443 441
442 444 443
445 446 447
448 447 449
450 447 451
452 453 454
455 456 457
458 459 460
461 459 462
461 463 459
463 464 459
463 465 464
466 467 459
466 468 467
469 463 470
469 471 463
471 472 463
471 473 472
474 471 475
474 476 471
476 477 471
476 478 477
476 479 478
476 480 479
481 479 480
481 480 482
483 480 476
483 476 484
482 480 485
482 485 486
487 480 488
489 486 490
491 492 493
494 495 496
495 497 498
495 498 499
498 500 499
498 501 500
502 501 498
502 503 501
504 502 498
504 505 502
502 506 507
502 508 506
509 508 502
509 510 508
508 511 512
508 513 511
514 513 508
514 515 513
516 517 513
518 513 519
520 521 89
522 523 197
102 524 525
106 526 527
528 529 530
531 530 532
533 530 534
535 530 536
537 536 530
537 538 536
539 536 540
536 541 542
543 544 536
543 545 544
546 547 548
547 549 550
547 551 549
547 552 551
551 553 554
555 547 556
555 556 557
558 547 555
558 555 559
560 555 561
560 561 562
563 555 560
563 560 564
565 560 562
565 566 560
567 560 566
567 566 568
565 569 566
565 570 569
571 569 570
571 572 569
573 566 569
573 574 566
575 569 572
575 576 569
577 572 578
577 579 572
572 579 580
572 580 581
582 583 579
584 585 579
579 585 586
579 586 587
588 589 590
591 592 589
593 594 589
595 596 589
597 589 596
597 596 598
599 600 596
601 596 602
601 602 603
604 605 606
607 608 609
610 611 612
613 614 615
616 617 618
619 620 621
622 623 624
625 626 627
628 629 630
631 632 633
634 635 636
637 638 639
640 641 642
643 644 645
646 647 648
649 650 651
652 653 654
655 656 657
658 659 660
661 662 663
664 665 666
667 668 669
670 671 672
673 674 675
676 677 678
679 680 681
682 683 684
685 686 687
688 689 690
689 691 692
689 693 691
694 693 695
696 689 697
696 697 698
693 699 700
693 701 699
701 702 703
701 704 702
705 706 704
707 708 699
707 699 709
710 696 711
710 711 712
713 714 696
713 715 714
714 716 717
714 717 718
719 717 720
719 720 721
722 718 723
722 724 718
725 724 726
725 727 724
728 729 727
730 724 731
730 731 732
733 727 734
733 734 735
736 737 738
739 740 741
742 743 744
745 746 747
748 749 750
751 752 753
754 755 756
757 756 758
759 758 760
759 760 761
762 758 763
762 763 764
765 758 766
765 766 767
766 768 769
770 769 768
770 768 771
772 766 773
772 773 774
773 775 776
777 778 773
777 779 778
780 781 777
780 782 781
783 784 780
783 780 785
786 787 784
786 785 788
788 789 790
791 792 789
791 789 793
793 794 785
793 789 794
795 796 793
795 797 796
798 799 795
798 795 800
801 795 802
801 802 803
804 800 805
806 805 807
808 809 800
808 810 809
811 812 813
814 815 816
817 818 819
820 821 822
823 824 825
826 827 828
829 830 831
832 833 834
835 836 837
838 839 840
841 842 843
844 845 846
847 848 849
850 851 852
852 853 854
852 854 855
856 857 858
859 860 861
862 863 864
865 866 867
868 869 870
871 872 870
871 873 872
874 875 876
877 878 879
880 881 882
883 884 885
886 887 888
889 890 891
892 893 894
895 896 897
898 899 900
901 902 903
904 905 906
907 908 909
910 911 912
913 914 915
916 917 918
919 920 921
922 923 924
925 926 927
928 927 929
928 930 927
931 932 930
933 927 934
933 934 935
930 936 937
930 937 938
939 940 937
939 937 941
938 942 943
938 943 944
945 944 946
947 948 934
947 949 948
950 934 951
950 951 952
951 953 954
951 955 953
956 957 955
956 955 958
959 960 953
959 961 960
962 963 958
962 958 964
965 964 966
967 968 958
967 969 968
970 971 964
970 972 971
973 974 975
976 977 978
979 980 981
982 983 984
985 986 987
988 989 990
991 992 993
994 995 992
996 997 995
996 998 997
999 1000 995
999 1001 1000
1002 1003 995
1002 1004 1003
1003 1005 1006
1007 1006 1005
1007 1008 1006
1009 1010 1003
1009 1011 1010
1010 1012 1013
1014 1010 1015
1014 1015 1016
1017 1014 1018
1017 1018 1019
1020 1017 1021
1020 1022 1017
1023 1021 1024
1023 1025 1022
1025 1026 1027
1028 1027 1029
1028 1030 1027
1030 1022 1031
1030 1031 1027
1032 1030 1033
1032 1033 1034
1035 1032 1036
1035 1037 1032
1038 1039 1037
1040 1041 1039
1042 1043 1032
1042 1044 1043
1045 1037 1046
1045 1046 1047
1048 1049 1050
1051 1052 1053
1054 1055 1056
1057 1058 1059
1060 1061 1062
1063 1064 1065
1066 1067 1068
1069 1070 1071
1072 1073 1074
1075 1076 1077
1078 1079 1080
1081 1082 1083
1084 1085 1086
1087 1088 1089
1088 1090 1091
1088 1091 1092
1093 1094 1095
1096 1097 1098
1099 1100 1101
1102 1103 1104
1105 1106 1107
1108 1109 1106
1108 1110 1109
1111 1112 1113
1114 1115 1116
1117 1118 1119
1120 1121 1122
1123 1124 1125
1126 1127 1128
1129 1130 1131
1132 1133 1134
1135 1136 1137
1138 1139 1140
1141 1142 1143
1144 1145 1146
1147 1148 1149
1150 1151 1152
1153 1154 1155
1156 1157 1158
1159 1160 1161
1159 1162 1160
1162 1163 1160
1162 1164 1163
1164 1165 1163
1164 1166 1165
1166 1167 1165
1166 1168 1167
1168 1169 1167
1168 1170 1169
1170 1171 1169
1170 1172 1171
1173 1174 1175
1174 1176 1175
1176 1177 1175
1177 1178 1175
1178 1179 1175
1180 1181 1182
1180 1182 1183
1183 1182 1184
1183 1184 1185
1185 1184 1186
1185 1186 1187
1187 1186 1188
1187 1188 1189
1189 1188 1190
1189 1190 1191
1191 1190 1192
1191 1192 1193
1194 1195 1196
1196 1195 1197
1197 1195 1198
1198 1195 1199
1199 1195 1200
1201 1202 1203
1201 1204 1202
1204 1205 1202
1206 1207 1208
1206 1208 1209
1209 1208 1210
1211 1212 1213
1211 1213 1214
1214 1213 1215
1214 1215 1216
1217 1218 1219
1217 1220 1218
1220 1221 1218
1220 1222 1221
1223 1224 1225
1223 1225 1226
1226 1225 1227
1226 1227 1228
1228 1227 1229
1228 1229 1230
1231 1232 1233
1233 1232 1234
1235 1236 1237
1235 1238 1236
1238 1239 1236
1238 1240 1239
1240 1241 1239
1240 1242 1241
1243 1244 1245
1244 1246 1245
1247 1248 1249
1247 1249 1250
1251 1252 1253
1251 1253 1254
1255 1256 1257
1255 1257 1258
1259 1257 1260
1259 1260 1261
1262 1261 1263
1262 1263 1264
1265 1266 1267
1265 1267 1268
1269 1270 1271
1269 1271 1272
1273 1274 1275
1273 1275 1276
1277 1278 1279
1277 1279 1280
1281 1282 1283
1281 1283 1284
1285 1286 1287
1285 1287 1288
1289 1290 1291
1289 1292 1290
1293 1292 1294
1293 1294 1295
1296 1295 1297
1296 1297 1298
1299 1300 1301
1299 1301 1302
1303 1304 1305
1303 1305 1306
1307 1308 1309
1307 1309 1310
1311 1312 1313
1311 1313 1314
1315 1316 1317
1315 1317 1318
1319 1320 1321
1319 1321 1322
1323 1324 1325
1323 1325 1326
1327 1328 1329
1327 1329 1330
1331 1332 1333
1331 1333 1334
1335 1336 1337
1335 1337 1338
1339 1340 1341
1339 1341 1342
1343 1344 1345
1343 1345 1346
1347 1348 1349
1347 1349 1350
1351 1352 1353
1351 1353 1354
1355 1356 1357
1355 1357 1358
1359 1360 1361
1359 1361 1362
1363 1364 1365
1363 1365 1366
1367 1368 1369
1367 1369 1370
1371 1372 1373
1371 1373 1374
1375 1376 1377
1375 1377 1378
1379 1380 1381
1379 1381 1382
1383 1384 1385
1383 1385 1386
1387 1388 1389
1387 1389 1390
1391 1392 1393
1391 1393 1394
1395 1396 1397
1395 1397 1398
1399 1400 1401
1399 1401 1402
1403 1404 1405
1403 1405 1406
1407 1408 1409
1407 1409 1410
1411 1412 1413
1411 1413 1414
1415 1416 1417
1415 1417 1418
1419 1420 1421
1419 1421 1422
1423 1424 1425
1423 1425 1426
1427 1428 1429
1427 1429 1430
1431 1432 1433
1431 1433 1434
1435 1436 1437
1435 1437 1438
1439 1440 1441
1439 1441 1442
1443 1444 1445
1443 1445 1446
1447 1448 1449
1447 1449 1450
1450 1451 1447
1450 1452 1451
1451 1452 1453
1451 1453 1454
1455 1454 1453
1455 1453 1456
1457 1458 1459
1457 1460 1458
1460 1461 1458
1460 1462 1461
1463 1461 1462
1463 1462 1464
1465 1463 1464
1465 1466 1463
1467 1468 1469
1467 1470 1468
1471 1468 1470
1471 1470 1472
1473 1471 1472
1473 1472 1474
1475 1473 1474
1475 1476 1473
1477 1478 1479
1477 1480 1478
1481 1478 1480
1481 1480 1482
1481 1482 1483
1481 1483 1484
1485 1484 1483
1485 1486 1484
1487 1488 1489
1487 1489 1490
1491 1492 1493
1491 1493 1494
1495 1494 1496
1495 1496 1497
1498 1497 1499
1498 1499 1500
1501 1502 1503
1501 1503 1504
1505 1504 1506
1505 1506 1507
1508 1507 1509
1508 1509 1510
1511 1510 1512
1511 1512 1513
1514 1515 1516
1514 1516 1517
1518 1517 1519
1518 1519 1520
1521 1520 1522
1521 1522 1523
1524 1525 1526
1524 1526 1527
1528 1527 1529
1528 1529 1530
1531 1530 1532
1531 1532 1533
1534 1533 1535
1534 1535 1536
1537 1538 1539
1537 1539 1540
1541 1542 1543
1541 1543 1544
1545 1546 1547
1545 1547 1548
1549 1550 1551
1549 1551 1552
1553 1554 1555
1553 1555 1556
1557 1558 1559
1557 1559 1560
1561 1562 1563
1561 1563 1564
1565 1566 1567
1565 1567 1568
1569 1570 1571
1569 1571 1572
1573 1574 1575
1573 1575 1576
1577 1578 1579
1577 1579 1580
1581 1582 1583
1581 1583 1584
1585 1586 1587
1585 1587 1588
1589 1590 1591
1589 1591 1592
1593 1594 1595
1593 1595 1596
1597 1598 1599
1597 1599 1600
1601 1602 1603
1601 1603 1604
1605 1606 1607
1605 1607 1608
1609 1610 1611
1609 1611 1612
1613 1614 1615
1613 1615 1616
1617 1618 1619
1617 1619 1620
1621 1622 1623
1621 1623 1624
1625 1626 1627
1625 1627 1628
1629 1630 1631
1629 1631 1632
1633 1634 1635
1633 1635 1636
1637 1638 1633
1637 1639 1638
1640 1641 1642
1640 1642 1643
1644 1645 1646
1644 1647 1645
1648 1647 1649
1648 1650 1647
1651 1652 1645
1651 1645 1653
1654 1653 1655
1656 1650 1657
1656 1658 1650
1655 1659 1660
1655 1661 1659
1662 1663 1655
1662 1664 1663
1665 1661 1666
1665 1666 1667
1668 1669 1658
1668 1670 1669
1671 1672 1669
1671 1673 1672
1674 1675 1676
1674 1677 1675
1678 1677 1679
1680 1675 1681
1680 1681 1682
1683 1678 1684
1683 1685 1678
1686 1687 1685
1686 1685 1688
1689 1678 1690
1689 1690 1691
1692 1681 1693
1692 1693 1694
1695 1696 1693
1695 1693 1697
1698 1699 1697
1698 1697 1700
1701 1702 1700
1701 1700 1703
1704 1705 1706
1704 1706 1707
1708 1709 1710
1708 1710 1711
1712 1713 1714
1712 1714 1715
1716 1717 1718
1716 1718 1719
1720 1721 1722
1720 1722 1723
1724 1725 1726
1724 1726 1727
1728 1729 1730
1728 1731 1729
1732 1731 1733
1732 1734 1731
1735 1734 1736
1735 1737 1734
1738 1737 1739
1738 1740 1737
1741 1740 1742
1741 1743 1740
1744 1745 1743
1744 1743 1746
1747 1748 1749
1747 1749 1750
1751 1749 1752
1751 1752 1753
1754 1752 1755
1754 1755 1756
1757 1755 1758
1757 1758 1759
1760 1758 1761
1760 1761 1762
1763 1761 1764
1763 1764 1765
1766 1767 1768
1766 1768 1769
1770 1771 1772
1770 1772 1773
1774 1775 1776
1774 1776 1777
1778 1779 1780
1778 1780 1781
1782 1783 1784
1782 1784 1785
1786 1787 1788
1786 1788 1789
1790 1791 1792
1790 1792 1793
1794 1795 1796
1794 1796 1797
1798 1794 1799
1798 1799 1800
1801 1802 1803
1801 1803 1804
1805 1806 1807
1805 1807 1808
1809 1807 1810
1809 1811 1807
1812 1813 1811
1814 1815 1808
1814 1808 1816
1817 1818 1816
1817 1816 1819
1813 1820 1821
1813 1821 1822
1823 1813 1824
1823 1824 1825
1826 1827 1822
1826 1828 1827
1829 1819 1830
1829 1830 1831
1832 1830 1833
1832 1833 1834
1835 1836 1837
1835 1837 1838
1839 1840 1838
1841 1842 1837
1841 1843 1842
1844 1845 1839
1844 1839 1846
1847 1848 1839
1847 1849 1848
1850 1851 1846
1850 1846 1852
1853 1854 1842
1853 1855 1854
1856 1854 1857
1856 1858 1854
1859 1858 1860
1859 1861 1858
1862 1863 1861
1862 1861 1864
1865 1866 1867
1865 1867 1868
1869 1870 1871
1869 1871 1872
1873 1874 1875
1873 1875 1876
1877 1878 1879
1877 1879 1880
1881 1882 1883
1881 1883 1884
1885 1886 1887
1885 1887 1888
1889 1890 1891
1889 1891 1892
1893 1894 1892
1893 1892 1895
1896 1897 1895
1896 1895 1898
1899 1900 1898
1899 1898 1901
1902 1903 1901
1902 1901 1904
1905 1906 1904
1905 1904 1907
1908 1909 1910
1908 1910 1911
1912 1913 1910
1912 1914 1913
1915 1916 1913
1915 1917 1916
1918 1919 1916
1918 1920 1919
1921 1922 1919
1921 1923 1922
1924 1925 1922
1924 1926 1925
1927 1928 1929
1927 1929 1930
1931 1932 1933
1931 1933 1934
173 1935 1936
173 1936 1937
1938 1939 1940
1938 328 1939
1941 1942 1943
1941 1943 1944
1945 1946 1947
1945 1947 1948
1949 1950 1951
1949 1951 1952
1953 1954 1955
1953 1955 1956
1957 1958 1959
1957 1959 1960
1961 1962 1963
1961 1963 1964
1965 1966 1967
1965 1967 1968
1969 1970 1971
1969 1971 1972
1973 1974 1975
1973 1975 1976
1977 1978 1979
1977 1979 1980
1981 1982 1983
1981 1983 1984
1985 1986 1987
1985 1987 1988
1989 1990 1991
1989 1991 1992
1993 1991 1994
1993 1995 1991
1996 1997 1992
1996 1992 1998
1999 2000 1995
1999 1995 2001
2002 1998 2003
2002 2003 2004
2005 2006 2007
2005 2008 2006
2009 2008 2010
2009 2011 2008
2012 2011 2013
2012 2014 2011
2015 2016 2014
2015 2014 2017
2018 2019 2020
2018 2021 2019
2022 2023 2021
2022 2021 2024
2025 2026 2027
2025 2027 2028
2027 2029 2030
2027 2030 2031
2032 2033 2034
2032 2034 2035
2036 2037 2038
2036 2038 2039
2040 2041 2042
2040 2042 2043
2044 2045 2046
2044 2046 2047
2048 2049 2050
2048 2050 2051
181 2052 2053
181 2053 2054
2055 2056 2057
2055 2057 2058
2059 2060 2061
2059 2061 2062
2063 2064 2065
2063 2065 2066
2067 2068 2069
2067 2069 2070
2071 2072 2073
2071 2073 2074
2075 2076 2077
2075 2077 2078
2079 2080 2081
2079 2081 2082
2083 2084 2085
2083 2085 2086
2087 2088 2089
2087 2089 2090
2091 2092 2093
2091 2093 2094
2095 2096 2097
2095 2097 2098
2099 2100 2101
2099 2101 2102
2103 2104 2105
2103 2105 2106
2107 2108 2103
2107 2103 2109
2106 2110 2111
2106 2111 2112
2113 2114 2109
2113 2109 2115
2116 2117 2112
2116 2118 2117
2119 2120 2121
2119 2121 2122
2123 2124 2122
2123 2122 2125
2126 2127 2125
2126 2125 2128
2129 2130 2128
2129 2128 2131
2132 2133 2134
2132 2134 2135
2136 2137 2135
2136 2135 2138
2139 2140 2141
2139 2141 2142
2143 2144 2141
2143 2141 2145
2146 2147 2148
2146 2148 2149
2150 2151 2152
2150 2152 2153
2154 2155 2156
2154 2156 2157
2158 2159 2160
2158 2160 2161
2162 2163 2164
2162 2164 2165
2166 2167 2168
2166 2168 2169
2166 2169 2170
2166 2170 2171
2172 2173 2174
2172 2174 2175
2176 2175 2174
2176 2174 2177
2178 2179 2180
2178 2180 2181
2182 2181 2180
2182 2180 2183
2184 2185 2186
2184 2186 2187
2188 2189 2190
2188 2191 2189
2188 2192 2191
2188 2193 2192
2194 2195 2196
2194 2196 2197
2198 2199 2200
2198 2200 2201
2202 2198 2201
2202 2201 2203
2204 2202 2203
2204 2203 2205
2206 2207 2208
2206 2208 2209
2210 2209 2208
2210 2208 2211
2212 2210 2211
2212 2211 2213
2214 2215 2216
2214 2216 2217
2218 2219 2220
2218 2220 2221
2222 2223 2224
2222 2224 2225
2226 2227 2228
2226 2228 2229
2230 2231 2232
2230 2232 2233
2234 2235 2236
2234 2236 2237
2238 2239 2240
2238 2240 2241
2242 2243 2244
2242 2244 2245
2246 2247 2248
2246 2248 2249
2250 2251 2252
2250 2252 2253
2254 2255 2256
2254 2256 2257
2258 2259 2260
2258 2260 2261
2262 2263 2264
2262 2264 2265
2266 2267 2268
2266 2268 2269
2270 2271 2272
2270 2272 2273
2274 2275 2276
2274 2276 2277
2278 2279 2280
2278 2280 2281
2281 2280 2282
2281 2282 2283
2283 2282 2284
2283 2284 2285
2286 2287 2288
2286 2288 2289
2286 2289 2290
2286 2290 2291
2291 2290 2292
2291 2292 2293
2294 2295 2296
2294 2296 2297
2298 2299 2300
2298 2300 2301
2302 2303 2304
2302 2304 2305
2306 2307 2308
2306 2308 2309
2310 2311 2312
2310 2312 2313
2314 2315 2316
2314 2316 2317
2318 2319 2320
2318 2320 2321
2322 2323 2324
2322 2324 2325
2326 2327 2328
2326 2328 2329
2330 2331 2332
2330 2332 2333
2334 2335 2336
2334 2336 2337
2338 2339 2340
2338 2340 2341
2342 2343 2344
2342 2344 2345
2346 2347 2348
2346 2348 2349
2350 2351 2352
2350 2352 2353
2354 2355 2356
2354 2356 2357
2358 2359 2360
2358 2360 2361
2362 2363 2364
2362 2364 2365
2366 2367 2368
2366 2368 2369
2370 2366 2369
2370 2369 2371
2372 2370 2371
2372 2373 2370
2374 2373 2372
2374 2372 2375
2376 2374 2375
2376 2375 2377
2378 2376 2377
2378 2377 2379
2380 2378 2379
2380 2379 2381
2382 2380 2381
2382 2381 2383
2383 2384 2382
2383 2385 2384
2386 2384 2385
2386 2385 2387
2388 2386 2387
2388 2389 2386
2390 2389 2388
2390 2388 2391
2392 2390 2391
2392 2391 2393
2394 2392 2393
2394 2393 2395
2396 2394 2395
2396 2395 2397
2398 2396 2397
2398 2397 2399
2400 2401 2402
2400 2403 2401
2403 2404 2401
2403 2405 2404
2405 2406 2404
2405 2407 2406
2407 2408 2406
2407 2409 2408
2409 2410 2408
2409 2411 2410
2411 2412 2410
2411 2413 2412
2414 2415 2416
2414 2416 2417
2418 2419 2420
2418 2420 2421
2422 2423 2424
2422 2424 2425
2426 2427 2428
2426 2428 2429
2430 2431 2432
2430 2432 2433
2434 2435 2436
2436 2435 2437
2438 2439 2440
2438 2441 2439
2439 2441 2442
2439 2442 2443
2443 2442 2444
2438 2445 2441
2445 2442 2441
2438 2446 2445
2447 2445 2446
2444 2442 2448
2444 2448 2449
2448 2450 2449
2450 2448 2451
2452 2451 2448
2450 2451 2453
2453 2451 2454
2452 2454 2451
2453 2454 2455
2455 2454 2456
2452 2456 2454
2455 2456 2457
2457 2456 2458
2457 2458 2459
2458 2460 2459
2461 2448 2442
2452 2448 2461
2461 2442 2462
2445 2462 2442
2458 2456 2463
2452 2463 2456
2464 2463 2452
2465 2452 2461
2462 2465 2461
2465 2464 2452
2462 2445 2466
2447 2466 2445
2458 2467 2460
2468 2460 2467
2462 2469 2465
2462 2466 2469
2470 2465 2469
2471 2469 2466
2471 2470 2469
2447 2472 2466
2472 2471 2466
2447 2473 2472
2474 2472 2473
2474 2471 2472
2474 2473 2475
2475 2476 2474
2475 2477 2476
2476 2477 2478
2470 2479 2465
2470 2480 2479
2464 2465 2479
2480 2464 2479
2474 2481 2471
2476 2481 2474
2471 2481 2482
2476 2478 2483
2484 2483 2478
2476 2485 2481
2485 2482 2481
2476 2486 2485
2476 2483 2486
2482 2485 2486
2484 2487 2483
2486 2483 2487
2488 2487 2484
2488 2489 2487
2488 2490 2489
2489 2490 2491
2486 2487 2492
2492 2487 2489
2486 2492 2493
2482 2486 2493
2489 2491 2494
2495 2494 2491
2495 2496 2494
2495 2497 2496
2498 2496 2497
2492 2489 2499
2499 2493 2492
2489 2494 2500
2496 2500 2494
2489 2500 2499
2498 2501 2496
2502 2501 2498
2499 2503 2493
2504 2499 2500
2504 2503 2499
2505 2493 2503
2505 2503 2504
2505 2482 2493
2496 2506 2500
2506 2504 2500
2505 2504 2507
2507 2504 2506
2508 2506 2496
2508 2496 2501
2507 2506 2508
2482 2505 2509
2507 2509 2505
2510 2508 2501
2510 2507 2508
2502 2511 2501
2510 2501 2511
2502 2512 2511
2512 2510 2511
2502 2513 2512
2514 2512 2513
2515 2507 2510
2507 2515 2509
2482 2509 2516
2471 2482 2516
2512 2517 2510
2515 2510 2517
2514 2518 2512
2512 2518 2517
2515 2519 2509
2519 2516 2509
2520 2515 2517
2520 2519 2515
2518 2520 2517
2471 2516 2521
2521 2470 2471
2522 2516 2519
2522 2521 2516
2470 2521 2522
2520 2522 2519
2470 2522 2523
2520 2523 2522
2470 2523 2480
2520 2524 2523
2518 2524 2520
2480 2523 2524
2514 2525 2518
2526 2525 2514
2527 2525 2526
2528 2524 2518
2528 2518 2525
2529 2528 2525
2527 2530 2525
2529 2525 2530
2531 2530 2527
2531 2532 2530
2532 2529 2530
2532 2533 2529
2534 2529 2533
2535 2524 2528
2480 2524 2535
2480 2535 2536
2535 2528 2537
2529 2537 2528
2537 2536 2535
2534 2538 2529
2529 2538 2537
2539 2538 2534
2539 2540 2538
2540 2537 2538
2539 2541 2540
2542 2537 2540
2536 2537 2542
2540 2541 2543
2542 2540 2543
2544 2543 2541
2543 2544 2545
2546 2543 2545
2546 2547 2543
2547 2542 2543
2548 2547 2546
2549 2542 2547
2548 2549 2547
2536 2542 2550
2549 2550 2542
2548 2551 2549
2548 2552 2551
2549 2553 2550
2549 2551 2553
2554 2551 2552
2554 2552 2555
2556 2554 2555
2556 2557 2554
2558 2551 2554
2558 2553 2551
2559 2558 2554
2559 2554 2560
2561 2553 2558
2562 2561 2558
2562 2558 2563
2550 2553 2564
2561 2564 2553
2550 2564 2565
2566 2564 2561
2566 2565 2564
2567 2566 2561
2567 2561 2568
2550 2565 2569
2536 2550 2569
2566 2570 2565
2569 2565 2570
2571 2536 2569
2569 2570 2571
2566 2572 2570
2572 2566 2573
2572 2573 2574
2574 2575 2572
2574 2576 2575
2572 2577 2570
2572 2575 2577
2571 2578 2536
2480 2536 2578
2480 2578 2464
2571 2464 2578
2570 2579 2571
2571 2579 2464
2570 2577 2579
2579 2463 2464
2579 2580 2463
2577 2580 2579
2458 2463 2580
2575 2581 2577
2577 2581 2580
2580 2582 2458
2580 2581 2582
2458 2582 2467
2575 2583 2581
2584 2583 2575
2584 2585 2583
2586 2581 2583
2586 2582 2581
2587 2586 2583
2587 2588 2586
2589 2467 2582
2589 2582 2586
2589 2586 2590
2589 2590 2591
2468 2467 2589
2468 2589 2592
2468 2592 2593
2594 2595 2596
2594 2596 2597
2598 2599 2600
2598 2600 2601
2602 2603 2604
2602 2604 2605
2606 2607 2608
2606 2608 2609
2610 2611 2612
2610 2612 2613
2614 2615 2616
2614 2616 2617
2618 2619 2620
2618 2620 2621
2622 2623 2624
2622 2624 2625
2626 2627 2628
2626 704 2627
2629 704 2630
2629 2630 2631
2632 2633 2634
2632 2634 2635
2636 2637 2638
2636 2638 2639
2640 2641 2642
2640 2642 2643
2644 2645 2646
2644 2646 2647
2648 2649 2650
2648 2650 2651
2652 2653 2654
2652 2655 2653
2656 2657 2655
2656 2655 2658
2659 2660 2661
2659 2661 2662
2663 2664 2665
2663 2665 2666
2667 2668 2669
2667 2669 2670
2671 2672 2673
2671 2673 2674
2675 2676 2677
2675 2677 2678
2679 2680 2681
2679 2681 2682
2683 2684 2685
2683 2685 2686
2687 2688 2689
2687 2689 2690
2691 2692 2693
2691 2693 2694
2695 2696 2697
2695 2698 2696
2699 2700 2695
2699 2701 2700
2698 2702 2703
2698 2703 2704
2705 2706 2707
2705 2707 2708
2709 2710 2705
2709 2711 2710
2708 2712 2713
2708 2713 2714
2715 2716 2717
2715 2717 2718
2717 2719 2720
2717 2720 2721
2722 2723 2724
2722 2725 2723
2725 2726 2727
2725 2728 2726
2728 2729 2726
2728 2730 2729
2731 2732 2733
2731 2734 2732
2735 2736 2734
2735 2734 2737
2738 2739 2740
2738 2740 2741
2742 2743 2744
2742 2745 2743
2745 2746 2747
2745 2747 2748
2749 2750 2751
2749 2751 2752
2753 2754 2755
2753 2755 2756
2757 2758 2759
2757 2759 2760
2761 2762 2763
2761 2763 2764
2765 2766 2767
2765 2767 2768
2769 2770 2771
2769 2771 2772
2773 2774 2775
2773 2775 2776
2777 2778 2779
2777 2779 2780
2781 2782 2783
2781 2783 2784
2785 2786 2787
2785 2787 2788
2789 2790 2791
2789 2791 2792
2793 2794 2795
2793 2795 2796
2797 2798 2799
2797 2799 2800
2801 2802 2803
2801 2804 2802
2805 2804 2801
2806 2807 2808
2806 2808 2809
2810 2811 2812
2810 2812 2813
2814 2815 2816
2814 2816 2817
2818 2819 2820
2818 2820 2821
2822 2823 2824
2822 2824 2825
2826 2827 2828
2826 2828 2829
2830 2831 2832
2830 2832 2833
2834 2835 2836
2834 2836 2837
2838 2839 2840
2838 2840 2841
2842 2843 2844
2842 2844 2845
2846 2847 2848
2846 2848 2849
2850 2851 2852
2850 2852 2853
2854 2855 2856
2854 2856 2857
2858 2859 2860
2858 2860 2861
2862 2863 2864
2862 2864 2865
2866 2867 2868
2866 2868 2869
2870 2871 2872
2870 2872 2873
2874 2875 2876
2874 2876 2877
2878 2879 2880
2878 2880 2881
2882 2883 2884
2882 2884 2885
2886 2887 2888
2886 2888 2889
2890 2891 2892
2890 2892 2893
2894 2895 2896
2894 2896 2897
2898 2899 2900
2898 2900 2901
2902 2903 2904
2902 2904 2905
2906 2907 2908
2906 2908 2909
2910 2911 2912
2910 2912 2913
2914 2915 2916
2914 2916 2917
2918 2919 2920
2918 2920 2921
2922 2923 2924
2922 2924 2925
2926 2927 2928
2926 2928 2929
2930 2931 2932
2930 2932 2933
2934 2935 2936
2934 2936 2937
2938 2939 2940
2938 2940 2941
2942 2943 2944
2942 2944 2945
2946 2947 2948
2946 2949 2947
2950 2949 2946
2947 2949 2951
2947 2951 2952
2953 2952 2951
2953 2954 2952
2953 2955 2954
2956 2955 2953
2953 2957 2956
2950 2958 2949
2958 2951 2949
2958 2950 2959
2960 2953 2951
2958 2960 2951
2958 2961 2960
2962 2957 2953
2963 2957 2962
2964 2963 2962
2960 2965 2953
2962 2953 2965
2961 2965 2960
2958 2959 2966
2958 2966 2961
2959 2967 2966
2961 2966 2967
2959 2968 2967
2969 2962 2965
2969 2964 2962
2961 2970 2965
2969 2965 2970
2961 2971 2970
2971 2969 2970
2968 2972 2967
2968 2973 2972
2972 2973 2974
2961 2967 2975
2961 2975 2971
2975 2976 2971
2971 2977 2969
2964 2969 2977
2976 2977 2971
2967 2978 2975
2967 2972 2978
2975 2978 2976
2972 2974 2979
2980 2979 2974
2980 2981 2979
2979 2981 2982
2983 2978 2972
2983 2972 2979
2979 2982 2983
2976 2978 2983
2982 2984 2983
2976 2983 2984
2982 2985 2984
2984 2985 2986
2984 2986 2987
2976 2984 2987
2987 2986 2988
2976 2987 2989
2976 2989 2977
2987 2988 2990
2989 2987 2990
2977 2989 2991
2989 2990 2991
2992 2990 2988
2992 2988 2993
2992 2993 2994
2992 2995 2990
2991 2990 2995
2977 2991 2996
2964 2977 2996
2992 2994 2997
2997 2995 2992
2998 2997 2994
2998 2994 2999
2998 3000 2997
2997 3000 2995
2998 3001 3000
3000 3001 3002
2991 2995 3003
2991 3003 2996
3004 2995 3000
3000 3002 3004
3004 3003 2995
3005 3004 3002
3005 3003 3004
3005 3002 3006
3007 3005 3006
3007 3008 3005
3005 3009 3003
3008 3009 3005
3009 2996 3003
3008 3010 3009
3009 3011 2996
3010 3011 3009
2964 2996 3011
3010 3012 3011
3012 2964 3011
3013 3014 3015
3013 3015 3016
3016 3017 3013
3018 3016 3015
3016 3019 3017
3017 3019 3020
3017 3020 3021
3022 3019 3016
3022 3020 3019
3018 3023 3016
3022 3016 3023
3024 3023 3018
3022 3023 3024
3024 3018 3025
3025 3026 3024
3027 3026 3025
3024 3026 3028
3028 3029 3024
3022 3024 3029
3028 3030 3029
3029 3031 3022
3022 3031 3020
3030 3032 3029
3029 3032 3031
3030 3033 3032
3034 3020 3031
3032 3034 3031
3033 3035 3032
3032 3035 3034
3033 3036 3035
3034 3037 3020
3037 3021 3020
3037 3038 3021
3036 3039 3035
3036 3040 3039
3041 3034 3035
3037 3034 3041
3041 3035 3039
3040 3042 3039
3040 3043 3042
3039 3042 3044
3037 3041 3045
3038 3037 3045
3039 3046 3041
3039 3044 3046
3045 3041 3046
3044 3047 3046
3044 3048 3047
3049 3047 3048
3049 3050 3047
3051 3050 3049
3051 3052 3050
3052 3053 3050
3047 3050 3053
3052 3054 3053
3053 3054 3055
3046 3047 3056
3047 3053 3056
3053 3055 3057
3057 3056 3053
3057 3055 3058
3057 3058 3059
3038 3057 3059
3046 3056 3060
3045 3046 3060
3057 3061 3056
3038 3061 3057
3061 3060 3056
3062 3045 3060
3038 3045 3062
3061 3038 3062
3061 3062 3060
3063 3064 3065
3063 3066 3064
3067 3066 3063
3068 3066 3067
3068 3069 3066
3068 3070 3069
3067 3063 3071
3072 3067 3071
3072 3073 3067
3071 3074 3072
3073 3075 3067
3068 3067 3075
3073 3076 3075
3071 3077 3074
3078 3074 3077
3079 3071 3063
3079 3077 3071
3080 3079 3063
3080 3063 3081
3082 3075 3076
3082 3076 3083
3082 3083 3084
3075 3085 3068
3075 3082 3085
3068 3085 3086
3068 3086 3087
3088 3077 3079
3078 3077 3088
3089 3078 3088
3089 3090 3078
3091 3090 3089
3091 3089 3092
3089 3093 3092
3088 3079 3094
3094 3089 3088
3095 3094 3079
3095 3096 3094
3089 3097 3093
3094 3097 3089
3093 3097 3098
3093 3098 3099
3094 3100 3097
3094 3101 3100
3102 3103 3104
3102 3085 3103
3085 3105 3103
3085 3082 3105
3082 3084 3105
3106 3105 3084
3103 3105 3106
3106 3084 3107
3103 3106 3108
3103 3108 3109
3103 3109 3110
3111 3112 3113
3111 3113 3114
3113 3115 3114
3113 3116 3115
3116 3117 3115
3111 3114 3118
3115 3118 3114
3111 3118 3119
3120 3119 3118
3117 3121 3115
3117 3122 3121
3121 3122 3123
3123 3124 3121
3125 3121 3124
3123 3126 3124
3126 3127 3124
3125 3124 3127
3126 3128 3127
3128 3129 3127
3125 3127 3129
3128 3130 3129
3130 3131 3129
3130 3132 3131
3131 3132 3133
3134 3115 3121
3125 3134 3121
3134 3135 3115
3115 3135 3118
3131 3136 3129
3125 3129 3136
3137 3125 3136
3125 3138 3134
3135 3134 3138
3125 3137 3138
3135 3139 3118
3120 3118 3139
3131 3133 3140
3141 3140 3133
3135 3138 3142
3135 3142 3139
3138 3143 3142
3142 3144 3139
3142 3143 3144
3120 3139 3145
3145 3139 3144
3120 3145 3146
3147 3146 3145
3147 3145 3144
3147 3148 3146
3148 3147 3149
3148 3149 3150
3151 3150 3149
3138 3152 3143
3153 3143 3152
3137 3152 3138
3137 3153 3152
3147 3144 3154
3149 3147 3154
3144 3155 3154
3151 3149 3156
3157 3151 3156
3149 3154 3158
3158 3154 3155
3149 3158 3159
3149 3159 3156
3155 3159 3158
3157 3156 3160
3160 3156 3159
3161 3157 3160
3162 3161 3160
3162 3163 3161
3164 3163 3162
3160 3159 3165
3162 3160 3165
3159 3166 3165
3155 3166 3159
3164 3162 3167
3168 3164 3167
3169 3168 3167
3169 3170 3168
3171 3170 3169
3162 3165 3172
3166 3172 3165
3162 3173 3167
3173 3169 3167
3162 3172 3173
3171 3169 3174
3175 3171 3174
3166 3176 3172
3172 3177 3173
3172 3176 3177
3178 3176 3166
3178 3177 3176
3178 3166 3155
3173 3179 3169
3179 3173 3177
3178 3180 3177
3180 3179 3177
3181 3169 3179
3181 3174 3169
3180 3181 3179
3182 3178 3155
3180 3178 3182
3183 3174 3181
3183 3181 3180
3175 3174 3184
3183 3184 3174
3185 3175 3184
3183 3185 3184
3185 3186 3175
3187 3186 3185
3183 3180 3188
3180 3182 3188
3182 3155 3189
3144 3189 3155
3183 3190 3185
3183 3188 3190
3187 3185 3191
3185 3190 3191
3188 3182 3192
3192 3182 3189
3193 3190 3188
3192 3193 3188
3191 3190 3193
3144 3194 3189
3194 3144 3143
3195 3192 3189
3195 3189 3194
3143 3195 3194
3192 3195 3193
3143 3196 3195
3193 3195 3196
3153 3196 3143
3193 3196 3197
3191 3193 3197
3197 3196 3153
3187 3191 3198
3199 3187 3198
3198 3200 3199
3201 3191 3197
3201 3198 3191
3202 3198 3201
3198 3203 3200
3202 3203 3198
3204 3200 3203
3204 3203 3205
3205 3203 3202
3205 3202 3206
3207 3206 3202
3201 3197 3208
3197 3153 3208
3153 3209 3208
3201 3208 3210
3202 3201 3210
3210 3208 3209
3207 3202 3211
3202 3210 3211
3212 3207 3211
3213 3212 3211
3213 3211 3210
3213 3214 3212
3215 3213 3210
3209 3215 3210
3213 3216 3214
3215 3216 3213
3217 3214 3216
3216 3218 3217
3219 3218 3216
3219 3216 3220
3220 3216 3215
3221 3219 3220
3215 3222 3220
3221 3220 3222
3209 3223 3215
3215 3223 3222
3221 3222 3224
3221 3224 3225
3222 3223 3226
3222 3226 3224
3227 3225 3224
3227 3228 3225
3229 3228 3227
3229 3227 3230
3231 3227 3224
3231 3224 3226
3232 3227 3231
3232 3233 3227
3234 3231 3226
3235 3231 3234
3235 3236 3231
3223 3237 3226
3234 3226 3237
3223 3238 3237
3239 3234 3237
3239 3237 3238
3240 3234 3239
3240 3241 3234
3223 3242 3238
3209 3242 3223
3243 3239 3238
3242 3243 3238
3209 3244 3242
3242 3244 3243
3243 3245 3239
3245 3246 3239
3245 3247 3246
3248 3247 3245
3248 3249 3247
3245 3243 3250
3245 3250 3248
3209 3251 3244
3153 3251 3209
3137 3251 3153
3244 3251 3137
3243 3244 3252
3244 3137 3252
3243 3252 3250
3252 3137 3136
3252 3136 3253
3250 3252 3253
3131 3253 3136
3248 3250 3254
3250 3253 3254
3253 3131 3255
3253 3255 3254
3131 3140 3255
3248 3254 3256
3257 3248 3256
3257 3256 3258
3259 3256 3254
3259 3254 3255
3260 3256 3259
3260 3259 3261
3262 3255 3140
3262 3259 3255
3262 3263 3259
3262 3264 3263
3141 3262 3140
3141 3265 3262
3141 3266 3265
3267 3268 3269
3267 3269 3270
3271 3272 3273
3271 3273 3274
3275 3276 3277
3275 3277 3278
3279 3280 3281
3279 3281 3282
3283 3284 3285
3283 3285 3286
3287 3288 3289
3287 3289 3290
3291 3292 3293
3291 3293 3294
3295 3296 3297
3295 3297 3298
3299 3300 3301
3299 3301 944
3302 3303 944
3302 3304 3303
3305 3306 3307
3305 3307 3308
3309 3310 3311
3309 3311 3312
3313 3314 3315
3313 3315 3316
3317 3318 3319
3317 3319 3320
3321 3322 3323
3321 3323 3324
3325 3326 3327
3325 3327 3328
3329 3330 3328
3329 3328 3331
3332 3333 3334
3332 3334 3335
3336 3337 3338
3336 3338 3339
3340 3341 3342
3340 3342 3343
3344 3345 3346
3344 3346 3347
3348 3349 3350
3348 3350 3351
3352 3353 3354
3352 3354 3355
3356 3357 3358
3356 3358 3359
3360 3361 3362
3360 3362 3363
3364 3365 3366
3364 3366 3367
3368 3369 3370
3368 3370 3371
3372 3368 3373
3372 3373 3374
3371 3375 3376
3371 3376 3377
3378 3379 3380
3378 3381 3379
3382 3378 3383
3382 3383 3384
3381 3385 3386
3381 3386 3387
3388 3389 3390
3388 3390 3391
3390 3392 3393
3390 3393 3394
3395 3396 3397
3395 3397 3398
3398 3399 3400
3398 3400 3401
3401 3400 3402
3401 3402 3403
3404 3405 3406
3404 3406 3407
3408 3409 3407
3408 3407 3410
3411 3412 3413
3411 3413 3414
3415 3416 3417
3415 3417 3418
3418 3419 3420
3418 3420 3421
3422 3423 3424
3422 3424 3425
3426 3427 3428
3426 3428 3429
3430 3431 3432
3430 3432 3433
3434 3435 3436
3434 3436 3437
3438 3439 3440
3438 3440 3441
3442 3443 3444
3442 3444 3445
3446 3447 3448
3446 3448 3449
3450 3451 3452
3450 3452 3453
3454 3455 3456
3454 3456 3457
3458 3459 3460
3458 3460 3461
3462 3463 3464
3462 3464 3465
3466 3467 3468
3466 3468 3469
3470 3471 3472
3470 3472 3473
3474 3475 3476
3474 3476 3477
3478 3474 3477
3479 3480 3481
3479 3481 3482
3483 3484 3485
3483 3485 3486
3487 3488 3489
3487 3489 3490
3491 3492 3493
3491 3493 3494
3495 3496 3497
3495 3497 3498
3499 3500 3501
3499 3501 3502
3503 3504 3505
3503 3505 3506
3507 3508 3509
3507 3509 3510
3511 3512 3513
3511 3513 3514
3515 3516 3517
3515 3517 3518
3519 3520 3521
3519 3521 3522
3523 3524 3525
3523 3525 3526
3527 3528 3529
3527 3529 3530
3531 3532 3533
3531 3533 3534
3535 3536 3537
3535 3537 3538
3539 3540 3541
3539 3541 3542
3543 3544 3545
3543 3545 3546
3547 3548 3549
3547 3549 3550
3551 3552 3553
3551 3553 3554
3555 3556 3557
3555 3557 3558
3559 3560 3561
3559 3561 3562
3563 3564 3565
3563 3565 3566
3567 3568 3569
3567 3569 3570
3571 3572 3573
3571 3573 3574
3575 3576 3577
3575 3577 3578
3579 3580 3581
3579 3581 3582
3583 3584 3585
3583 3585 3586
3587 3588 3589
3587 3589 3590
3591 3592 3593
3591 3593 3594
3595 3596 3597
3595 3597 3598
3599 3600 3601
3599 3601 3602
3603 3604 3605
3603 3605 3606
3607 3608 3609
3607 3609 3610
3611 3612 3613
3611 3613 3614
3615 3616 3617
3615 3617 3618
3619 3620 3621
3619 3621 3622
3623 3619 3622
3621 3624 3622
3621 3625 3624
3626 3624 3625
3626 3625 3627
3626 3627 3628
3629 3626 3628
3626 3629 3630
3623 3622 3631
3631 3622 3624
3631 3632 3623
3633 3624 3626
3631 3624 3633
3631 3633 3634
3635 3626 3630
3636 3635 3630
3637 3635 3636
3633 3626 3638
3635 3638 3626
3634 3633 3638
3631 3639 3632
3631 3634 3639
3632 3639 3640
3634 3640 3639
3632 3640 3641
3642 3638 3635
3642 3635 3637
3634 3638 3643
3642 3643 3638
3634 3643 3644
3644 3643 3642
3634 3645 3640
3634 3644 3645
3645 3644 3646
3644 3642 3647
3637 3647 3642
3646 3644 3647
3641 3640 3648
3641 3648 3649
3648 3650 3649
3640 3645 3651
3645 3646 3651
3640 3651 3648
3648 3652 3650
3653 3650 3652
3653 3652 3654
3652 3655 3654
3656 3648 3651
3656 3652 3648
3652 3656 3655
3646 3656 3651
3655 3656 3657
3646 3657 3656
3655 3657 3658
3657 3659 3658
3657 3660 3659
3646 3660 3657
3660 3661 3659
3646 3662 3660
3646 3647 3662
3660 3663 3661
3662 3663 3660
3647 3664 3662
3662 3664 3663
3665 3661 3663
3665 3666 3661
3665 3667 3666
3665 3663 3668
3664 3668 3663
3647 3669 3664
3637 3669 3647
3665 3670 3667
3670 3665 3668
3671 3667 3670
3671 3672 3667
3671 3670 3673
3670 3668 3673
3671 3673 3674
3673 3675 3674
3664 3676 3668
3664 3669 3676
3677 3673 3668
3673 3677 3675
3677 3668 3676
3678 3675 3677
3678 3677 3676
3678 3679 3675
3680 3679 3678
3680 3678 3681
3678 3676 3682
3681 3678 3682
3682 3676 3669
3681 3682 3683
3682 3669 3684
3683 3682 3684
3637 3684 3669
3683 3684 3685
3685 3684 3637
3686 3687 3688
3686 3689 3687
3689 3686 3690
3691 3687 3689
3689 3690 3692
3690 3693 3692
3690 3694 3693
3695 3689 3692
3695 3692 3693
3691 3689 3696
3695 3696 3689
3697 3691 3696
3695 3697 3696
3697 3698 3691
3698 3697 3699
3700 3698 3699
3697 3701 3699
3701 3697 3702
3695 3702 3697
3701 3702 3703
3702 3695 3704
3695 3693 3704
3703 3702 3705
3702 3704 3705
3703 3705 3706
3707 3704 3693
3705 3704 3707
3706 3705 3708
3705 3707 3708
3706 3708 3709
3707 3693 3710
3710 3693 3694
3710 3694 3711
3712 3708 3707
3710 3712 3707
3709 3708 3713
3712 3713 3708
3709 3713 3714
3710 3715 3712
3711 3715 3710
3714 3713 3716
3714 3716 3717
3713 3718 3716
3713 3712 3719
3713 3719 3718
3715 3719 3712
3718 3719 3720
3718 3720 3721
3722 3721 3720
3722 3720 3723
3724 3722 3723
3724 3723 3725
3725 3723 3726
3720 3726 3723
3725 3726 3727
3726 3728 3727
3719 3729 3720
3720 3729 3726
3726 3730 3728
3730 3726 3729
3730 3731 3728
3730 3732 3731
3711 3732 3730
3719 3733 3729
3715 3733 3719
3730 3729 3734
3711 3730 3734
3734 3729 3733
3735 3733 3715
3711 3735 3715
3734 3735 3711
3734 3733 3735
3736 3737 3738
3736 3738 3739
3740 3736 3739
3741 3740 3739
3741 3739 3742
3741 3742 3743
3740 3744 3736
3745 3744 3740
3745 3740 3746
3747 3744 3745
3746 3740 3748
3741 3748 3740
3746 3748 3749
3747 3750 3744
3751 3750 3747
3752 3736 3744
3752 3744 3750
3753 3736 3752
3753 3754 3736
3749 3748 3755
3749 3755 3756
3755 3757 3756
3748 3741 3758
3748 3758 3755
3741 3759 3758
3741 3760 3759
3761 3752 3750
3751 3761 3750
3751 3762 3761
3751 3763 3762
3764 3762 3763
3764 3765 3762
3762 3765 3766
3761 3767 3752
3767 3761 3762
3768 3752 3767
3768 3767 3769
3762 3766 3770
3767 3762 3770
3766 3771 3770
3766 3772 3771
3767 3770 3773
3767 3773 3774
3775 3776 3777
3775 3777 3758
3758 3777 3778
3758 3778 3755
3755 3778 3757
3779 3757 3778
3777 3779 3778
3779 3780 3757
3777 3781 3779
3777 3782 3781
3777 3783 3782
3784 3785 3786
3786 3785 3787
3786 3787 3788
3787 3785 3789
3787 3789 3790
3790 3789 3791
3790 3791 3792
3793 3792 3791
3793 3794 3792
3795 3794 3793
3795 3793 3796
3797 3795 3796
3797 3798 3795
3799 3800 3801
3799 3802 3800
3803 3802 3799
3803 3804 3802
3802 3805 3800
3804 3806 3802
3802 3806 3805
3806 3807 3805
3807 3806 3808
3809 3807 3808
3809 3808 3810
3811 3809 3810
3811 3812 3809
3812 3811 3813
3812 3813 3814
3815 3816 3817
3815 3817 3818
3819 3815 3818
3819 3818 3820
3818 3817 3821
3820 3818 3822
3818 3821 3822
3822 3821 3823
3823 3824 3822
3825 3824 3823
3825 3823 3826
3827 3825 3826
3827 3826 3828
3829 3827 3828
3829 3828 3830
3831 3832 3833
3831 3833 3834
3835 3831 3834
3833 3836 3834
3833 3837 3836
3838 3836 3837
3838 3837 3839
3839 3840 3838
3839 3841 3840
3840 3841 3842
3840 3842 3843
3842 3844 3843
3842 3845 3844
3846 3847 3848
3849 3847 3846
3850 3851 3852
3850 3852 3853
