byte offset: 0
first index: 0
index count: 7104
topology: trianglelist
format: DXGI_FORMAT_R16_UINT

0 1 2
3 4 1
3 1 5
1 6 5
1 7 6
8 7 1
9 8 1
9 10 8
5 6 11
5 11 12
13 5 12
13 12 14
8 15 7
10 16 8
16 15 8
7 17 6
6 18 11
6 17 18
19 7 15
7 19 17
20 12 11
11 18 21
11 21 20
20 22 12
22 23 12
22 24 23
19 15 25
16 26 15
26 25 15
27 17 19
25 27 19
22 20 28
20 21 29
20 29 28
22 28 30
30 31 22
30 32 31
26 33 25
34 26 16
34 33 26
25 35 27
33 35 25
30 28 36
37 28 29
37 36 28
38 32 30
30 36 38
34 16 39
39 16 40
10 40 16
40 10 41
34 42 33
39 43 34
43 42 34
42 44 33
33 44 35
45 35 44
35 45 46
45 44 47
44 48 47
35 46 27
44 49 48
42 49 44
27 46 50
27 50 51
27 51 17
52 51 50
53 17 51
52 53 51
53 52 54
53 18 17
53 54 55
55 18 53
56 55 54
57 49 42
43 57 42
55 58 18
58 21 18
56 59 55
59 58 55
59 56 60
61 21 58
59 61 58
61 29 21
59 60 62
61 59 62
29 61 63
61 62 63
29 63 37
64 62 60
63 62 64
64 60 65
64 65 66
37 63 67
63 64 67
64 66 68
67 64 68
68 66 69
37 67 70
70 36 37
67 68 71
70 67 71
68 69 72
71 68 72
73 72 69
70 74 36
38 36 74
70 71 75
75 74 70
71 72 76
75 71 76
72 77 76
72 78 77
38 74 79
75 80 74
79 74 80
75 76 81
81 80 75
82 81 76
82 76 83
81 84 80
82 84 81
85 38 79
38 85 32
79 80 86
86 80 84
85 79 87
87 79 86
85 88 32
89 32 88
89 88 90
85 91 88
87 91 85
90 88 92
91 92 88
90 92 93
94 90 93
95 90 94
95 94 96
86 84 97
87 86 98
97 98 86
87 99 91
98 99 87
100 97 84
82 100 84
91 101 92
91 99 102
91 102 101
98 103 99
103 102 99
97 104 98
104 103 98
103 104 105
101 106 92
106 93 92
107 104 97
100 107 97
108 101 102
101 108 106
103 109 102
103 105 109
109 110 102
108 102 110
111 105 104
107 111 104
109 112 110
112 109 105
107 100 113
111 107 114
107 113 114
115 114 113
100 116 113
100 82 116
117 116 82
117 82 118
113 116 119
113 119 120
119 116 121
119 121 122
111 123 105
111 114 124
111 125 123
111 124 125
126 105 123
123 125 127
123 127 126
128 127 125
128 129 127
130 125 124
130 131 125
132 124 114
132 130 124
132 133 130
134 132 114
134 114 135
126 136 105
112 105 136
137 127 129
137 126 127
138 112 136
139 136 126
138 136 139
137 140 126
139 126 140
129 141 137
140 137 141
112 138 142
112 142 110
143 110 142
143 108 110
140 144 139
139 145 138
139 144 145
146 142 138
146 138 145
140 141 147
140 147 144
144 148 145
146 145 148
149 143 142
149 142 146
147 150 144
144 150 148
108 143 151
143 149 152
143 152 151
108 151 153
153 106 108
147 141 154
147 155 150
147 154 155
154 141 156
129 156 141
149 157 152
158 151 152
157 158 152
159 153 151
158 159 151
160 106 153
159 160 153
149 161 157
146 161 149
158 162 159
162 160 159
160 163 106
106 163 93
164 163 160
162 164 160
146 165 161
146 148 165
166 93 163
164 166 163
157 167 158
158 168 162
167 168 158
161 169 157
157 170 167
157 169 170
171 170 169
167 172 168
172 167 170
173 162 168
173 168 172
172 170 174
174 170 171
174 173 172
175 164 162
173 175 162
176 166 164
175 176 164
161 177 169
169 177 178
161 165 177
165 178 177
171 169 179
169 178 179
165 180 178
148 180 165
171 179 181
178 181 179
148 182 180
150 182 148
150 183 182
155 183 150
184 178 180
185 180 182
185 184 180
178 186 181
184 186 178
187 182 183
187 185 182
188 181 186
184 188 186
155 189 183
190 187 183
190 183 189
155 191 189
155 154 191
192 191 154
189 191 193
189 193 190
192 193 191
192 154 194
154 156 194
195 194 156
129 195 156
196 195 129
196 197 195
195 198 194
198 192 194
199 198 195
199 195 200
199 200 201
198 202 192
199 202 198
203 192 202
199 203 202
203 204 192
192 204 193
203 199 205
205 204 203
199 206 205
199 207 206
193 204 208
205 208 204
193 208 209
190 193 209
208 205 210
209 208 210
211 210 205
211 205 212
190 209 213
213 187 190
209 210 214
214 213 209
213 215 187
215 185 187
214 216 213
215 213 216
210 217 214
217 216 214
218 217 210
218 219 217
215 220 185
220 184 185
215 216 221
220 215 221
217 222 216
222 217 219
221 216 222
220 223 184
184 223 188
220 221 224
224 223 220
221 222 225
224 221 225
222 219 226
225 222 226
188 223 227
224 228 223
228 227 223
224 225 229
229 228 224
229 230 228
229 225 231
225 226 231
227 232 188
188 232 181
228 233 227
233 228 230
234 230 229
229 231 234
227 235 232
233 235 227
232 236 181
171 181 236
237 232 235
232 237 236
233 238 235
233 230 239
239 238 233
237 235 240
240 235 238
241 237 240
236 237 242
241 242 237
243 171 236
236 242 243
240 238 244
241 240 244
243 245 171
243 246 245
174 171 245
246 174 245
246 247 174
174 247 173
248 173 247
175 173 248
249 247 246
248 247 249
175 248 250
250 176 175
249 251 248
250 248 251
243 252 246
253 252 243
253 243 242
253 242 254
242 241 254
249 246 255
256 246 252
256 255 246
252 253 257
252 257 256
255 258 249
249 258 251
259 253 254
259 257 253
260 255 256
255 260 258
261 251 258
262 258 260
261 258 262
263 251 261
250 251 263
264 256 257
260 256 265
264 265 256
262 260 266
265 266 260
267 257 259
267 264 257
261 262 268
268 262 266
261 268 269
263 261 270
270 261 271
270 271 272
270 273 263
270 274 273
250 263 273
275 270 272
275 276 270
250 273 277
250 277 176
277 273 278
279 176 277
277 278 279
279 280 176
176 280 166
281 280 279
278 281 279
282 278 273
282 273 283
284 166 280
281 284 280
278 285 281
282 285 278
284 286 166
166 286 93
93 286 287
94 93 287
288 287 286
288 286 284
287 289 94
287 288 289
289 290 94
289 291 290
284 281 292
293 288 284
293 284 292
294 289 288
294 288 293
289 294 295
289 295 296
281 297 292
297 281 285
297 285 298
299 294 293
300 294 299
300 299 301
302 293 292
302 292 297
299 293 302
303 302 297
303 297 304
302 305 299
302 303 305
305 303 306
306 303 307
306 307 308
309 299 305
309 310 299
305 306 311
312 305 311
312 313 305
306 314 311
311 314 315
311 315 316
306 317 314
317 318 314
319 317 306
319 306 320
321 322 314
323 324 317
129 325 326
327 328 329
330 331 327
332 327 331
333 332 331
333 331 334
332 335 327
327 335 336
336 337 327
336 338 337
339 336 335
340 336 339
340 339 341
332 342 335
332 343 342
332 344 343
339 335 345
342 345 335
346 339 345
347 339 346
347 346 348
342 349 345
349 342 350
349 350 351
346 345 352
349 352 345
353 346 352
354 346 353
354 355 346
349 356 352
349 357 356
357 358 356
357 349 359
357 359 360
356 361 352
353 352 361
356 358 361
362 353 361
353 362 363
353 363 364
365 361 358
362 361 365
365 358 366
362 365 367
366 367 365
366 358 368
366 369 367
368 369 366
370 368 358
368 371 369
371 368 370
370 358 372
370 372 373
357 372 358
372 357 374
369 375 367
369 376 375
376 369 371
376 371 377
378 367 375
379 377 371
371 370 380
379 371 380
381 380 370
381 382 380
379 380 383
379 383 384
378 385 367
362 367 385
378 386 385
378 387 386
388 386 387
389 362 385
389 385 386
389 390 362
389 391 390
388 392 386
392 389 386
392 388 393
394 389 392
394 395 389
392 393 396
397 392 396
397 396 398
396 393 399
396 399 400
400 401 396
400 402 401
403 400 399
399 404 403
403 405 400
405 406 400
405 407 406
405 403 408
403 409 408
403 410 409
409 411 408
409 412 411
405 408 413
411 413 408
414 405 413
414 415 405
411 416 413
416 417 413
416 418 417
412 419 411
419 416 411
419 420 416
416 421 418
416 422 421
421 423 418
421 424 423
412 425 419
425 426 419
427 419 426
427 426 428
425 429 426
430 425 412
431 425 430
431 432 425
430 412 433
412 434 433
412 435 434
436 431 430
436 430 433
436 433 437
438 437 433
438 439 437
437 440 436
436 441 431
440 441 436
440 442 441
439 443 437
437 443 440
444 443 439
444 445 443
446 440 443
446 443 445
447 440 446
447 448 440
449 446 445
450 449 445
450 445 451
447 446 452
449 452 446
453 452 449
447 452 454
453 454 452
455 447 454
456 447 455
456 455 457
453 449 458
449 459 458
449 460 459
453 458 461
461 458 462
461 462 463
453 464 454
455 454 465
464 465 454
466 455 465
466 467 455
468 455 467
468 467 469
453 461 470
453 471 464
453 470 471
464 472 465
473 472 464
473 464 471
465 472 474
473 474 472
465 474 475
473 476 474
477 473 471
470 478 471
477 471 478
479 473 477
479 480 473
481 477 478
481 482 477
479 477 483
479 483 484
484 485 479
484 486 485
479 485 487
479 487 488
470 489 478
490 478 489
490 491 478
489 492 490
493 489 470
489 493 492
493 470 461
494 492 493
494 493 461
494 495 492
494 461 496
494 496 497
494 498 499
500 501 502
384 503 502
384 504 503
505 506 119
119 507 508
509 510 132
130 511 512
513 514 515
516 517 514
516 514 518
519 520 331
521 522 331
523 524 525
524 526 527
524 528 529
524 530 531
531 532 524
531 533 532
533 531 534
533 534 535
531 536 534
531 537 536
538 534 536
539 534 538
539 540 534
538 536 541
542 539 538
543 539 542
538 541 544
542 538 544
543 545 539
545 546 539
545 547 546
548 545 543
548 543 549
550 547 545
550 545 551
541 536 552
544 541 553
541 552 553
536 554 552
536 555 554
553 552 556
554 556 552
554 557 556
544 553 558
553 556 559
558 553 559
560 544 558
542 544 560
542 560 561
543 542 561
543 561 562
543 562 563
564 543 563
564 563 565
560 558 566
566 558 567
558 559 567
566 567 568
567 569 568
567 570 569
559 570 567
559 571 570
572 571 559
556 572 559
573 572 556
570 574 569
573 575 572
570 576 574
571 576 570
574 576 577
574 577 578
575 579 572
572 579 571
580 577 576
571 580 576
578 577 581
578 581 582
581 583 582
580 584 577
584 581 577
581 585 583
585 586 583
584 587 581
587 585 581
588 584 580
571 589 580
589 588 580
590 587 584
588 590 584
588 591 590
585 592 586
586 592 593
586 593 594
585 595 592
592 595 596
592 596 597
587 598 585
585 598 595
587 599 598
587 600 599
590 600 587
598 601 595
598 602 601
595 601 603
595 603 604
605 600 590
600 605 606
600 606 607
605 590 608
591 608 590
605 608 609
608 591 609
610 611 605
605 612 613
601 614 615
601 615 616
601 616 617
601 617 618
619 616 620
616 621 622
623 624 625
626 625 627
625 628 629
625 629 474
630 625 474
630 631 625
418 632 633
634 635 636
636 637 638
639 640 636
639 636 641
636 642 641
636 643 642
643 636 644
643 644 645
643 645 646
643 646 647
642 643 647
642 647 648
649 648 647
642 648 650
649 650 648
641 642 651
642 650 651
639 641 652
641 651 652
651 650 653
651 653 654
654 652 651
654 655 652
639 652 656
656 652 655
639 656 657
639 657 658
658 659 639
658 660 659
661 655 654
661 654 662
661 662 663
656 655 664
664 665 656
664 666 665
661 667 655
667 664 655
667 668 664
667 661 669
669 661 670
669 670 671
667 669 672
669 673 672
674 667 672
674 675 667
676 664 677
678 679 669
680 681 672
682 683 684
684 685 686
684 686 687
688 684 687
689 684 688
688 687 690
690 691 688
692 688 691
690 687 693
687 694 693
687 695 694
690 696 691
696 697 691
696 698 697
699 696 690
690 693 699
699 700 696
700 701 696
700 702 701
703 699 693
704 703 693
704 693 705
706 700 699
703 706 699
706 707 700
700 707 708
700 708 709
703 710 706
711 707 706
710 711 706
703 43 710
703 57 43
703 712 57
39 710 43
713 710 39
713 711 710
39 40 713
711 714 707
714 715 707
707 715 716
717 711 713
717 714 711
713 40 718
713 718 717
719 714 717
719 715 714
718 719 717
40 720 718
40 721 720
719 718 722
715 719 723
719 722 723
718 724 722
718 725 724
726 722 724
726 727 722
723 722 728
723 728 729
715 723 730
730 723 731
730 731 732
715 730 733
733 730 734
733 734 735
715 733 736
737 715 736
737 736 738
736 733 739
740 736 739
740 739 741
739 733 742
742 733 743
742 743 744
739 742 745
745 742 746
747 739 745
747 748 739
749 715 750
742 751 752
745 753 754
755 756 757
757 758 759
757 760 758
761 760 757
757 762 761
761 763 760
764 763 761
764 761 765
766 760 763
767 760 766
767 768 760
766 763 769
770 769 763
770 763 771
772 766 769
773 772 769
773 769 774
772 775 766
775 776 766
775 777 776
778 775 772
779 778 772
779 772 780
781 778 779
778 782 775
782 783 775
782 784 783
781 785 778
782 778 785
786 785 781
786 787 785
782 785 788
787 788 785
789 782 788
789 788 790
788 791 790
788 792 791
787 792 788
791 792 793
787 793 792
791 793 794
793 795 794
787 796 793
796 795 793
787 797 796
787 798 797
799 796 797
796 800 795
799 800 796
795 800 801
802 800 799
803 804 800
805 806 807
808 809 810
811 808 812
811 813 808
814 808 813
815 808 814
814 813 816
814 816 817
818 816 813
818 817 816
814 817 819
819 820 814
821 819 817
821 822 819
818 813 823
824 823 813
824 825 823
818 826 817
827 817 826
827 826 828
823 829 818
826 818 829
823 268 829
830 268 823
830 831 268
268 266 829
826 829 832
832 833 826
832 834 833
835 829 266
835 832 829
836 832 835
265 835 266
836 835 837
265 837 835
265 264 837
838 837 264
838 264 267
839 837 838
839 840 837
841 838 267
841 267 259
838 842 839
838 843 842
841 843 838
841 259 844
254 844 259
254 845 844
254 241 845
844 845 846
845 241 846
841 844 847
844 846 847
846 241 848
241 244 848
849 843 841
841 847 849
847 846 850
846 848 850
849 847 851
847 850 851
848 244 852
853 850 848
853 848 852
854 851 850
854 850 853
849 851 855
855 851 854
853 856 854
853 857 856
857 853 852
849 858 843
858 849 855
852 244 859
859 244 238
855 854 860
860 854 861
860 861 862
843 858 863
843 863 864
858 855 865
865 855 860
865 863 858
852 859 866
857 852 866
859 238 867
239 867 238
868 867 239
230 868 239
230 869 868
868 870 867
869 870 868
867 871 859
867 870 871
859 872 866
859 871 872
873 857 866
873 866 872
874 872 871
873 872 874
870 875 871
874 871 875
857 873 876
857 876 877
230 878 869
234 878 230
234 879 878
869 878 879
870 880 875
869 880 870
873 874 881
876 873 881
882 881 874
234 883 879
231 883 234
874 875 884
882 874 884
885 884 875
882 884 885
886 875 880
885 875 886
887 880 869
886 880 887
876 881 888
888 881 882
869 879 889
887 869 889
879 890 889
887 889 890
879 891 890
879 883 891
891 883 892
231 892 883
893 892 231
893 231 226
226 894 893
226 219 894
895 892 893
894 895 893
891 892 896
895 896 892
897 894 219
897 219 898
899 894 897
899 900 894
900 895 894
891 896 901
902 896 895
902 901 896
891 901 903
890 891 903
902 904 901
902 905 904
902 906 905
895 906 902
895 907 906
903 901 908
909 908 901
909 910 908
890 903 911
903 908 912
911 903 912
912 908 913
914 913 908
912 913 915
916 912 915
911 912 916
916 915 917
918 890 911
887 890 918
919 911 916
918 911 919
920 916 917
919 916 920
920 917 921
887 918 922
887 922 886
918 919 923
920 923 919
918 923 922
921 924 920
920 924 923
921 925 924
886 922 926
923 926 922
886 926 885
925 927 924
925 928 927
924 929 923
923 929 926
924 927 929
930 926 929
930 929 927
931 885 926
930 931 926
931 882 885
932 927 928
930 927 932
932 928 933
934 932 933
930 932 934
934 933 935
930 934 936
931 930 937
937 882 931
938 937 930
938 939 937
937 940 882
939 940 937
888 882 940
939 941 940
940 942 888
940 943 942
876 888 942
944 934 935
944 935 945
944 945 946
944 946 947
934 944 948
947 948 944
934 948 949
947 950 948
950 947 951
950 951 952
951 947 953
951 953 954
876 942 955
956 876 955
956 955 957
942 958 955
959 955 958
959 958 960
942 961 958
962 961 942
962 963 961
961 964 958
965 958 964
965 964 966
961 967 964
968 967 961
968 969 967
970 964 967
971 964 970
971 970 972
970 967 973
974 970 973
973 967 975
973 975 976
970 977 978
979 973 980
981 982 819
983 984 985
985 986 987
988 989 985
988 990 989
988 985 991
988 991 992
993 994 988
993 995 994
996 988 994
996 994 997
998 999 994
1000 994 1001
1000 1001 1002
1003 1004 1005
1006 1007 1005
1006 1005 1008
1009 1008 1005
1009 1010 1008
1006 1008 1011
1011 1012 1006
1011 1013 1012
1011 1008 1014
1014 1008 1015
1014 1015 1016
1011 1014 1017
1018 1017 1014
1017 1019 1011
1017 1020 1019
1020 1017 1018
1020 1018 1021
1018 1014 1022
1022 1014 1023
1022 1023 1024
1022 1025 1018
1026 1025 1022
1026 1027 1025
1025 1028 1018
1018 1029 1021
1018 1028 1029
1025 1030 1028
1031 1030 1025
1031 1032 1030
1030 1033 1028
1030 1034 1033
1028 1035 1029
1028 1036 1035
1037 1021 1029
1038 1037 1029
1038 1029 1039
1040 1021 1037
1040 1041 1021
1042 1040 1037
1042 1043 1040
1044 1045 1030
1044 1046 1045
1047 1048 1037
1047 1037 1049
1050 1051 1040
1052 1040 1051
1052 1051 1053
1050 1054 1051
1055 1051 1054
1055 1054 1056
1057 1051 1055
1057 1058 1051
1059 1060 1055
1059 1055 1061
1061 1055 1062
1061 1062 1063
1064 1065 1061
1064 1061 1066
1066 1061 1067
1066 1067 1068
1069 1070 1066
1071 1066 1072
1073 1074 1075
1073 1076 1077
1073 1077 1078
1078 1079 1073
1073 1079 1080
1078 1081 1079
1079 1081 1082
1079 1082 1083
1084 1081 1078
1085 1084 1078
1085 1078 1086
1084 1087 1081
1087 1088 1081
1087 1089 1088
1090 1087 1084
1091 1090 1084
1091 1084 1092
1093 1090 1091
1090 1094 1087
1094 1095 1087
1094 1096 1095
1093 1097 1090
1097 1094 1090
1093 1098 1097
1093 1099 1098
1100 1098 1099
1100 1101 1098
1102 1101 1100
1102 1103 1101
1097 1098 1104
1104 1098 1101
1097 1105 1094
1097 1104 1105
1094 1105 1106
1094 1106 1107
1104 1108 1105
1104 1109 1108
1104 1101 1110
1111 1104 1110
1111 1110 1112
1101 839 1110
1101 1113 839
839 1114 1110
839 864 1114
1115 1116 1117
724 1118 1119
724 1120 1121
1122 1123 1079
1124 1125 1126
1127 1128 1126
1129 1130 1126
1129 1131 1130
1132 1129 1126
1132 1133 1129
1129 1133 1134
1134 1135 1129
1134 1136 1135
1134 1133 1137
1138 1137 1133
1138 1139 1137
1134 1137 1140
1140 1141 1134
1140 1142 1141
1140 1137 1143
1140 1143 1144
1145 1146 1133
1147 1148 1137
1147 1149 1148
1150 1140 1151
1150 1151 1152
1153 1154 10
1155 1156 1157
1158 1159 1157
1158 1157 1160
1161 1160 1157
1161 1162 1160
1163 1158 1160
1160 1164 1163
1165 1158 1163
1165 1163 1166
1167 1163 1164
1167 1164 1168
1160 1169 1164
1170 1169 1160
1170 1171 1169
1172 1164 1169
1172 1173 1164
1174 1158 1175
1176 1177 1169
1176 1178 1177
1164 1179 1180
1164 1180 1181
1182 1183 1184
1183 1185 1186
1183 1187 1185
1183 1188 1187
1183 1189 1188
1183 1190 1189
1189 1190 1191
1189 1192 1188
1189 1193 1192
1194 1187 1188
1195 1187 1194
1195 1196 1187
1194 1188 1197
1198 1197 1188
1198 1188 1199
1200 1194 1197
1201 1194 1200
1200 1197 1202
1203 1202 1197
1203 1204 1202
57 1200 1202
57 1205 1200
57 1202 49
1206 49 1202
1206 1202 1207
1194 1208 1209
1194 1209 1210
1211 1212 1213
1213 1214 1215
1213 1215 1216
1217 1216 1215
1217 1218 1216
1213 1216 1219
1220 1213 1219
1220 1219 1221
1219 1216 1222
1222 1216 1223
1222 1223 1224
1219 1222 1225
1225 1226 1219
1225 1227 1226
1225 1222 1228
1225 1228 1229
1215 1230 1231
1222 1232 1233
1222 1233 1234
1235 1225 1236
1235 1236 1237
210 1238 1239
1240 1241 1242
1243 1240 1244
1240 1245 1244
1244 1245 1246
1244 1246 1247
1240 1248 1245
1249 1245 1248
1250 1245 1249
1250 1249 1251
1240 1252 1248
1252 1240 1253
1252 1253 1254
1255 1248 1252
1255 1252 1256
1255 1256 1257
1255 1258 1248
1249 1248 1258
1259 1258 1255
1260 1259 1255
1260 1261 1259
1262 1249 1258
1259 1262 1258
1262 1263 1249
1263 1264 1249
1265 1249 1264
1265 1264 1266
1267 1262 1259
1268 1267 1259
1268 1259 1269
1263 1262 1270
1267 1270 1262
1271 1270 1267
1271 1267 1272
1271 1272 1273
1263 1270 1274
1274 1264 1263
1274 1275 1264
1275 1276 1264
1277 1274 1270
1271 1277 1270
1277 1278 1274
1278 1275 1274
1271 1279 1277
1278 1277 1279
1278 1280 1275
1278 1279 1281
1280 1278 1281
1280 1282 1275
1280 1283 1282
1280 1281 1284
1285 1280 1284
1285 1284 1286
1287 1284 1281
1287 1288 1284
1288 1289 1284
1288 1290 1289
1281 1291 1287
1281 1279 1291
1279 1292 1291
1279 1293 1292
1271 1293 1279
1292 1293 1294
1292 1294 1295
1296 1295 1294
1293 1271 1297
1293 1297 1294
1298 1297 1271
1296 1294 1299
1299 1294 1297
1300 1296 1299
1299 1297 1301
1299 1301 1302
1300 1299 1303
1303 1299 1304
1303 1304 1305
1300 1303 1306
1300 1306 1307
1300 1307 1308
1306 1303 1309
1307 1306 1309
1310 1309 1303
1310 1311 1309
1307 1309 1312
1313 1312 1309
1313 1314 1312
1312 1315 1307
1316 1307 1315
1316 1317 1307
1316 1315 1318
1316 1318 1319
1312 1320 1315
1320 1318 1315
1312 1321 1320
1312 1322 1321
1320 1323 1318
1323 1320 1321
1324 1319 1318
1323 1325 1318
1324 1318 1325
1323 1326 1325
1327 1324 1325
1328 1327 1325
1328 1329 1327
1327 1330 1324
1323 1321 1331
1331 1321 1332
1331 1332 1333
1334 1323 1331
1334 1335 1323
1336 1334 1331
1336 1337 1334
1338 1321 1339
1327 1340 1341
1342 1327 1343
1344 1334 1345
1344 1345 1346
1347 1334 1344
1347 1344 1348
1349 1344 1350
1351 1344 1352
1275 1353 1354
1275 1355 1356
1275 1357 1358
1359 1360 1361
1290 1360 1362
1290 1362 1363
1244 1364 1365
1366 1367 1368
1369 1367 1370
1369 1371 1367
1372 1371 1373
1372 1374 1371
1375 1367 1376
1375 1376 1377
1378 1374 1379
1378 1380 1374
1381 1382 1380
1381 1383 1382
1384 1382 1385
1384 1385 1386
1387 1384 1388
1387 1389 1384
1390 1389 1391
1390 1391 1392
1393 1390 1394
1393 1395 1390
1395 1396 1397
1395 1397 1398
1398 1399 1400
1398 1400 1401
1402 1403 1401
1402 1404 1403
1403 1405 1406
1403 1406 1407
1408 1407 1409
1408 1409 1410
1411 1412 1408
1411 1413 1412
1412 1414 1415
1412 1415 1416
1417 1418 1416
1417 1419 1418
1420 1421 1418
1420 1422 1421
1423 1421 1424
1423 1424 1425
1423 1426 1427
1423 1427 1428
1428 1429 1430
1428 1430 1431
1432 1433 1431
1432 1434 1433
1435 1436 1433
1435 1437 1436
1438 1439 1436
1438 1440 1439
1441 1442 1439
1441 1443 1442
1444 1445 1442
1444 1446 1445
1445 1447 1448
1445 1448 1449
1450 1449 1451
1450 1451 1452
1450 1453 1454
1450 1454 1455
1456 1455 1457
1456 1457 1458
1459 1456 1460
1459 1460 1461
1462 1463 1459
1462 1464 1463
1465 1466 1463
1465 1467 1466
1468 1469 1466
1468 1470 1469
1471 1472 1469
1471 1473 1472
1474 906 1475
1476 897 1477
897 1478 1479
1480 1481 1482
1483 1484 1485
1483 1486 1487
1488 1489 1483
1490 1483 1491
1492 1483 1493
1492 1494 1483
1494 1495 1483
1494 1496 1495
1497 1496 1494
1497 1494 1498
1498 1494 1492
1499 1497 1498
1500 1498 1492
1499 1498 1500
1500 1492 1501
1502 1499 1500
1501 1502 1500
1502 1503 1499
1501 1504 1502
1505 1506 1502
1505 1502 1507
1508 1507 1502
1508 1509 1507
1510 1507 1509
1510 1509 1511
1510 1512 1507
1510 1513 1512
1510 1514 1513
1515 1516 1510
1517 1518 1519
1520 1521 1518
1520 1518 1522
1522 1518 1523
1518 1524 1523
1522 1523 1525
1525 1523 1526
1525 1526 1527
1528 1522 1525
1522 1528 1324
1522 1324 1529
1319 1324 1528
1319 1528 1530
1531 1319 1530
1531 1530 1532
1528 1525 1533
1530 1528 1533
1525 1534 1533
1525 1535 1534
1536 1533 1534
1530 1533 1536
1536 1534 1537
1536 1537 1538
1539 1530 1536
1539 1540 1530
1541 1542 1536
1543 1544 1545
1546 1547 1543
1548 1543 1549
1548 1550 1543
1543 1550 1551
1543 1551 1552
1553 1550 1554
1553 951 1550
1550 951 1555
1550 1555 1556
1557 1558 1559
1559 1560 1561
1562 1559 1561
1562 1561 1563
1564 1559 1562
1564 1562 1565
1566 1567 1562
1566 1562 1568
1568 1562 1569
1568 1569 650
649 1568 650
649 1570 1568
649 1571 1570
1572 650 1573
650 1574 1575
1576 1577 649
1576 649 1578
1578 1579 1576
647 1578 649
1578 1580 1579
1579 1580 1581
1579 1581 1582
647 1583 1578
1584 1578 1583
1584 1583 647
1584 647 1585
1580 1586 1587
1588 1586 1589
1584 1590 1591
1590 647 1592
1593 1594 647
1593 647 1595
1596 1597 1598
1599 1600 1597
1599 1597 1601
1602 1601 1597
1602 1597 1603
1597 1604 1603
1603 1605 1602
1603 1606 1605
1607 1601 1602
1607 1608 1601
1602 1609 1607
1602 1610 1609
1611 1603 1612
1613 1614 1601
1613 1601 1615
1616 1617 1607
1607 1618 1616
1616 1619 1620
1621 1622 1607
1621 1623 1622
1624 1625 1626
1627 1628 1626
1626 1629 1627
1629 1630 1627
1629 1631 1630
1626 1632 1629
1633 1632 1626
1633 1634 1632
1632 1635 1629
1635 1636 1629
1635 1637 1636
1632 1638 1635
1639 1638 1632
1639 1640 1638
1638 1641 1635
1641 1642 1635
1641 1643 1642
1638 1644 1641
1645 1644 1638
1645 1646 1644
1644 1647 1641
1647 1648 1641
1647 1649 1648
1644 1650 1647
1651 1650 1644
1651 1652 1650
1650 1653 1647
1654 1647 1653
1654 1655 1647
1650 1656 1653
1650 1657 1656
1650 1658 1657
1656 1659 1653
1656 1660 1659
1661 1660 1656
1661 1662 1660
1663 1664 1653
1665 1660 1666
1660 1667 1668
1669 1667 1660
1669 1670 1667
1671 1672 1673
1674 1672 1675
1674 1675 439
1676 1677 439
1678 1679 1680
1678 1681 1682
1678 1682 1683
1678 1683 1684
1678 1684 1685
1686 1683 1682
1686 1687 1683
1682 1688 1689
1690 1678 1691
1690 1691 1692
1693 1694 1683
1693 1695 1694
1695 1696 1697
1698 1699 1682
1698 1682 1700
1682 1701 1700
1682 1702 1701
1701 1703 1700
1704 1705 1700
1706 1707 1708
1709 1708 1710
1708 1711 1710
1711 1712 1710
1708 1713 1711
1714 1713 1708
1714 1715 1713
1713 1716 1711
1711 1716 1717
1711 1717 1718
1713 1719 1716
1720 1719 1713
1720 1721 1719
1719 1722 1716
1719 1723 1722
1724 1725 1710
1716 1726 1727
1716 1727 1728
1729 1730 1719
1729 1731 1730
1732 1733 1734
1735 1736 1734
1737 1734 1736
1737 1738 1734
1738 1739 1734
1738 1740 1739
1737 1741 1738
1737 1742 1741
1743 1737 1736
1743 1744 1737
1743 1745 1744
1746 1745 1743
1746 1747 1745
1743 1736 1748
1749 1748 1736
1750 1743 1748
1750 1751 1743
1752 1753 1748
1754 1755 1738
1754 1756 1755
1757 1758 1759
1760 1757 1761
1760 1762 1757
1757 1762 1763
1762 1764 1763
1762 1765 1764
1757 1763 1766
1766 1767 1757
1766 1768 1767
1769 1768 1766
1769 1766 1770
1771 1766 1763
1771 1770 1766
1771 1772 1770
1773 1771 1763
1773 1763 1774
1770 1775 1776
1777 1778 1771
1779 1780 1768
1781 1782 1768
1781 1783 1782
1784 1785 1786
1787 1788 433
1789 1790 1006
1791 1792 1793
1792 1794 1795
1796 1797 1792
1796 1798 1797
1797 1799 1792
1797 1800 1799
1801 1802 1797
1802 1803 1797
1801 1804 1802
1802 1805 1803
1804 1806 1802
1806 1805 1802
1804 1807 1806
1807 1804 1808
1804 1809 1808
1804 1810 1809
1808 1809 1811
1808 1811 1812
1807 1808 1813
1813 1808 1814
1813 1814 1815
1806 1807 1816
1807 1813 589
1807 589 1816
1813 588 589
571 1816 589
1813 1817 588
1817 1813 1818
588 1817 591
591 1817 1819
1820 1816 571
1806 1816 1820
579 1820 571
1821 1806 1820
1821 1820 579
1806 1821 1805
575 1821 579
1821 1822 1805
1821 575 1822
575 1823 1822
575 1824 1823
1805 1822 1825
1805 1825 1826
1822 1827 1825
1822 1828 1827
1825 1829 1830
1825 1830 1831
1832 1825 1831
1832 1831 1833
1831 1834 1835
1836 1837 1831
1838 1839 1840
1841 1842 1839
1841 1843 1842
1842 1844 1839
1842 1845 1844
1846 1847 1839
1842 1848 1849
1842 1849 554
1842 554 1850
1842 1850 1851
1852 1853 1854
1853 1855 1856
1853 1857 1858
1853 1858 591
591 1859 1853
591 1860 1859
1861 1862 1863
1862 1864 1865
1866 547 1862
1866 1867 547
547 1868 1862
547 1869 1868
1870 1871 1872
1873 1874 1872
1873 1872 1875
1876 1875 1872
1876 1872 1877
1872 1878 1877
1876 1877 1879
1876 1879 1880
1881 1875 1876
1882 1881 1876
1882 1883 1881
1881 1884 1875
1881 1885 1884
1881 1886 1885
1887 1875 1884
1887 1888 1875
1877 1889 1890
1891 1892 1884
1891 1884 1893
1894 1895 1896
1897 1898 691
1899 1900 1901
1902 1903 1901
1902 1901 1904
1905 1904 1901
1905 1901 1906
1901 1907 1906
1908 1905 1906
1908 1906 1909
1904 1905 1910
1905 1911 1910
1905 1912 1911
1904 1910 1913
1913 1914 1904
1913 1915 1914
1910 939 1913
1910 1916 939
1917 1913 939
1917 1918 1913
1906 1919 1920
1921 1910 1922
1921 1922 1923
1924 1925 1926
1927 1924 1928
1927 1929 1924
1929 1930 1924
1930 1931 1924
1929 1932 1930
1929 1933 1934
1929 1934 1935
1935 1936 1929
1935 1937 1936
1935 1938 1939
1935 1939 1940
1941 1942 1935
1941 1943 1942
1944 1945 1946
1945 1947 1948
1949 1945 1948
1949 1948 1950
1949 1951 1945
1949 1952 1951
1953 1954 1949
1953 1949 1955
1955 1949 1956
1955 1956 1957
1958 1959 1955
1958 1960 1959
1961 1955 1962
1961 1962 1963
1964 1965 1966
1966 1967 1968
1966 1969 1967
1970 1969 1966
1970 1966 1971
1966 1972 1971
1973 1970 1971
1973 1971 1974
1975 1969 1970
1976 1969 1975
1976 1977 1969
1975 1970 1978
1978 1970 1979
1978 1979 1980
1981 1975 1978
1981 1978 1982
1981 1982 1983
1981 1984 1975
1975 1984 1985
1975 1985 1986
1987 1984 1981
1984 1987 1988
1984 1988 1989
1987 1981 1990
1990 1981 1991
1990 1991 1992
1993 1987 1990
1993 1994 1987
1993 1995 1994
1993 1990 1996
1996 1990 1997
1996 1997 1998
1996 1999 1993
1999 2000 1993
1999 2001 2000
1996 2002 1999
2002 1996 2003
2002 2003 863
865 2002 863
2004 1999 2002
2004 2002 865
2004 2005 1999
2004 2006 2005
865 860 2004
860 2007 2004
860 2008 2007
2009 863 2010
2009 2010 2011
2012 2010 2013
2012 2013 2014
2014 2013 2015
1971 2016 2017
2018 2019 2020
2021 2022 1523
2023 2024 485
485 2025 2026
2027 2028 2029
2030 2031 2027
2032 2027 2033
2032 1809 2027
1809 2034 2027
1809 2035 2034
2036 2037 2038
2037 2039 2040
2037 2041 2039
2042 2041 2037
2043 2042 2037
2042 2044 2041
2045 2044 2042
2045 2042 2046
441 2041 2044
2047 2041 441
2047 441 2048
441 2044 431
2049 431 2044
2049 2050 431
2042 2051 2052
2053 2054 2055
2055 2056 2057
2055 2057 421
2058 2055 421
2058 2059 2055
2060 2055 2059
2061 2062 2063
2064 2062 2065
2066 2062 2067
2066 426 2062
2068 2062 426
2068 2069 2062
1297 2070 2071
1627 2072 2073
2074 2075 2076
2076 2077 2078
2076 2079 2080
2076 467 2079
2081 467 2076
2081 2076 2082
2083 761 2084
2085 2086 2087
2088 2089 2090
2091 2092 2090
2091 2093 2092
2094 2091 2090
2090 2095 2094
2094 2096 2091
2096 2094 2097
2096 2097 2098
2091 2096 2099
2099 2096 2100
2099 2100 2101
2091 2099 2102
2103 2091 2102
2103 2104 2091
2102 2099 2105
2105 2099 2106
2105 2106 2107
2102 2105 282
2108 2102 282
2108 2109 2102
282 2105 285
285 2105 2110
285 2110 2111
2094 2112 2113
2114 2115 2116
2117 372 2118
372 2119 2120
2121 357 2122
2123 357 2124
370 2125 2126
1264 2127 2128
2129 2130 2131
2129 2131 2132
2133 2134 2135
2133 2135 2136
272 2137 2138
272 2139 2137
272 2140 2139
272 2141 2140
2142 2139 2140
2142 2143 2139
2144 2143 2142
2144 645 2143
2143 645 2145
2143 2145 2146
2139 2143 2147
2139 2147 2148
2149 2150 2151
2149 2151 2152
2153 2151 2154
2153 2154 2155
2156 2154 2157
2156 2157 2158
2159 2157 2160
2159 2160 2161
2162 2163 2160
2162 2160 2164
2165 2166 2164
2165 2164 2167
2168 2169 2167
2168 2167 2170
2171 2172 2173
2171 2173 2174
2175 2176 2177
2175 2177 1762
2178 2179 2180
2178 2180 2181
2182 2183 2184
2182 2184 2185
2186 2187 2188
2186 2188 2189
2190 2191 2188
2190 2192 2191
2193 2194 2191
2193 2195 2194
2196 2197 2194
2196 2198 2197
2199 2200 2197
2199 2201 2200
2202 2203 2200
2202 2204 2203
2205 2206 2207
2205 2207 2208
2209 2210 2207
2209 2211 2210
2212 2213 2214
2212 2214 2215
2216 2217 2214
2216 2218 2217
2219 2220 2215
2219 2215 2221
2222 2223 2224
2222 2224 2225
2226 2227 2228
2226 2228 2229
2230 2231 2229
2230 2229 2232
2233 2234 2228
2233 2235 2234
2236 2237 2234
2236 2238 2237
2239 2240 2237
2239 2241 2240
2242 2243 2244
2242 2244 2245
2246 2247 2248
2246 2248 2249
2250 2251 2252
2250 2252 2253
2254 2255 2256
2254 2256 2257
2258 2259 2257
2258 2257 2260
2261 2262 2263
2261 2263 2264
2265 2266 2267
2265 2267 2268
2269 2270 2271
2269 2271 2272
2273 2274 2275
2276 2274 2273
2275 2274 2277
2278 2274 2276
2277 2274 2279
2280 2274 2278
2279 2274 2281
2282 2274 2280
2281 2274 2283
2284 2274 2282
2283 2274 2285
2286 2274 2284
2285 2274 2287
2288 2274 2286
2287 2274 2289
2290 2274 2288
2289 2274 2291
2292 2274 2290
2291 2274 2293
2294 2274 2292
2293 2274 2295
2296 2274 2294
2295 2274 2297
2298 2274 2296
2297 2274 2299
2300 2274 2298
2299 2274 2301
2302 2274 2300
2301 2274 2303
2304 2274 2302
2303 2274 2305
2306 2274 2304
2305 2274 2307
2308 2274 2306
2307 2274 2309
2310 2274 2308
2309 2274 2311
2312 2274 2310
2311 2274 2313
2314 2274 2312
2313 2274 2315
2316 2274 2314
2315 2274 2317
2318 2274 2316
2317 2274 2319
2320 2274 2318
2319 2274 2321
2322 2274 2320
2321 2274 2323
2324 2274 2322
2323 2274 2325
2326 2274 2324
2325 2274 2327
2328 2274 2326
2327 2274 2329
2330 2274 2328
2329 2274 2331
2332 2274 2330
2331 2274 2333
2334 2274 2332
2333 2274 2335
2336 2274 2334
2335 2274 2337
2338 2274 2336
2337 2274 2339
2340 2274 2338
2339 2274 2341
2342 2274 2340
2341 2274 2343
2344 2274 2342
2343 2274 2345
2346 2274 2344
2345 2274 2347
2348 2274 2346
2347 2274 2349
2350 2274 2348
2349 2274 2351
2351 2274 2350
