byte offset: 0
first index: 0
index count: 15744
topology: trianglelist
format: DXGI_FORMAT_R16_UINT

0 1 2
3 4 5
6 7 8
9 10 11
12 13 14
15 16 17
18 19 20
21 18 22
21 23 18
24 18 23
24 23 25
26 27 18
26 18 28
18 29 28
23 30 31
23 32 30
32 23 33
32 33 34
32 35 36
37 32 38
37 39 32
32 39 40
41 42 43
44 45 46
47 48 49
50 51 52
53 54 55
55 56 57
55 57 58
59 58 60
60 58 61
62 61 58
62 63 61
61 63 64
60 61 65
61 64 66
61 66 65
65 67 60
60 67 68
66 69 65
65 69 67
64 70 66
66 71 69
69 71 72
66 73 71
66 70 73
72 71 73
74 67 69
69 72 74
64 75 70
76 75 64
76 77 75
72 73 78
79 73 70
78 73 79
80 70 75
75 77 81
80 75 81
79 70 82
70 80 82
74 83 67
84 67 83
85 67 84
84 86 85
87 74 72
74 88 83
74 87 88
81 77 89
89 77 90
91 90 77
91 77 92
93 81 89
93 94 81
94 80 81
93 95 94
93 96 95
94 97 80
95 97 94
82 80 97
96 98 95
97 95 99
98 99 95
82 97 100
97 99 100
96 101 98
102 101 96
82 100 103
82 103 79
104 100 99
104 103 100
99 98 105
105 98 101
102 106 101
107 106 102
107 108 106
107 109 108
108 109 110
111 101 106
105 101 111
108 111 106
103 112 79
78 79 112
113 99 105
113 104 99
104 114 103
103 114 112
108 110 115
116 115 110
117 105 111
117 113 105
104 118 114
118 104 113
78 112 119
120 112 114
120 119 112
114 118 121
114 121 120
78 119 122
122 72 78
122 123 72
122 124 123
87 72 123
87 123 124
87 124 125
125 88 87
118 113 126
127 118 126
127 121 118
128 126 113
127 126 128
128 113 117
129 128 117
127 128 130
129 130 128
127 130 131
121 127 132
127 131 132
129 117 133
111 133 117
129 134 130
131 130 134
121 132 135
120 121 135
111 136 133
108 136 111
108 137 136
137 133 136
108 115 137
137 138 133
129 133 138
115 139 137
138 137 139
120 135 140
140 119 120
115 141 139
142 139 141
116 141 115
116 142 141
116 143 142
142 143 144
142 144 145
140 146 119
140 147 146
122 119 146
122 146 148
148 146 147
122 148 124
148 147 149
149 124 148
149 147 150
149 151 124
150 151 149
150 152 151
151 153 124
153 125 124
151 154 153
153 154 155
153 155 156
157 125 153
157 153 156
158 157 156
125 157 88
157 159 88
147 160 150
160 161 150
162 150 161
162 163 150
147 164 160
147 165 164
140 165 147
166 164 165
167 165 140
167 166 165
167 140 135
168 166 167
168 167 135
168 169 166
168 135 132
170 169 168
168 132 170
170 171 169
172 171 170
170 132 131
172 170 173
170 131 173
174 172 173
174 173 175
175 173 131
175 176 174
175 131 177
131 134 177
175 178 176
178 175 177
179 177 134
179 134 129
180 176 178
180 181 176
178 177 182
179 182 177
179 129 183
129 138 183
184 181 180
184 185 181
186 180 178
186 178 182
184 180 186
182 179 187
182 187 186
187 179 183
188 185 184
188 184 189
184 186 190
187 190 186
189 184 190
183 138 191
138 139 191
187 183 192
183 191 192
187 193 190
193 187 192
191 139 194
142 194 139
192 191 195
191 194 195
142 196 194
195 194 196
142 145 196
197 196 145
198 197 145
198 199 197
192 195 200
193 192 200
193 201 190
189 190 201
202 189 201
193 203 201
203 193 200
203 202 201
195 196 204
200 195 204
197 205 196
204 196 205
202 206 189
207 189 206
207 206 208
203 200 209
200 204 209
203 209 210
210 209 204
211 205 197
211 197 212
204 205 213
210 204 213
214 213 205
214 205 215
216 210 213
216 213 217
203 210 218
219 218 210
219 220 218
203 218 202
202 218 221
202 221 222
202 223 224
202 224 206
225 206 224
225 224 226
227 228 229
230 231 227
230 227 232
230 232 233
232 234 233
232 235 234
234 235 236
230 233 237
237 233 234
234 236 238
239 238 236
239 240 238
240 239 241
234 238 242
242 238 240
237 234 243
234 242 243
240 241 244
245 244 241
243 242 246
243 246 247
248 237 243
248 243 247
230 237 249
249 237 248
245 250 244
251 244 250
252 250 245
252 253 250
253 251 250
254 253 252
255 230 249
230 255 256
251 257 244
257 251 258
257 240 244
257 258 259
257 259 260
257 260 240
242 240 260
261 242 260
261 260 262
253 263 251
264 263 253
254 264 253
254 265 264
254 266 265
264 267 263
265 267 264
251 263 268
268 263 267
269 265 266
270 269 266
270 271 269
251 268 272
272 268 273
258 251 272
268 267 274
273 268 274
275 265 269
276 275 269
276 277 275
265 278 267
278 274 267
279 278 265
279 265 275
278 280 274
280 278 279
258 272 281
272 273 281
273 274 282
280 282 274
275 283 279
275 284 283
275 285 284
283 284 286
283 286 287
280 279 288
279 283 289
279 289 288
288 289 290
283 291 289
283 287 291
291 290 289
292 280 288
280 292 282
293 291 287
293 287 294
288 290 295
292 288 295
292 295 296
290 296 295
297 282 292
292 296 297
298 297 296
297 299 282
298 299 297
299 273 282
299 300 273
298 301 299
301 300 299
301 302 300
273 300 303
300 302 303
303 281 273
298 304 301
301 304 302
305 281 303
302 305 303
306 281 305
306 307 281
258 281 307
258 307 308
258 308 309
306 310 307
306 311 310
312 306 305
313 306 312
313 312 314
315 305 302
312 305 315
302 316 315
312 315 316
314 312 317
312 316 317
302 318 316
302 304 318
316 319 317
316 320 319
318 320 316
318 321 320
318 322 321
318 304 322
323 317 319
322 304 324
323 325 317
314 317 325
326 314 325
326 327 314
326 328 327
325 323 329
330 324 304
330 331 324
298 330 304
298 332 330
325 329 333
326 325 333
334 333 329
335 331 330
332 335 330
335 336 331
335 337 336
332 338 335
332 339 338
334 340 333
341 340 334
298 342 332
332 342 343
298 296 342
343 342 296
344 332 343
344 345 332
346 344 343
346 343 347
343 296 348
290 348 296
349 343 348
349 348 290
349 347 343
333 340 350
333 350 326
349 290 351
291 351 290
352 351 291
352 291 353
349 351 354
349 354 355
347 349 356
347 356 357
340 358 350
340 359 358
359 360 358
341 359 340
341 361 359
359 361 360
362 360 361
341 363 361
362 361 363
362 363 364
350 358 365
360 365 358
350 365 366
326 350 366
326 366 367
362 368 360
362 369 368
360 368 370
369 370 368
360 371 365
360 370 371
372 371 370
369 373 370
372 370 373
369 374 373
369 375 374
372 373 376
376 373 377
376 377 378
362 379 369
362 380 379
362 381 380
369 379 382
369 382 383
372 384 371
371 384 385
371 385 365
372 386 384
385 384 386
365 385 387
365 387 366
366 387 388
366 388 389
387 385 248
385 386 248
387 248 247
390 387 247
390 247 391
249 248 386
372 392 386
392 249 386
393 392 372
393 372 376
394 393 376
394 376 395
392 396 249
255 249 396
397 392 393
397 396 392
398 397 393
398 399 397
400 396 397
400 255 396
400 397 401
400 401 402
403 255 400
403 404 255
405 400 406
405 406 407
408 409 287
410 287 411
412 77 413
143 414 415
416 417 64
418 419 420
421 422 419
421 419 156
363 423 424
425 426 347
427 347 428
429 430 150
185 431 432
157 433 434
435 151 436
437 438 439
440 441 442
443 444 445
446 447 448
449 450 451
452 453 454
455 456 457
458 457 459
458 460 457
461 457 460
461 462 457
463 462 461
462 463 464
463 461 465
466 457 462
462 464 466
467 463 465
467 465 468
467 468 469
466 470 457
470 471 457
470 472 471
473 470 466
473 466 464
473 474 470
474 475 470
474 476 475
473 464 477
464 478 477
478 464 479
478 479 480
481 480 479
464 482 479
464 463 482
467 482 463
481 479 483
482 483 479
481 483 484
481 484 485
483 482 486
483 486 484
487 485 484
486 487 484
487 488 485
487 489 488
490 482 467
482 490 486
486 491 487
491 486 490
487 492 489
491 492 487
492 493 489
490 467 494
467 469 494
495 494 469
495 496 494
497 496 495
490 494 498
496 498 494
497 499 496
498 496 499
498 499 500
501 499 497
491 490 502
490 498 502
501 503 499
503 501 504
505 498 500
502 498 505
506 502 505
502 507 491
502 506 507
491 507 492
508 500 499
508 499 503
503 504 509
503 510 508
503 509 510
504 511 509
504 512 511
511 512 513
509 514 510
509 511 514
515 492 507
516 507 506
507 516 515
517 515 516
515 518 492
492 518 493
493 518 519
515 519 518
493 519 520
517 521 515
515 521 519
522 520 519
522 523 520
522 524 523
525 519 521
525 522 519
525 521 517
522 526 524
525 526 522
524 526 527
524 527 528
527 529 528
525 530 526
526 531 527
526 530 531
527 532 529
531 532 527
533 530 525
525 517 533
533 534 530
534 531 530
529 532 535
529 535 536
536 535 537
536 537 538
539 535 532
537 535 539
538 537 540
537 539 540
538 540 541
540 542 541
531 543 532
539 532 543
540 539 544
543 544 539
540 545 542
540 544 545
542 545 544
542 544 546
546 544 547
543 547 544
546 547 548
549 548 547
550 543 531
550 547 543
549 547 550
534 550 531
549 550 534
549 534 551
552 551 534
552 534 533
517 552 533
517 553 552
553 517 554
553 554 555
516 554 517
555 554 556
516 556 554
555 556 557
558 556 516
558 516 506
559 557 556
559 560 557
561 560 559
558 562 556
562 559 556
563 562 558
563 564 562
562 564 559
561 559 565
565 559 564
566 561 565
566 567 561
568 567 566
565 564 569
569 566 565
558 506 570
563 558 570
563 571 564
569 564 571
568 566 572
569 573 566
572 566 573
568 572 574
568 574 575
576 575 574
576 577 575
572 578 574
578 576 574
579 577 576
578 579 576
579 580 577
572 573 581
572 581 578
569 582 573
581 573 582
569 571 583
569 583 582
584 580 579
584 585 580
586 584 579
586 585 584
586 579 578
586 587 585
578 581 588
578 588 586
588 587 586
581 582 588
588 589 587
588 590 589
588 582 590
591 590 582
591 582 583
583 592 591
583 571 592
563 592 571
563 593 592
563 594 593
563 595 594
594 595 596
570 595 563
596 595 570
594 596 597
598 597 596
596 570 599
570 506 599
598 596 600
601 598 600
599 506 602
506 505 602
603 600 596
596 599 603
599 604 603
603 605 600
604 605 603
601 600 606
606 600 605
607 601 606
607 608 601
609 608 607
606 605 610
610 607 606
599 602 611
599 611 604
604 612 605
610 605 612
505 613 602
614 611 602
614 602 613
615 611 614
505 616 613
505 500 616
616 617 613
617 614 613
604 611 618
618 611 615
604 618 619
619 618 615
604 619 620
620 612 604
619 615 621
620 622 612
623 621 615
624 612 622
610 612 624
624 622 625
623 615 626
627 623 626
624 628 610
610 628 607
625 629 624
624 629 628
625 630 629
631 607 628
609 607 631
632 629 630
632 630 633
634 632 633
635 628 629
631 628 635
635 629 632
609 631 636
609 636 637
638 631 635
632 638 635
638 636 631
634 639 632
632 639 638
640 639 634
640 641 639
638 639 641
642 641 640
638 641 643
642 643 641
636 638 643
644 643 642
645 644 637
645 637 636
636 643 645
644 645 643
646 647 648
649 647 650
651 647 652
653 647 654
655 647 656
657 647 658
659 647 660
661 647 662
663 647 664
665 647 666
667 647 668
669 670 671
670 672 673
670 674 672
670 675 674
674 675 676
674 676 677
674 677 678
674 678 679
675 680 676
681 675 670
682 680 675
681 682 675
683 681 670
681 684 682
681 683 684
680 682 685
685 682 684
683 670 686
686 670 687
686 687 688
689 680 685
689 690 680
691 690 689
685 684 692
693 685 692
693 689 685
684 694 692
694 693 692
684 683 695
684 695 694
696 683 686
695 683 696
691 689 697
698 689 693
698 697 689
699 691 697
699 697 698
699 700 691
701 700 699
694 702 693
698 693 702
694 695 703
694 703 702
701 699 704
699 698 705
704 699 705
698 702 706
705 698 706
707 702 703
706 702 707
708 707 703
701 704 709
710 701 709
703 695 711
708 703 712
703 711 712
713 711 695
695 696 713
704 705 714
705 706 715
715 714 705
716 704 714
716 709 704
715 717 714
716 714 717
706 718 715
717 715 718
706 719 718
719 706 707
719 707 720
708 720 707
721 713 696
721 722 713
722 711 713
722 723 711
712 711 723
712 724 708
712 723 724
725 722 721
726 722 725
726 723 722
726 727 723
723 727 728
723 728 724
721 729 725
730 724 728
708 724 730
730 728 731
730 731 732
730 732 733
721 734 729
735 729 734
735 734 736
734 721 696
734 696 737
738 734 737
738 737 739
696 686 737
740 737 686
740 686 741
730 733 742
708 730 742
742 733 743
744 743 733
743 744 745
708 742 746
708 746 720
742 743 747
743 745 748
748 747 743
749 748 745
749 745 750
751 749 750
742 747 752
746 742 752
748 753 747
749 753 748
753 752 747
753 754 752
746 752 755
754 755 752
756 746 755
756 720 746
754 757 755
756 755 757
751 758 749
751 759 758
751 760 759
760 761 759
761 760 762
749 763 753
749 758 764
749 764 763
758 759 765
758 765 764
759 761 766
759 766 765
761 762 767
766 761 767
768 753 763
768 754 753
763 764 769
763 769 768
764 765 770
764 770 769
765 766 771
765 771 770
762 772 767
762 773 772
766 767 774
771 766 774
773 775 772
775 773 776
767 772 777
767 777 774
772 775 778
772 778 777
775 776 779
779 778 775
780 779 776
780 776 781
780 781 782
779 780 783
780 782 783
779 784 778
779 783 784
782 785 783
784 783 785
782 786 785
785 786 787
785 787 788
784 785 788
788 787 789
790 778 784
790 784 788
777 778 790
788 789 790
777 790 791
791 790 789
774 777 791
791 789 792
774 791 793
791 792 793
771 774 793
793 792 794
793 794 771
770 771 794
770 794 795
770 795 769
796 769 795
796 768 769
768 796 797
768 797 798
798 797 799
768 798 754
798 799 800
800 754 798
801 800 799
802 754 800
802 757 754
801 803 800
804 803 801
804 801 805
800 803 806
800 806 802
806 803 804
804 805 807
808 807 805
809 757 802
810 802 806
810 809 802
809 811 757
756 757 811
806 804 812
804 807 813
804 813 812
814 806 812
814 810 806
815 812 813
815 814 812
816 810 814
817 810 816
817 809 810
818 816 814
818 814 815
817 819 809
811 809 819
820 811 819
817 821 819
819 821 822
819 822 820
820 822 823
824 818 815
824 815 813
824 825 818
824 813 826
826 813 807
825 824 827
827 824 826
828 825 827
826 807 829
808 829 807
827 826 830
830 826 829
831 829 808
830 829 831
831 808 832
828 827 833
833 827 830
831 832 834
834 832 835
836 830 831
833 830 836
836 831 834
828 833 837
837 833 836
828 837 838
834 839 836
837 836 839
834 835 840
834 840 839
838 837 841
838 841 842
843 837 839
843 841 837
842 841 843
840 843 839
842 843 844
845 840 835
840 845 843
844 843 845
846 845 835
844 845 846
847 848 849
850 851 848
850 848 852
848 853 852
848 854 853
855 853 854
854 856 855
855 857 853
858 854 848
854 858 856
859 857 855
859 860 857
861 860 859
858 848 862
862 848 863
862 863 864
865 858 862
865 856 858
865 862 866
866 862 867
866 867 868
865 869 856
856 869 870
870 871 856
870 872 871
871 872 873
856 871 874
856 874 855
859 855 874
871 873 875
874 871 875
873 876 875
873 877 876
875 878 874
875 876 878
879 876 877
878 876 879
879 877 880
879 880 881
859 874 882
874 878 882
878 879 883
883 882 878
879 881 884
883 879 884
884 881 885
859 882 886
861 859 886
886 887 861
886 888 887
888 889 887
882 890 886
888 886 890
888 891 889
890 891 888
890 892 891
891 893 889
883 894 882
882 894 890
891 895 893
895 896 893
897 892 890
894 897 890
898 897 894
894 883 899
894 899 898
883 884 899
900 895 891
900 891 892
895 901 896
895 900 902
895 902 901
896 901 903
896 903 904
903 905 904
901 902 906
901 906 903
907 899 884
908 898 899
899 907 908
909 908 907
907 884 910
884 885 910
885 911 910
907 910 911
885 912 911
909 907 913
907 911 913
914 911 912
914 912 915
914 915 916
917 913 911
917 911 914
917 909 913
914 916 918
917 914 918
916 919 918
916 920 919
919 920 921
917 918 922
918 919 923
918 923 922
919 921 924
923 919 924
925 917 922
917 925 909
925 922 926
926 922 923
921 927 924
921 928 927
928 929 927
928 930 929
931 924 927
929 931 927
930 932 929
929 932 931
930 933 932
932 933 934
923 924 935
931 935 924
932 936 931
935 931 936
932 934 937
932 937 936
934 936 937
934 938 936
938 939 936
935 936 939
938 940 939
941 939 940
942 923 935
942 935 939
941 942 939
926 923 942
941 926 942
941 943 926
944 926 943
944 925 926
909 925 944
909 944 945
945 946 909
945 947 946
908 909 946
947 948 946
908 946 948
947 949 948
950 908 948
950 898 908
951 948 949
951 949 952
953 951 952
950 948 954
954 948 951
955 950 954
955 954 956
954 951 956
953 957 951
957 956 951
958 957 953
958 953 959
960 958 959
957 961 956
961 957 958
950 962 898
955 962 950
955 956 963
961 963 956
960 964 958
961 958 965
964 965 958
960 966 964
960 967 966
968 966 967
968 967 969
964 966 970
970 966 968
971 968 969
970 968 971
971 969 972
964 973 965
964 970 973
961 965 974
973 974 965
961 975 963
961 974 975
976 971 972
976 972 977
978 971 976
978 976 977
978 970 971
978 977 979
970 980 973
970 978 980
980 978 979
973 980 974
980 979 981
980 981 982
980 982 974
983 974 982
983 975 974
975 983 984
975 984 963
955 963 984
955 984 985
955 985 986
955 986 987
986 988 987
962 955 987
988 962 987
986 989 988
990 988 989
988 991 962
962 991 898
990 992 988
993 992 990
988 994 991
994 988 992
991 994 995
991 996 898
898 996 897
994 992 997
995 994 997
993 998 992
998 997 992
999 998 993
999 993 1000
1001 999 1000
998 1002 997
1002 998 999
991 1003 996
991 995 1003
995 997 1004
1002 1004 997
897 996 1005
1006 996 1003
1006 1005 996
1007 1006 1003
897 1005 1008
897 1008 892
1008 1005 1009
1009 1005 1006
995 1010 1003
1010 1007 1003
995 1011 1010
1011 1007 1010
995 1012 1011
1012 995 1004
1011 1013 1007
1012 1004 1014
1015 1007 1013
1016 1014 1004
1002 1016 1004
1016 1017 1014
1015 1018 1007
1019 1018 1015
1007 1020 1006
1018 1020 1007
1016 1002 1021
1002 999 1021
1017 1016 1022
1016 1021 1022
1017 1022 1023
1024 1021 999
1001 1024 999
1025 1022 1021
1024 1025 1021
1026 1023 1022
1025 1026 1022
1026 1027 1023
1028 1027 1026
1001 1029 1024
1001 1030 1029
1031 1025 1024
1026 1025 1031
1031 1024 1029
1028 1026 1032
1026 1031 1032
1033 1028 1032
1033 1032 1034
1031 1034 1032
1035 1033 1034
1031 1036 1034
1035 1034 1036
1029 1036 1031
1037 1035 1036
1038 1029 1030
1038 1030 1037
1029 1038 1036
1037 1036 1038
1039 1040 1041
1042 1043 1041
1044 1045 1041
1046 1047 1041
1048 1049 1041
1050 1051 1041
1052 1053 1041
1054 1055 1041
1056 1057 1041
1058 1059 1041
1060 1061 1041
1062 1063 1064
1064 1065 1066
1064 1066 1067
1064 1067 1068
1067 1069 1068
1067 1070 1069
1067 1071 1070
1067 1072 1071
1068 1069 1073
1074 1064 1068
1075 1068 1073
1074 1068 1075
1076 1064 1074
1074 1075 1077
1074 1077 1076
1073 1078 1075
1078 1077 1075
1076 1079 1064
1079 1080 1064
1079 1081 1080
1073 1082 1078
1073 1083 1082
1084 1082 1083
1078 1085 1077
1086 1085 1078
1086 1078 1082
1077 1085 1087
1087 1085 1086
1077 1088 1076
1077 1087 1088
1089 1079 1076
1088 1089 1076
1084 1090 1082
1082 1091 1086
1082 1090 1091
1084 1092 1090
1092 1091 1090
1084 1093 1092
1094 1092 1093
1087 1086 1095
1095 1086 1091
1087 1096 1088
1087 1095 1096
1094 1097 1092
1092 1098 1091
1097 1098 1092
1095 1091 1099
1099 1091 1098
1100 1096 1095
1099 1100 1095
1096 1100 1101
1094 1102 1097
1103 1102 1094
1096 1104 1088
1096 1101 1105
1096 1105 1104
1106 1088 1104
1088 1106 1089
1097 1107 1098
1099 1098 1108
1107 1108 1098
1097 1109 1107
1097 1102 1109
1107 1110 1108
1109 1110 1107
1099 1108 1111
1110 1111 1108
1099 1111 1112
1100 1099 1112
1100 1112 1113
1113 1101 1100
1106 1114 1089
1106 1115 1114
1104 1115 1106
1104 1116 1115
1116 1104 1105
1105 1101 1117
1116 1105 1117
1118 1114 1115
1119 1118 1115
1119 1115 1116
1119 1116 1120
1116 1121 1120
1116 1117 1121
1114 1118 1122
1123 1121 1117
1101 1123 1117
1123 1124 1121
1123 1125 1124
1123 1126 1125
1114 1122 1127
1128 1127 1122
1128 1129 1127
1089 1114 1127
1089 1127 1130
1131 1130 1127
1131 1132 1130
1089 1130 1079
1133 1079 1130
1133 1134 1079
1123 1135 1126
1135 1123 1101
1135 1136 1126
1137 1126 1136
1136 1138 1137
1135 1101 1139
1113 1139 1101
1135 1140 1136
1136 1141 1138
1141 1136 1140
1142 1138 1141
1142 1143 1138
1144 1143 1142
1135 1145 1140
1139 1145 1135
1141 1140 1146
1142 1141 1146
1145 1146 1140
1145 1147 1146
1139 1148 1145
1147 1145 1148
1149 1148 1139
1149 1139 1113
1147 1148 1150
1149 1150 1148
1144 1142 1151
1144 1151 1152
1144 1152 1153
1153 1152 1154
1154 1155 1153
1142 1146 1156
1142 1157 1151
1142 1156 1157
1151 1158 1152
1151 1157 1158
1152 1159 1154
1152 1158 1159
1154 1160 1155
1159 1160 1154
1146 1161 1156
1146 1147 1161
1156 1162 1157
1156 1161 1162
1157 1163 1158
1157 1162 1163
1158 1164 1159
1158 1163 1164
1155 1160 1165
1155 1165 1166
1159 1167 1160
1164 1167 1159
1166 1165 1168
1168 1169 1166
1160 1170 1165
1160 1167 1170
1165 1171 1168
1165 1170 1171
1168 1172 1169
1172 1168 1171
1173 1169 1172
1173 1174 1169
1173 1175 1174
1172 1176 1173
1173 1176 1175
1172 1171 1177
1172 1177 1176
1175 1176 1178
1177 1178 1176
1175 1178 1179
1178 1180 1179
1178 1181 1180
1177 1181 1178
1181 1182 1180
1183 1177 1171
1183 1181 1177
1170 1183 1171
1181 1183 1182
1170 1184 1183
1184 1182 1183
1167 1184 1170
1184 1185 1182
1167 1186 1184
1184 1186 1185
1164 1186 1167
1186 1187 1185
1186 1164 1187
1163 1187 1164
1163 1188 1187
1163 1162 1188
1189 1188 1162
1189 1162 1161
1161 1190 1189
1161 1191 1190
1191 1192 1190
1161 1147 1191
1191 1193 1192
1193 1191 1147
1194 1192 1193
1195 1193 1147
1195 1147 1150
1194 1193 1196
1197 1194 1196
1197 1198 1194
1193 1199 1196
1193 1195 1199
1199 1197 1196
1197 1200 1198
1201 1198 1200
1202 1195 1150
1203 1199 1195
1203 1195 1202
1202 1150 1204
1149 1204 1150
1199 1205 1197
1197 1206 1200
1197 1205 1206
1207 1205 1199
1207 1199 1203
1208 1206 1205
1208 1205 1207
1209 1207 1203
1210 1209 1203
1210 1203 1202
1211 1207 1209
1211 1208 1207
1210 1202 1212
1204 1212 1202
1213 1212 1204
1210 1212 1214
1212 1215 1214
1212 1213 1215
1213 1216 1215
1217 1208 1211
1217 1206 1208
1217 1211 1218
1217 1219 1206
1219 1200 1206
1218 1220 1217
1220 1219 1217
1221 1220 1218
1219 1222 1200
1201 1200 1222
1220 1223 1219
1223 1222 1219
1224 1201 1222
1223 1224 1222
1224 1225 1201
1221 1226 1220
1226 1223 1220
1224 1227 1225
1227 1228 1225
1229 1224 1223
1226 1229 1223
1229 1227 1224
1221 1230 1226
1230 1229 1226
1221 1231 1230
1227 1229 1232
1230 1232 1229
1227 1233 1228
1227 1232 1233
1231 1234 1230
1231 1235 1234
1236 1232 1230
1236 1230 1234
1235 1236 1234
1233 1232 1236
1235 1237 1236
1238 1228 1233
1233 1236 1238
1237 1238 1236
1239 1228 1238
1237 1239 1238
1240 1241 1242
60 1243 1244
1245 1246 1247
1248 1249 1250
1251 1252 1248
1251 1253 1252
1254 1255 1256
1257 1258 1259
1260 1261 1258
1262 1258 1263
1262 1263 1264
1265 1266 1267
1268 1269 1270
1271 1272 1273
1274 1275 1276
1277 1278 1279
1280 1281 1282
1283 1284 1285
1286 1287 1288
1289 1290 1291
1292 1293 1294
1295 1296 1297
1298 1299 1300
1301 1302 1303
1304 1305 1306
1307 1306 1308
1307 1309 1306
1306 1309 1310
1311 1310 1309
1311 1312 1310
1306 1310 1313
1310 1314 1313
1315 1313 1314
1315 1316 1313
1306 1313 1316
1306 1316 1317
1306 1317 1318
1306 1318 1319
1310 1320 1314
1320 1310 1312
1320 1312 1321
1322 1320 1321
1321 1312 1323
1323 1312 1324
1321 1323 1325
1322 1321 1326
1327 1326 1321
1327 1321 1328
1329 1322 1326
1330 1329 1326
1330 1331 1329
1329 1332 1322
1332 1329 1333
1332 1333 1334
1329 1335 1333
1329 1336 1335
1334 1333 1337
1334 1337 1338
1337 1333 1339
1337 1339 1340
1341 1342 1309
1343 1344 1345
1343 1346 1347
1343 1348 1346
1343 1349 1348
1343 1350 1349
1351 1350 1343
1351 1352 1350
1352 1353 1354
1352 1355 1356
1346 1357 1358
1346 1359 1357
1360 1359 1361
1360 1361 1362
1363 1361 1364
1363 1364 1365
1366 1367 1364
1366 1364 1368
1368 1369 1366
1368 1370 1369
1369 1371 1366
1369 1372 1371
1370 1373 1369
1370 1374 1373
1369 1373 1375
1369 1375 1376
1366 1377 1378
1379 1380 1381
1382 1380 1383
1384 1380 1385
1386 1380 1387
1388 1380 1389
1390 1380 1391
1392 1380 1393
1394 1380 1395
1396 1380 1397
1398 1380 1399
1400 1380 1401
1402 1380 1403
1403 1380 1404
1405 1406 1407
1405 1408 1409
1405 1410 1408
1410 1411 1412
1413 1414 1415
1416 1417 1418
1419 1420 1421
1420 1422 1423
1420 1423 1424
1425 1426 1424
1427 1428 1429
1430 1431 1432
1433 1434 1435
1436 1437 1435
1438 1439 1435
1438 1440 1439
1441 1442 1443
1444 1445 1446
1447 1448 1449
1450 1451 1452
1453 1454 1455
1456 1457 1458
1459 1460 1461
1462 1463 1464
1465 1466 1467
1468 1469 1470
1471 1472 1473
1474 1475 1476
1477 1478 1479
1480 1481 1482
1483 1484 1482
1483 1485 1484
1482 1486 1483
1482 1487 1486
1488 1487 1482
1489 1486 1487
1490 1483 1486
1488 1491 1487
1492 1491 1488
1487 1491 1493
1494 1493 1491
1494 1495 1493
1489 1487 1496
1487 1493 1496
1496 1497 1489
1496 1498 1497
1493 1498 1496
1493 1499 1498
1493 1500 1499
1493 1501 1500
1501 1493 1502
1503 1504 1505
1506 1503 1507
1506 1508 1503
1509 1503 1508
1509 1510 1503
1511 1503 1510
1511 1510 1512
1512 1513 1514
1512 1515 1516
1517 1506 1518
1517 1519 1506
1520 1521 1519
1520 1522 1521
1523 1521 1524
1523 1524 1525
1523 1526 1527
1523 1527 1528
1528 1527 1529
1528 1529 1530
1531 1529 1527
1531 1532 1529
1529 1532 1533
1529 1533 1534
1530 1529 1534
1530 1534 1535
1527 1536 1537
1538 1539 1540
1541 1542 1540
1543 1544 1540
1545 1546 1540
1547 1548 1540
1549 1550 1540
1551 1552 1540
1553 1554 1540
1555 1556 1540
1557 1558 1540
1559 1560 1540
1561 1562 1540
1562 1563 1540
1564 1565 1566
1567 1564 1568
1567 1569 1564
1570 1569 1571
1572 1573 1574
1575 1576 1577
1578 1575 1579
1578 1579 1580
1581 1582 1583
1584 1585 1583
1584 1586 1585
1587 1588 1589
1590 1591 1592
1593 1594 1595
1596 1597 1598
1599 1600 1601
1601 1602 1603
1601 1603 1604
1601 1604 83
1601 83 88
88 1605 1601
1606 1601 1605
84 83 1604
1607 84 1604
1607 1608 84
1609 84 1610
1611 1612 1613
1614 1615 1616
1617 1618 1619
1620 1621 1622
1623 1624 1625
1626 1627 1628
1629 1630 1628
1631 1632 1633
1634 1635 1636
1637 1635 1638
1637 1639 1635
1640 1639 1637
1640 1641 1639
1635 1639 1642
1642 1639 1641
1635 1642 1643
1635 1643 1644
1645 1635 1644
1645 1644 1646
1647 1644 1643
1647 1643 1648
1649 1643 1642
1649 1642 1650
1650 1642 1651
1642 1641 1651
1650 1651 1652
1651 1641 1653
1654 1651 1653
1654 1653 1655
1656 1653 1641
1656 1641 1657
1658 1643 1659
1660 1651 1661
1662 1641 1663
1664 1665 1666
1667 1668 1669
1670 1671 1672
1673 1674 1675
1676 1677 1678
1679 1680 1676
1679 1681 1680
1682 1683 1684
1685 1682 1686
1685 1686 1687
1682 1688 1686
1682 1689 1688
1688 1690 1686
1691 1686 1690
1691 1690 1692
1689 1693 1688
1689 1694 1693
1695 1693 1694
1695 1694 1696
1697 1695 1696
1698 1688 1693
1698 1693 1695
1688 1699 1690
1698 1699 1688
1697 1700 1695
1698 1695 1701
1701 1695 1700
1700 1697 1702
1703 1702 1697
1703 1704 1702
1703 1705 1704
1703 1706 1705
1707 1705 1706
1702 1708 1700
1704 1708 1702
1707 1709 1705
1709 1707 1710
1709 1710 1711
1712 1711 1710
1712 1713 1711
1705 1709 1714
1711 1714 1709
1708 1715 1700
1704 1716 1708
1708 1716 1715
1700 1715 1717
1701 1700 1717
1717 1715 1718
1716 1718 1715
1701 1717 1719
1719 1717 1718
1698 1701 1719
1719 1720 1698
1699 1698 1720
1719 1718 1721
1719 1721 1720
1721 1718 1722
1699 1720 1723
1690 1699 1723
1724 1720 1721
1721 1722 1724
1723 1720 1724
1725 1724 1722
1690 1723 1726
1727 1690 1726
1727 1726 1728
1723 1724 1729
1726 1723 1729
1722 1718 1730
1716 1730 1718
1716 1731 1730
1716 1732 1731
1731 1732 1733
1704 1732 1716
1704 1733 1732
1725 1734 1724
1729 1724 1734
1726 1729 1735
1736 1726 1735
1736 1735 1737
1704 1738 1733
1705 1738 1704
1729 1734 1739
1739 1735 1729
1705 1740 1738
1705 1714 1740
1740 1714 1741
1711 1741 1714
1742 1738 1740
1740 1741 1742
1743 1733 1738
1742 1743 1738
1739 1744 1735
1735 1744 1745
1734 1746 1739
1746 1744 1739
1711 1747 1741
1748 1747 1711
1748 1711 1749
1742 1741 1750
1747 1750 1741
1743 1742 1751
1742 1750 1751
1734 1752 1746
1753 1752 1734
1753 1734 1725
1746 1754 1744
1755 1744 1754
1755 1754 1756
1757 1746 1752
1754 1746 1758
1757 1758 1746
1754 1758 1759
1760 1754 1759
1760 1759 1761
1762 1752 1753
1762 1757 1752
1763 1758 1757
1763 1759 1758
1757 1762 1764
1763 1757 1764
1763 1765 1759
1759 1765 1766
1759 1766 1767
1764 1768 1763
1765 1763 1768
1765 1768 1769
1765 1769 1770
1765 1770 1771
1764 1772 1768
1764 1773 1772
1762 1774 1764
1764 1774 1773
1762 1775 1774
1753 1775 1762
1776 1773 1774
1776 1777 1773
1778 1774 1775
1778 1775 1753
1778 1776 1774
1779 1777 1776
1779 1780 1777
1778 1753 1781
1781 1753 1725
1782 1776 1778
1782 1779 1776
1779 1782 1783
1784 1780 1779
1779 1783 1784
1783 1785 1784
1784 1786 1780
1785 1786 1784
1785 1787 1786
1785 1788 1787
1782 1778 1789
1778 1781 1789
1789 1783 1782
1781 1725 1790
1789 1781 1790
1790 1725 1791
1789 1790 1792
1792 1790 1791
1725 1793 1791
1725 1722 1793
1789 1794 1783
1792 1794 1789
1795 1783 1794
1792 1796 1794
1795 1794 1796
1797 1792 1791
1793 1797 1791
1796 1792 1797
1795 1798 1783
1783 1798 1785
1785 1798 1799
1799 1798 1795
1785 1799 1800
1785 1800 1788
1801 1788 1800
1801 1802 1788
1800 1799 1803
1800 1803 1804
1799 1795 1805
1806 1799 1805
1806 1805 1807
1795 1808 1805
1805 1808 1809
1805 1809 1810
1795 1811 1808
1811 1795 1796
1796 1812 1811
1813 1808 1811
1813 1811 1812
1813 1814 1808
1813 1815 1814
1816 1813 1812
1816 1817 1813
1816 1818 1817
1812 1819 1816
1819 1820 1816
1819 1821 1820
1796 1822 1812
1823 1822 1796
1797 1823 1796
1797 1824 1823
1793 1824 1797
1824 1793 1825
1825 1793 1722
1722 1826 1825
1826 1824 1825
1722 1730 1826
1827 1824 1826
1730 1827 1826
1827 1823 1824
1730 1731 1827
1731 1823 1827
1731 1822 1823
1812 1822 1828
1731 1828 1822
1812 1828 1829
1812 1829 1819
1830 1828 1731
1731 1733 1830
1830 1831 1828
1829 1828 1831
1829 1832 1819
1833 1819 1832
1833 1832 1834
1733 1835 1830
1831 1830 1835
1829 1831 1836
1829 1836 1832
1837 1836 1831
1831 1835 1837
1733 1838 1835
1743 1838 1733
1839 1832 1836
1837 1839 1836
1837 1835 1840
1838 1840 1835
1841 1838 1743
1838 1841 1840
1839 1842 1832
1843 1832 1842
1843 1842 1844
1845 1839 1837
1837 1840 1845
1841 1743 1846
1743 1751 1846
1846 1751 1847
1750 1847 1751
1841 1846 1848
1846 1847 1848
1849 1842 1839
1842 1849 1850
1842 1850 1851
1845 1852 1839
1849 1839 1852
1840 1853 1845
1852 1845 1853
1849 1852 1854
1852 1853 1854
1854 1855 1849
1854 1856 1855
1841 1857 1840
1840 1857 1853
1841 1848 1858
1841 1858 1857
1859 1854 1853
1860 1854 1859
1860 1861 1854
1862 1853 1857
1859 1853 1862
1862 1857 1863
1858 1863 1857
1863 1864 1862
1859 1862 1864
1858 1865 1863
1865 1864 1863
1858 1848 1866
1858 1866 1865
1848 1867 1866
1848 1847 1867
1847 1868 1867
1867 1869 1866
1865 1866 1869
1868 1869 1867
1865 1870 1864
1865 1869 1870
1871 1864 1870
1871 1870 1869
1859 1864 1872
1871 1872 1864
1873 1859 1872
1873 1874 1859
1875 1872 1871
1875 1876 1872
1871 1869 1877
1868 1877 1869
1877 1878 1871
1877 1879 1878
1880 1877 1868
1880 1868 1881
1847 1882 1868
1750 1882 1847
1883 1868 1882
1883 1884 1868
1883 1885 1884
1886 1882 1750
1886 1883 1882
1747 1886 1750
1887 1883 1886
1887 1888 1883
1747 1889 1886
1747 1890 1889
1744 1891 1892
1893 1894 1895
1896 1897 1898
1899 1900 1898
1901 1902 1898
1903 1904 1898
1905 1906 1898
1907 1908 1898
1909 1910 1898
1911 1912 1898
1913 1914 1898
1915 1913 1898
1916 1917 1898
1918 1916 1898
1735 1919 1920
1921 1922 1923
1924 1925 1926
1927 1928 1929
1930 1931 1932
1933 1930 1934
1933 1934 1935
1936 1937 1938
1939 1936 1940
1939 1940 1941
1942 1936 1939
1942 1943 1936
1944 1942 1939
1944 1939 1945
1944 1945 1946
1947 1943 1942
1947 1948 1943
1949 1948 1947
1949 1950 1948
1949 1951 1950
1952 1947 1942
1949 1947 1952
1944 1953 1942
1952 1942 1953
1949 1954 1951
1949 1952 1955
1954 1949 1955
1954 1956 1951
1957 1951 1956
1957 1956 1958
1959 1957 1958
1959 1960 1957
1961 1960 1959
1956 1954 1962
1958 1956 1962
1961 1959 1963
1963 1964 1961
1963 1965 1964
1966 1964 1965
1966 1965 1967
1968 1963 1959
1965 1963 1968
1954 1955 1969
1970 1962 1954
1954 1969 1970
1955 1971 1969
1952 1971 1955
1970 1972 1962
1972 1958 1962
1969 1973 1970
1971 1973 1969
1973 1972 1970
1971 1952 1974
1953 1974 1952
1971 1975 1973
1971 1974 1975
1975 1976 1973
1953 1977 1974
1944 1977 1953
1978 1975 1974
1975 1978 1976
1977 1978 1974
1979 1976 1978
1944 1980 1977
1980 1944 1981
1980 1981 1982
1977 1983 1978
1980 1983 1977
1984 1973 1976
1973 1984 1972
1985 1972 1984
1985 1986 1972
1985 1987 1986
1972 1986 1958
1987 1958 1986
1979 1978 1988
1983 1988 1978
1980 1989 1983
1989 1980 1990
1989 1990 1991
1987 1992 1958
1959 1958 1992
1983 1993 1988
1989 1993 1983
1959 1992 1994
1968 1959 1994
1995 1968 1994
1965 1968 1995
1992 1996 1994
1995 1994 1996
1997 1992 1987
1992 1997 1996
1989 1998 1993
1989 1999 1998
1988 1993 2000
2000 1993 1998
1965 1995 2001
1965 2001 2002
1965 2002 2003
2004 1995 1996
2001 1995 2004
2005 1996 1997
2004 1996 2005
1988 2000 2006
2007 1988 2006
2007 1979 1988
2000 1998 2008
2008 1998 2009
2008 2009 2010
2011 2006 2000
2008 2012 2000
2011 2000 2012
2008 2013 2012
2013 2008 2014
2013 2014 2015
2016 2007 2006
2016 2006 2011
2017 2011 2012
2013 2017 2012
2011 2018 2016
2017 2018 2011
2013 2019 2017
2020 2019 2013
2020 2013 2021
2018 2017 2022
2022 2017 2019
2022 2019 2023
2019 2024 2023
2019 2025 2024
2018 2022 2026
2018 2026 2027
2016 2018 2028
2018 2027 2028
2016 2028 2029
2007 2016 2029
2027 2030 2028
2027 2031 2030
2028 2032 2029
2032 2007 2029
2028 2030 2032
2033 2030 2031
2033 2031 2034
2032 2035 2007
2035 1979 2007
2036 2032 2030
2036 2030 2033
2037 2036 2033
2038 2033 2034
2037 2033 2038
2037 2038 2039
2038 2034 2040
2039 2038 2040
2039 2040 2041
2042 2039 2041
2036 2043 2032
2032 2043 2035
2043 2036 2037
2035 2044 1979
2043 2044 2035
2044 2045 1979
2043 2046 2044
2046 2045 2044
2047 1979 2045
2047 1976 1979
2043 2037 2048
2046 2043 2048
2049 2048 2037
2046 2048 2050
2049 2050 2048
2051 2045 2046
2047 2045 2051
2050 2051 2046
2049 2037 2052
2037 2039 2052
2039 2053 2052
2053 2049 2052
2039 2054 2053
2042 2054 2039
2055 2054 2042
2055 2042 2056
2054 2057 2053
2054 2058 2057
2053 2059 2049
2059 2053 2060
2059 2060 2061
2049 2059 2062
2063 2062 2059
2063 2059 2064
2049 2062 2065
2065 2050 2049
2050 2065 2066
2067 2065 2062
2067 2066 2065
2067 2062 2068
2067 2068 2069
2070 2066 2067
2071 2070 2067
2071 2072 2070
2066 2070 2073
2074 2073 2070
2074 2075 2073
2050 2066 2076
2077 2050 2076
2077 2051 2050
2077 2078 2051
2047 2051 2078
2078 2079 2047
2079 1976 2047
1976 2079 2080
2080 2079 2078
1984 1976 2080
2081 2080 2078
1984 2080 2081
2081 2078 2077
1984 2081 1985
1985 2081 2077
1985 2077 2076
2066 2082 2076
1985 2076 2082
2066 2073 2083
2066 2083 2082
2084 1985 2082
1985 2084 1987
2084 2082 2085
2085 2082 2083
2083 2073 2086
2086 2073 2087
2086 2087 2088
2089 1987 2084
2085 2089 2084
2085 2083 2090
2083 2086 2090
2090 2091 2085
2085 2091 2089
2089 2092 1987
1997 1987 2092
2093 2090 2086
2090 2093 2091
2094 2089 2091
2092 2089 2094
2095 1997 2092
2092 2094 2095
2093 2086 2096
2096 2086 2097
2096 2097 2098
2093 2099 2091
2094 2091 2099
2095 2100 1997
2005 1997 2100
2101 2005 2100
2004 2005 2101
2095 2102 2100
2101 2100 2102
2093 2096 2103
2104 2103 2096
2104 2096 2105
2093 2106 2099
2093 2103 2106
2094 2099 2107
2106 2107 2099
2103 2108 2106
2106 2108 2107
2109 2108 2103
2109 2110 2108
2095 2094 2111
2094 2107 2111
2095 2112 2102
2095 2111 2112
2107 2108 2113
2114 2113 2108
2114 2108 2115
2111 2107 2116
2107 2113 2116
2111 2116 2117
2112 2111 2117
2117 2116 2118
2118 2116 2113
2112 2117 2119
2119 2117 2118
2112 2120 2102
2112 2119 2120
2121 2102 2120
2121 2101 2102
2101 2121 2122
2121 2120 2123
2123 2120 2119
2122 2121 2123
2119 2118 2124
2123 2119 2124
2118 2125 2124
2125 2123 2124
2118 2113 2126
2118 2126 2125
2127 2126 2113
2127 2113 2128
2129 2125 2126
2129 2126 2130
2125 2131 2123
2122 2123 2131
2131 2125 2132
2131 2132 2133
2122 2131 2134
2122 2134 2135
2101 2122 2136
2004 2101 2136
2137 2136 2122
2137 2122 2138
2137 2138 2139
2140 2004 2136
2140 2136 2137
2001 2004 2140
2141 2140 2137
2141 2137 2142
2143 2001 2140
2143 2144 2001
1998 2145 2146
2147 2148 2149
2150 2151 2152
2153 2151 2154
2155 2151 2156
2157 2151 2158
2159 2151 2160
2161 2151 2162
2163 2151 2164
2165 2151 2166
2167 2151 2168
2169 2151 2167
2170 2151 2171
2172 2151 2170
1989 2173 2174
306 2175 2176
258 2177 2178
2179 242 2180
2181 2182 326
2183 366 2184
247 2185 2186
2187 2188 2189
2190 2191 2192
2193 2194 2195
2195 2196 2197
2198 2199 2200
2201 2202 2203
2203 2204 2205
2206 2204 2207
2206 2207 2208
2209 2207 2210
2209 2210 2211
2212 2213 2214
2215 2216 2217
2218 2219 2220
2221 2222 2223
2221 2223 2224
2225 2221 2224
2225 2226 2221
2227 2228 2229
2227 2230 2228
2230 2231 2228
2228 2231 2232
2228 2232 2233
2230 2234 2231
2235 2231 2234
2235 2234 2236
2237 2234 2230
2238 2234 2237
2238 2239 2234
2237 2230 2240
2240 2230 2241
2240 2241 2242
2243 2237 2240
2243 2240 2244
2245 2246 2228
2245 2247 2246
2248 2249 2237
2248 2237 2250
2251 2252 2240
2251 2253 2252
2254 2255 2231
2254 2231 2256
2257 2258 2259
2257 2259 2260
2261 2262 2263
2261 2263 2264
2265 2266 2267
2265 2267 2268
2269 2270 2271
2269 2271 2272
2273 2274 2275
2273 2275 2276
2277 2278 2279
2277 2279 2280
2281 2282 2283
2281 2283 2284
2285 2286 2287
2285 2287 2288
2289 2290 2291
2289 2291 2292
2293 2294 2295
2293 2295 2296
197 2297 2298
197 2298 2299
2300 2301 2302
2300 2302 2303
2304 2305 2306
2304 2306 2307
2308 2309 2310
2308 2310 2311
2312 2313 2314
2312 2314 2315
2316 2317 2318
2316 2318 2319
2320 2321 2322
2320 2322 2323
2324 2325 2326
2324 2326 2327
2328 2329 2330
2328 2330 2331
2332 2333 2334
2332 2334 2335
2336 2337 2338
2336 2338 2339
2340 2341 2342
2340 2342 2343
2344 2345 2346
2344 2346 2347
2348 2349 2350
2348 2351 2349
2351 2352 2353
2351 2354 2352
2355 2348 2356
2355 2356 2357
2358 2355 2359
2358 2359 2360
2361 2354 2362
2361 2362 2363
2364 2362 2365
2364 2365 2366
2367 2365 2368
2367 2368 2369
2370 2368 2371
2370 2371 2372
2373 2374 2375
2373 2375 2376
2377 2378 2373
2377 2379 2378
2380 2376 2381
2380 2381 2382
2383 2380 2384
2383 2384 2385
2386 2387 2377
2386 2388 2387
2386 2389 2390
2386 2390 2391
2392 2383 2393
2392 2393 2394
2395 2396 2392
2395 2392 2397
2398 2399 2400
2398 2400 2401
2402 2403 2401
2402 2404 2403
2405 2406 2407
2406 2405 2408
2408 2409 2410
2408 2410 2411
2412 2413 2414
2412 2414 379
2415 2416 2417
2415 2417 2418
2419 2420 2421
2419 2421 2422
2423 2424 2425
2423 2425 2426
2427 2428 2429
2427 2429 2430
2431 2427 2432
2431 2432 2433
2434 2435 2436
2434 2436 2437
2438 2439 2440
2438 2440 2441
2442 2443 2444
2442 2444 2445
2446 2447 2448
2446 2448 2449
2450 2451 2452
2450 2452 2453
2454 2455 2456
2454 2456 2457
2458 2459 2460
2458 2460 2461
2462 2463 2464
2462 2464 2465
2466 2467 2468
2466 2469 2467
2469 2470 2471
2469 2471 2472
2473 2474 2475
2473 2475 2476
2477 2478 2479
2477 2479 2480
2481 2482 2483
2481 2483 2484
2485 2486 2487
2485 2487 2488
2489 2490 2491
2489 2491 2492
2493 2494 2495
2493 2495 2496
2497 2498 2499
2497 2499 2500
2501 2502 2503
2501 2503 2504
2505 2506 2507
2505 2507 2508
2509 2510 2511
2509 2511 2512
2513 2514 2515
2513 2515 2516
2517 2518 2519
2517 2519 2520
2521 2522 2523
2521 2523 2524
2525 2526 2527
2525 2527 2528
2529 2530 2531
2529 2531 2532
2533 2534 2535
2533 2535 2536
2537 2538 2539
2537 2539 2540
2541 2542 2543
2541 2543 2544
2545 2546 2547
2545 2547 2548
2549 2550 2551
2549 2551 2552
2553 2554 2555
2553 2555 2556
2557 2558 2559
2557 2559 2560
2561 2562 2563
2561 2563 2564
2565 2566 2567
2565 2567 2568
2569 2570 2571
2569 2571 2572
2573 2574 2575
2573 2575 2576
2577 2578 2579
2577 2579 2580
2581 2582 2583
2581 2583 2584
2585 2586 2587
2585 2587 2588
2589 2590 2591
2589 2591 2592
2593 2594 2595
2593 2595 2596
2597 2598 2599
2597 2599 2600
2601 2602 2603
2601 2603 2604
2601 2605 2606
2601 2606 2607
2608 2609 2606
2608 2606 2610
2611 2612 2608
2611 2613 2612
2614 2611 2615
2614 2615 2616
2617 2618 2619
2617 2619 2620
2621 2622 2623
2621 2623 2624
2625 2626 2627
2625 2627 2628
2629 2630 2625
2629 2625 2631
2632 2633 2634
2632 2634 2635
2636 2637 2638
2636 2639 2637
2640 2639 2641
2640 2641 2642
2643 2644 2645
2643 2645 2646
2647 2648 2649
2647 2649 2650
2651 2652 2653
2651 2653 2654
2655 2656 2657
2655 2657 2658
2659 2660 2661
2659 2661 2662
2663 2664 2665
2663 2665 2666
2667 2668 2669
2667 2669 2670
2671 2672 2673
2671 2673 2674
2675 2676 2677
2675 2677 2678
2679 2680 2681
2679 2681 2682
2683 2684 2685
2683 2685 2686
2687 2688 2689
2687 2689 2690
2691 2692 2693
2691 2693 2694
2695 2696 2697
2695 2697 2698
2699 2700 2701
2701 2700 2702
2703 2704 2705
2703 2705 2706
2707 2708 2709
2707 2709 2710
2711 2712 2713
2711 2713 2714
2715 2716 2717
2715 2717 2718
2719 2720 2721
2719 2721 2722
2719 2722 2723
2723 2722 2724
2724 2722 2725
2724 2725 2726
2719 2723 2727
2723 2724 2728
2727 2729 2719
2730 2719 2729
2730 2729 2731
2727 2732 2729
2733 2728 2724
2734 2733 2724
2734 2735 2733
2733 2736 2728
2736 2733 2737
2736 2737 2738
2737 2733 2739
2737 2739 2740
2741 2738 2737
2732 2742 2729
2743 2742 2732
2744 2729 2742
2744 2742 2745
2742 2743 2746
2746 2747 2742
2748 2742 2747
2748 2747 2749
2746 2750 2747
2751 2747 2750
2751 2750 2752
2753 2747 2751
2753 2751 2754
2737 2755 2756
2737 2756 2757
2741 2737 2757
2758 2741 2757
2758 2759 2741
2758 2760 2759
2757 2761 2758
2757 2762 2761
2758 2763 2760
2758 2764 2763
2758 2765 2764
2760 2763 2766
2760 2766 2767
2766 2763 2768
2766 2768 2769
2770 2767 2766
2770 2766 2771
2771 2766 2772
2771 2772 2773
2774 2775 2776
2774 2776 2777
2778 2779 2780
2778 2780 2781
2782 2783 2784
2782 2784 2785
2786 2787 2788
2786 2788 2789
2790 2791 2792
2790 2792 2793
2794 2795 2796
2794 2796 2797
2798 2799 2800
2798 2800 2801
2802 2803 2804
2802 2804 2805
2806 2807 2808
2806 2808 2809
2810 2811 2812
2810 2812 2813
2814 2815 2816
2814 2816 2817
2818 2819 2820
2818 2820 2821
2822 2823 2824
2822 2824 2825
2826 2827 2828
2826 2828 2829
2830 2831 2832
2830 2832 2833
2834 2835 2836
2834 2836 2837
2837 2838 2839
2837 2840 2838
2840 2841 2842
2840 2842 2843
2844 2845 2842
2844 2842 2846
2847 2848 2849
2847 2849 2850
2851 2852 2853
2851 2854 2852
2854 2855 2856
2854 2856 2857
2858 2859 2860
2858 2860 2861
2862 2863 2864
2862 2864 2865
2866 2867 2868
2866 2868 2869
2870 2871 2872
2870 2872 2873
2874 2875 2876
2874 2877 2875
2877 2878 2879
2877 2879 2880
2881 2882 2883
2881 2883 2884
2885 2886 2887
2885 2887 2888
2889 2890 2891
2889 2891 2892
2893 2894 2895
2893 2895 2896
2897 2898 2899
2897 2899 2900
2901 2902 2903
2901 2903 2904
2905 2906 2907
2905 2907 2908
2909 2910 2911
2909 2911 2912
2913 2914 2915
2914 2916 2915
2917 2918 2919
2917 2919 2920
2921 2922 2923
2921 2923 2924
2925 2926 2927
2925 2927 2928
2929 2930 2931
2929 2931 2932
2933 2934 2935
2933 2936 2934
2934 2936 2937
2934 2937 2938
2936 2939 2937
2936 2940 2939
2941 2940 2936
2941 2942 2940
1490 2939 2940
1490 2940 2943
1490 2943 1483
2940 2944 2943
2940 2945 2944
2946 1483 2943
2946 2947 1483
2948 2949 2950
2948 2951 2949
2952 2951 2948
2953 2951 2952
2954 2951 2953
2954 2953 2955
2952 2948 2956
2953 2952 2957
2958 2956 2948
2959 2958 2948
2959 2960 2958
2958 2961 2956
2957 2962 2953
2962 2963 2953
2962 2964 2963
2957 2965 2962
2965 2966 2962
2965 2967 2966
2968 2962 2966
2968 2966 2969
2966 2967 2970
2961 2958 2971
2972 2961 2971
2973 2971 2958
2973 2974 2971
2971 2975 2972
2975 2971 2976
2977 2976 2971
2977 2978 2976
2975 2976 2979
2980 2979 2976
2980 2981 2979
2982 2980 2976
2982 2983 2980
2970 2984 2985
2985 2984 2986
2970 2985 2987
2966 2970 2987
2966 2987 2988
2966 2988 2989
2987 2985 2990
2987 2990 2991
2985 2986 2992
2985 2992 2993
2985 2993 2994
2995 2992 2986
2995 2986 2996
2997 2992 2995
2997 2995 2998
2999 2995 2996
2999 3000 2995
3001 2995 3000
3001 3000 3002
3003 3004 3005
3003 3005 3006
3007 3008 3009
3007 3009 3010
3011 3012 3013
3011 3013 3014
3015 3016 3017
3015 3017 3018
3019 3020 3021
3019 3021 3022
3023 3024 3025
3023 3025 3026
3027 3028 3029
3027 3029 3030
3031 3032 3033
3031 3033 3034
3035 3036 3037
3035 3037 3038
3039 3040 3041
3039 3041 3042
3043 3044 3045
3043 3045 3046
3047 3048 3049
3047 3049 3050
3051 3052 3053
3051 3053 3054
3055 3056 3057
3055 3057 3058
3059 3060 3061
3059 3061 3062
3063 3064 3065
3063 3065 3066
3067 3068 3069
3067 3069 3070
3071 3072 3073
3071 3073 3074
3075 3076 3077
3075 3077 3078
3079 3080 3081
3079 3081 3082
3083 3084 3085
3083 3085 3086
3087 3088 3089
3087 3089 3090
3091 3087 3090
3091 3090 3092
3093 3091 3092
3093 3092 3094
3095 3093 3094
3095 3094 3096
3097 3095 3096
3097 3096 3098
3099 3100 3101
3099 3101 3102
3103 3104 3105
3103 3105 3106
3107 3108 3109
3107 3109 3110
3111 3107 3110
3111 3110 3112
3111 3112 3113
3111 3113 3114
3115 3114 3113
3115 3113 3116
3117 3115 3116
3117 3116 3118
3119 3120 3121
3119 3122 3120
3122 3123 3120
3122 3124 3123
3125 3123 3124
3125 3126 3123
3127 3126 3125
3127 3125 3128
3129 3127 3128
3129 3128 3130
3131 3132 3133
3131 3134 3132
3134 3135 3132
3134 3136 3135
3137 3135 3136
3137 3138 3135
3139 3138 3137
3139 3137 3140
3141 3139 3140
3141 3140 3142
3143 3144 3145
3143 3146 3144
3147 3146 3143
3147 3148 3146
3149 3148 3147
3149 3150 3148
3151 3150 3149
3151 3152 3150
3153 3152 3151
3153 3154 3152
3155 3154 3153
3155 3156 3154
3157 3156 3155
3157 3158 3156
3159 3158 3157
3159 3160 3158
3161 3160 3159
3161 3162 3160
3163 3162 3161
3163 3164 3162
3165 3164 3163
3165 3166 3164
3167 3166 3165
3167 3168 3166
3169 3170 3171
3169 3172 3170
3169 3173 3172
3173 3174 3172
3173 3175 3174
3176 3174 3175
3176 3177 3174
3178 3177 3176
3178 3176 3179
3178 3179 3180
3181 3182 3183
3181 3183 3184
3185 3186 3187
3185 3187 3188
3189 3190 3191
3189 3191 3192
3193 3194 3195
3193 3195 3196
3197 3198 3199
3197 3199 3200
3201 3202 3203
3201 3203 3204
3205 3206 3207
3205 3207 3208
3209 3210 3211
3209 3211 3212
3213 3214 3215
3213 3215 3216
3217 3218 3219
3217 3219 3220
3221 3222 3223
3221 3223 3224
3225 3226 3227
3225 3227 3228
3229 3230 3231
3229 3231 3232
3233 3234 3235
3233 3235 3236
3237 3238 3239
3237 3239 3240
3241 3242 3243
3241 3243 3244
3245 3246 3247
3245 3247 3248
3249 3250 3251
3249 3251 3252
3253 3254 3255
3253 3255 3256
3257 3258 3259
3257 3259 3260
3261 3262 3263
3261 3263 3264
3265 3266 3267
3265 3267 3268
3269 3270 3271
3269 3271 3272
3273 3274 3275
3273 3275 3276
3277 3278 3279
3277 3279 3280
3281 3282 3283
3281 3283 3284
3285 3286 3287
3285 3287 3288
3289 3290 3291
3289 3291 3292
3293 3294 3295
3293 3295 3296
3297 3298 3299
3297 3299 3300
3301 3302 3303
3301 3303 3304
3305 3306 3307
3305 3307 3308
3309 3310 3311
3309 3311 3312
3313 3314 3315
3313 3315 3316
3317 3318 3319
3317 3319 3320
3321 3322 3323
3321 3323 3324
3325 3326 3327
3325 3327 3328
3329 3330 3331
3329 3331 3332
3333 3334 3335
3333 3335 3336
3337 3338 3339
3337 3339 3340
3341 3342 3343
3341 3343 3344
3345 3346 3347
3345 3347 3348
3349 3350 3351
3349 3351 3352
3353 3354 3355
3353 3355 3356
3357 3358 3359
3357 3359 3360
3361 3362 3363
3361 3363 3364
3365 3366 3367
3365 3367 3368
3369 3370 3371
3369 3371 3372
3373 3374 3375
3373 3375 3376
3377 3378 3379
3377 3379 3380
3381 3382 3383
3381 3383 3384
3385 3386 3387
3385 3387 3388
3389 3390 3391
3389 3391 3392
3393 3394 3395
3393 3395 3396
3397 3398 3399
3397 3399 3400
3401 3402 3403
3401 3403 3404
3405 3406 3407
3405 3407 3408
3409 3410 3411
3409 3411 3412
3413 3414 3415
3413 3415 3416
3417 3418 3419
3417 3419 3420
3421 3422 3423
3421 3423 3424
3425 3426 3427
3425 3427 3428
3429 3430 3431
3429 3431 3432
3433 3434 3435
3433 3435 3436
3437 3438 3439
3437 3439 3440
3441 3442 3443
3441 3443 3444
3445 3446 3447
3445 3447 3448
3449 3450 3451
3449 3451 3452
3453 3454 3455
3453 3455 3456
3457 3458 3459
3457 3459 3460
3461 3462 3463
3461 3464 3462
3465 3464 3461
3465 3466 3464
3467 3468 3465
3467 3469 3468
3470 3471 3472
3470 3472 3473
3474 3475 3476
3474 3476 3477
3478 3479 3480
3478 3480 3481
3481 3482 3483
3481 3483 3484
3485 3486 3487
3485 3487 3488
3489 3490 3491
3489 3491 3492
3493 3494 3495
3493 3495 3496
3497 3498 3499
3497 3499 3500
3501 3502 3503
3501 3503 3504
3505 3506 3507
3505 3507 3508
3509 3510 3511
3509 3511 3512
3513 3514 3515
3513 3515 3516
3517 3518 3519
3517 3519 3520
3521 3522 3523
3521 3524 3522
3524 3521 3525
3524 3525 3526
3526 3525 3527
3526 3527 3528
3528 3527 3529
3528 3529 3530
3531 3532 3533
3531 3534 3532
3535 3534 3531
3535 3536 3534
3537 3538 3539
3537 3539 3540
3541 3542 3543
3541 3543 3544
3545 3541 3544
3545 3546 3541
3546 3545 3547
3548 3547 3549
3548 3549 3550
3551 3552 3553
3551 3553 3554
3555 3556 3557
3555 3557 3558
3559 3560 3561
3559 3561 3562
3563 3564 3565
3563 3565 3566
3567 3568 3569
3567 3569 3570
3571 3572 3573
3571 3573 3574
3575 3576 3577
3575 3577 3578
3579 3580 3581
3579 3581 3582
3583 3584 3585
3583 3585 3586
3587 3588 3589
3587 3589 3590
3591 3592 3593
3591 3593 3594
3595 3596 3597
3595 3597 3598
3599 3600 3601
3599 3601 3602
3603 3604 3605
3603 3605 3606
3607 3608 3609
3607 3609 3610
3611 3612 3613
3611 3613 3614
3615 3616 3617
3615 3617 3618
3619 3620 3621
3619 3621 3622
3623 3624 3625
3623 3625 3626
3627 3628 3629
3627 3629 3630
3631 3632 3633
3631 3633 3634
3635 3636 3633
3635 3637 3636
3638 3639 3640
3638 3641 3639
3642 3641 3638
3642 3638 3643
3644 3645 3646
3644 3646 3647
3648 3649 3650
3648 3650 3651
3652 3653 3654
3652 3654 3655
3656 3657 3658
3656 3658 3659
3660 3661 3662
3660 3662 3663
3664 3665 3666
3664 3666 3667
3668 3669 3670
3668 3670 3671
3672 3673 3674
3672 3674 3675
3676 3677 3678
3676 3678 3679
3680 3681 3682
3680 3682 3683
3684 3685 3686
3684 3686 3687
3688 3689 3690
3688 3690 3691
3692 3693 3694
3692 3694 3695
3696 3697 3698
3696 3698 3699
3700 3701 3702
3700 3702 3703
3704 3705 3706
3704 3706 3707
3708 3709 3710
3708 3710 3711
3712 3713 3714
3712 3714 3715
3716 3717 3718
3716 3718 3719
3720 3721 3722
3720 3722 3723
3724 3725 3726
3724 3726 3727
3728 3729 3730
3728 3730 3731
3732 3733 3734
3732 3734 3735
3736 3737 3738
3736 3738 3739
3740 3741 3742
3740 3742 3743
3744 3745 3746
3744 3746 3747
3748 3749 3750
3748 3750 3751
3752 3753 3754
3752 3754 3755
3756 3757 3758
3756 3758 3759
3760 3761 3762
3760 3762 3763
3764 3765 3766
3764 3766 3767
3768 3769 3770
3768 3770 3771
3772 3773 3774
3772 3774 3775
3776 3777 3778
3776 3778 3779
3780 3781 3782
3780 3782 3783
3784 3785 3786
3784 3786 3787
3788 3789 3790
3788 3790 3791
3792 3793 3794
3792 3795 3793
3795 3796 3793
3795 3797 3796
3798 3799 3796
3798 3800 3799
3801 3802 3803
3801 3803 3804
3805 3806 3807
3805 3807 3808
3809 3810 3811
3809 3812 3810
3813 3814 3812
3813 3812 3815
3816 3817 3818
3816 3818 3819
3820 3821 3822
3820 3822 3823
3824 3825 3826
3824 3826 3827
3828 3829 3830
3828 3830 3831
3832 3833 3834
3832 3834 3835
3836 3837 3838
3836 3838 3839
3840 3841 3842
3840 3842 3843
3844 3845 3846
3844 3846 3847
3848 3849 3850
3848 3850 3851
3852 3853 3854
3852 3854 3855
3856 3852 3855
3856 3855 3857
3858 3856 3857
3858 3857 3859
3860 3858 3859
3860 3859 3861
3862 3863 3864
3862 3864 3865
3865 3866 3862
3865 3867 3866
3868 3869 3870
3868 3870 3871
3872 3873 3874
3872 3875 3873
3872 3876 3875
3872 3877 3876
3877 3878 3876
3879 3878 3880
3879 3880 3881
3882 3883 3884
3882 3884 3885
3886 3887 3888
3886 3888 3889
3890 3891 3892
3890 3892 3893
3894 3895 3896
3894 3896 3897
3898 3899 3900
3898 3900 3901
3902 3903 3904
3902 3904 3905
3906 3907 3908
3906 3908 3909
3910 3911 3912
3910 3912 3913
3914 3915 3916
3914 3916 3917
3918 3919 3920
3918 3920 3921
3922 3923 3924
3922 3924 3925
3926 3927 3928
3926 3928 3929
3930 3931 3932
3930 3932 3933
3934 3935 3936
3934 3936 3937
3938 3939 3940
3938 3940 3941
3942 3943 3944
3942 3944 3945
3946 3947 3948
3946 3948 3949
3950 3951 3952
3950 3952 3953
3954 3955 3956
3954 3956 3957
3958 3959 3960
3958 3960 3961
3962 3963 3964
3962 3964 3965
3966 3964 3967
3966 3967 3968
3969 3970 3971
3969 3972 3970
3973 3970 3972
3973 3974 3970
3975 3976 3977
3975 3977 3978
3979 3980 3981
3979 3981 3982
3983 3984 3985
3983 3985 3986
3987 3988 3989
3987 3989 3990
3991 3992 3993
3991 3993 3994
3995 3996 3997
3995 3997 3998
3999 4000 4001
3999 4001 4002
4003 4004 4005
4003 4005 4006
4007 4008 4009
4007 4009 4010
4011 4012 4013
4011 4013 4014
4015 4016 4017
4015 4017 4018
4019 4020 4021
4019 4021 4022
4023 4024 4025
4023 4025 4026
4027 4028 4029
4027 4029 4030
4031 4032 4033
4031 4033 4034
4035 4036 4037
4035 4037 4038
4039 4040 4041
4039 4041 4042
4043 4044 4045
4043 4045 4046
4047 4048 4049
4047 4049 4050
4051 4052 4053
4051 4053 4054
4055 4056 4057
4055 4057 4058
4059 4060 4061
4059 4061 4062
4063 4064 4065
4063 4065 4066
4067 4068 4069
4067 4069 4070
4071 4072 4073
4071 4073 4074
4075 4076 4077
4075 4077 4078
4079 4080 4081
4079 4081 4082
4083 4084 4085
4083 4085 4086
4087 4088 4089
4087 4089 4090
4091 4092 4093
4091 4093 4094
4095 4096 4097
4095 4097 4098
4099 4100 4101
4099 4101 4102
4103 4104 4105
4103 4105 4106
4107 4108 4109
4107 4109 4110
4110 4111 4107
4112 4107 4111
4113 4107 4112
4113 4114 4107
4112 4111 4115
4116 4115 4111
4116 4117 4115
4118 4117 4116
4118 4119 4117
4111 4120 4116
4118 4116 4120
4110 4121 4111
4121 4120 4111
4122 4119 4118
4122 4123 4119
4124 4123 4122
4125 4122 4118
4124 4122 4126
4126 4122 4125
4127 4124 4126
4127 4128 4124
4118 4120 4129
4125 4118 4129
4126 4125 4130
4127 4126 4130
4129 4131 4125
4131 4130 4125
4120 4132 4129
4129 4132 4131
4121 4133 4120
4120 4133 4132
4134 4128 4127
4134 4135 4128
4135 4134 4136
4135 4136 4137
4138 4137 4136
4139 4138 4136
4138 4140 4137
4138 4141 4140
4134 4142 4136
4139 4136 4142
4127 4143 4134
4134 4143 4142
4138 4144 4141
4139 4144 4138
4127 4145 4143
4127 4130 4145
4143 4146 4142
4139 4142 4146
4145 4147 4143
4143 4147 4146
4130 4148 4145
4145 4148 4147
4149 4141 4144
4149 4150 4141
4150 4149 4151
4152 4151 4149
4152 4153 4151
4149 4154 4152
4154 4149 4144
4154 4155 4152
4155 4154 4156
4154 4144 4157
4156 4154 4157
4130 4158 4148
4131 4158 4130
4157 4144 4159
4139 4159 4144
4158 4160 4148
4131 4161 4158
4158 4161 4160
4131 4162 4161
4132 4162 4131
4148 4160 4163
4148 4163 4147
4164 4160 4161
4162 4164 4161
4132 4165 4162
4165 4132 4133
4166 4147 4163
4166 4146 4147
4165 4133 4167
4121 4167 4133
4121 4168 4167
4110 4168 4121
4169 4165 4167
4169 4167 4168
4170 4162 4165
4169 4170 4165
4170 4169 4171
4170 4172 4162
4162 4172 4164
4110 4173 4168
4173 4110 4174
4173 4174 4175
4169 4168 4176
4171 4169 4176
4168 4173 4177
4168 4177 4176
4178 4177 4173
4178 4179 4177
4176 4177 4180
4181 4180 4177
4181 4182 4180
4176 4180 4183
4171 4176 4183
4183 4180 4184
4184 4180 4185
4184 4185 4186
4183 4187 4171
4183 4184 4188
4189 4187 4183
4189 4183 4188
4190 4187 4189
4191 4171 4187
4190 4191 4187
4192 4189 4188
4192 4190 4189
4188 4184 4193
4184 4194 4193
4184 4195 4194
4192 4188 4196
4188 4193 4196
4197 4196 4193
4192 4196 4197
4197 4193 4198
4199 4198 4193
4199 4200 4198
4171 4191 4201
4202 4191 4190
4202 4201 4191
4192 4203 4190
4203 4202 4190
4192 4204 4203
4192 4197 4204
4171 4201 4205
4170 4171 4205
4205 4172 4170
4205 4206 4172
4206 4205 4201
4203 4207 4202
4207 4203 4204
4208 4172 4206
4208 4164 4172
4209 4164 4208
4164 4209 4160
4160 4209 4210
4160 4210 4163
4163 4210 4211
4163 4211 4166
4212 4210 4209
4212 4211 4210
4209 4208 4213
4212 4209 4213
4214 4202 4207
4207 4204 4215
4215 4214 4207
4214 4216 4202
4216 4201 4202
4216 4217 4201
4206 4201 4217
4218 4206 4217
4218 4208 4206
4216 4218 4217
4208 4219 4213
4208 4218 4219
4216 4220 4218
4220 4216 4214
4219 4218 4220
4221 4212 4213
4221 4213 4219
4219 4220 4222
4221 4219 4222
4223 4222 4220
4220 4214 4224
4223 4220 4224
4224 4214 4225
4215 4225 4214
4226 4212 4221
4212 4226 4211
4221 4222 4227
4223 4227 4222
4224 4225 4228
4228 4223 4224
4229 4211 4226
4166 4211 4229
4226 4221 4230
4230 4221 4227
4166 4229 4231
4231 4146 4166
4229 4226 4232
4232 4226 4230
4231 4233 4146
4139 4146 4233
4234 4139 4233
4234 4159 4139
4235 4233 4231
4235 4234 4233
4236 4231 4229
4236 4235 4231
4237 4229 4232
4237 4236 4229
4236 4238 4235
4238 4234 4235
4239 4159 4234
4157 4159 4239
4240 4239 4234
4238 4240 4234
4241 4238 4236
4241 4236 4237
4242 4157 4239
4240 4242 4239
4241 4243 4238
4243 4240 4238
4242 4244 4157
4156 4157 4244
4245 4156 4244
4242 4245 4244
4245 4246 4156
4245 4247 4246
4240 4248 4242
4242 4248 4245
4245 4249 4247
4249 4245 4248
4249 4250 4247
4243 4251 4240
4240 4251 4248
4249 4252 4250
4252 4253 4250
4249 4248 4254
4254 4248 4251
4254 4252 4249
4255 4251 4243
4241 4255 4243
4252 4256 4253
4256 4257 4253
4254 4258 4252
4256 4252 4258
4254 4251 4259
4259 4258 4254
4255 4259 4251
4259 4260 4258
4260 4256 4258
4261 4260 4259
4261 4259 4255
4260 4262 4256
4262 4260 4261
4256 4263 4257
4263 4256 4262
4257 4263 4264
4257 4264 4265
4263 4262 4266
4264 4263 4266
4265 4264 4267
4265 4267 4268
4269 4267 4264
4269 4264 4270
4264 4266 4270
4270 4271 4269
4270 4272 4271
4266 4272 4270
4273 4266 4262
4262 4261 4273
4273 4274 4266
4266 4274 4272
4271 4272 4275
4271 4275 4276
4261 4277 4273
4277 4274 4273
4278 4272 4274
4278 4275 4272
4277 4278 4274
4276 4275 4279
4279 4275 4278
4276 4279 4280
4261 4281 4277
4281 4261 4255
4282 4278 4277
4281 4282 4277
4279 4278 4283
4282 4283 4278
4280 4279 4284
4284 4279 4283
4280 4284 4285
4281 4255 4286
4241 4286 4255
4286 4241 4287
4241 4237 4287
4237 4288 4287
4286 4287 4289
4289 4281 4286
4288 4289 4287
4289 4290 4281
4281 4290 4282
4291 4283 4282
4284 4283 4291
4292 4285 4284
4292 4293 4285
4292 4294 4293
4291 4282 4295
4290 4295 4282
4296 4284 4291
4296 4292 4284
4296 4291 4295
4292 4297 4294
4296 4297 4292
4298 4294 4297
4298 4297 4299
4299 4297 4300
4296 4300 4297
4299 4300 4301
4296 4295 4302
4302 4300 4296
4303 4301 4300
4302 4303 4300
4303 4304 4301
4290 4305 4295
4305 4302 4295
4306 4304 4303
4306 4307 4304
4308 4303 4302
4305 4308 4302
4308 4306 4303
4309 4305 4290
4309 4290 4289
4288 4309 4289
4305 4309 4310
4305 4310 4308
4310 4309 4288
4311 4307 4306
4311 4312 4307
4313 4306 4308
4313 4308 4310
4313 4311 4306
4314 4312 4311
4314 4315 4312
4313 4316 4311
4316 4314 4311
4310 4317 4313
4313 4317 4316
4318 4316 4317
4319 4315 4314
4319 4320 4315
4321 4320 4319
4321 4319 4322
4323 4314 4316
4323 4319 4314
4322 4319 4323
4316 4318 4323
4322 4323 4324
4323 4325 4324
4323 4318 4325
4318 4326 4325
4310 4327 4317
4310 4288 4327
4317 4327 4328
4328 4327 4288
4318 4317 4329
4317 4328 4329
4328 4288 4330
4237 4330 4288
4232 4330 4237
4232 4331 4330
4328 4330 4331
4232 4230 4331
4329 4328 4332
4328 4331 4332
4331 4230 4333
4331 4333 4332
4230 4227 4333
4334 4318 4329
4329 4332 4334
4335 4332 4333
4227 4335 4333
4335 4334 4332
4334 4336 4318
4336 4334 4335
4318 4336 4326
4326 4336 4337
4336 4335 4337
4326 4337 4338
4227 4339 4335
4337 4335 4339
4223 4339 4227
4340 4338 4337
4337 4339 4340
4340 4339 4223
4340 4341 4338
4340 4223 4342
4341 4340 4342
4341 4342 4343
4228 4342 4223
4344 4343 4342
4344 4342 4228
4344 4228 4225
4344 4225 4345
4345 4225 4215
4345 4215 4346
4346 4215 4204
4346 4204 4347
4347 4204 4197
4347 4197 4348
4349 4348 4197
4349 4197 4198
4350 4349 4198
4350 4198 4351
4352 4353 4354
4352 4354 4355
4356 4357 4358
4356 4358 4359
4360 4361 4362
4360 4362 4363
4364 4365 4366
4364 4366 4367
4368 4369 4370
4368 4370 4371
4372 4373 4374
4372 4374 4375
4376 4377 4378
4376 4378 4379
4380 4381 4382
4380 4382 4383
4384 4385 4386
4384 4386 4387
4388 4389 4390
4388 4391 4389
4391 4388 4392
4393 4392 4388
4394 4393 4388
4394 4388 4395
4393 4396 4392
4397 4392 4396
4397 4396 4398
4399 4397 4398
4399 4398 4400
4392 4397 4401
4399 4401 4397
4391 4392 4402
4402 4392 4401
4403 4399 4400
4403 4400 4404
4405 4403 4404
4406 4399 4403
4405 4407 4403
4407 4406 4403
4408 4407 4405
4408 4405 4409
4399 4410 4401
4406 4410 4399
4407 4411 4406
4408 4411 4407
4410 4406 4412
4412 4406 4411
4401 4410 4413
4410 4412 4413
4402 4401 4414
4401 4413 4414
4415 4408 4409
4415 4409 4416
4416 4417 4415
4416 4418 4417
4419 4417 4418
4420 4417 4419
4419 4418 4421
4419 4421 4422
4415 4417 4423
4420 4423 4417
4408 4415 4424
4415 4423 4424
4419 4422 4425
4420 4419 4425
4408 4424 4426
4408 4426 4411
4424 4423 4427
4420 4427 4423
4426 4424 4428
4424 4427 4428
4411 4426 4429
4426 4428 4429
4430 4425 4422
4430 4422 4431
4431 4432 4430
4433 4430 4432
4433 4432 4434
4430 4433 4435
4435 4425 4430
4435 4433 4436
4436 4437 4435
4435 4438 4425
4437 4438 4435
4411 4429 4439
4412 4411 4439
4438 4440 4425
4420 4425 4440
4439 4429 4441
4412 4439 4442
4439 4441 4442
4412 4442 4443
4413 4412 4443
4429 4444 4441
4429 4428 4444
4445 4442 4441
4443 4442 4445
4413 4443 4446
4446 4414 4413
4447 4444 4428
4447 4428 4427
4446 4448 4414
4402 4414 4448
4402 4448 4449
4391 4402 4449
4446 4450 4448
4450 4449 4448
4451 4446 4443
4446 4451 4450
4451 4452 4450
4451 4443 4453
4443 4445 4453
4391 4449 4454
4454 4455 4391
4454 4456 4455
4450 4457 4449
4457 4450 4452
4449 4458 4454
4449 4457 4458
4458 4459 4454
4458 4460 4459
4461 4458 4457
4462 4458 4461
4462 4461 4463
4461 4457 4464
4457 4452 4464
4464 4465 4461
4466 4461 4465
4466 4465 4467
4464 4452 4468
4464 4469 4465
4464 4468 4470
4464 4470 4469
4468 4471 4470
4472 4468 4452
4468 4472 4471
4473 4469 4470
4473 4470 4471
4469 4474 4465
4465 4474 4475
4465 4475 4476
4473 4477 4469
4469 4477 4474
4478 4474 4477
4478 4477 4473
4478 4479 4474
4479 4480 4474
4479 4481 4480
4482 4472 4452
4472 4483 4471
4472 4482 4483
4473 4471 4484
4484 4471 4483
4473 4484 4485
4478 4473 4485
4482 4452 4486
4451 4486 4452
4453 4486 4451
4453 4487 4486
4482 4486 4487
4484 4483 4488
4485 4484 4488
4489 4487 4453
4489 4453 4445
4490 4489 4445
4445 4441 4490
4441 4491 4490
4441 4444 4491
4444 4492 4491
4444 4447 4492
4493 4490 4491
4493 4491 4492
4490 4494 4489
4493 4494 4490
4495 4488 4483
4495 4483 4496
4482 4496 4483
4495 4497 4488
4485 4488 4497
4482 4498 4496
4482 4487 4498
4499 4498 4487
4499 4487 4489
4496 4498 4499
4500 4489 4494
4500 4499 4489
4496 4499 4501
4501 4495 4496
4501 4499 4500
4502 4494 4493
4502 4500 4494
4501 4500 4503
4502 4503 4500
4504 4501 4503
4501 4505 4495
4504 4505 4501
4506 4495 4505
4495 4506 4497
4507 4502 4493
4493 4492 4507
4502 4508 4503
4504 4503 4508
4506 4505 4509
4509 4505 4504
4510 4507 4492
4447 4510 4492
4507 4511 4502
4511 4508 4502
4447 4512 4510
4512 4447 4427
4510 4513 4507
4513 4511 4507
4512 4427 4514
4420 4514 4427
4515 4514 4420
4515 4420 4440
4516 4512 4514
4516 4514 4515
4517 4510 4512
4517 4512 4516
4518 4513 4510
4518 4510 4517
4517 4516 4519
4519 4516 4515
4520 4515 4440
4438 4520 4440
4521 4515 4520
4519 4515 4521
4522 4517 4519
4522 4518 4517
4523 4520 4438
4521 4520 4523
4522 4519 4524
4524 4519 4521
4523 4438 4525
4437 4525 4438
4526 4525 4437
4523 4525 4526
4526 4437 4527
4526 4527 4528
4521 4523 4529
4523 4526 4529
4526 4528 4530
4530 4529 4526
4530 4528 4531
4524 4521 4532
4521 4529 4532
4530 4531 4533
4533 4531 4534
4530 4535 4529
4535 4532 4529
4535 4530 4533
4536 4524 4532
4522 4524 4536
4533 4534 4537
4537 4534 4538
4535 4533 4539
4537 4539 4533
4535 4540 4532
4540 4535 4539
4536 4532 4540
4540 4539 4541
4541 4539 4537
4542 4540 4541
4542 4536 4540
4541 4537 4543
4543 4542 4541
4537 4538 4544
4544 4543 4537
4545 4544 4538
4545 4538 4546
4544 4547 4543
4545 4547 4544
4548 4545 4546
4548 4546 4549
4550 4545 4548
4550 4551 4545
4545 4551 4547
4551 4550 4552
4551 4552 4553
4547 4551 4553
4554 4543 4547
4543 4554 4542
4554 4547 4555
4547 4553 4555
4552 4556 4553
4552 4557 4556
4542 4554 4558
4558 4554 4555
4559 4555 4553
4559 4553 4556
4558 4555 4559
4557 4560 4556
4560 4559 4556
4557 4561 4560
4542 4558 4562
4562 4536 4542
4563 4558 4559
4562 4558 4563
4561 4564 4560
4561 4565 4564
4560 4566 4559
4563 4559 4566
4564 4566 4560
4562 4567 4536
4522 4536 4567
4567 4568 4522
4522 4568 4518
4518 4568 4569
4567 4570 4568
4570 4567 4562
4569 4568 4570
4570 4562 4571
4562 4563 4571
4572 4563 4566
4564 4572 4566
4573 4564 4565
4573 4565 4574
4575 4573 4574
4572 4576 4563
4571 4563 4576
4577 4572 4564
4577 4564 4573
4577 4576 4572
4575 4578 4573
4578 4577 4573
4579 4578 4575
4579 4580 4578
4581 4578 4580
4578 4581 4577
4581 4580 4582
4577 4583 4576
4581 4583 4577
4582 4584 4581
4581 4584 4583
4582 4585 4584
4571 4576 4586
4586 4576 4583
4585 4587 4584
4585 4588 4587
4584 4589 4583
4586 4583 4589
4584 4587 4589
4590 4571 4586
4590 4570 4571
4569 4570 4590
4586 4591 4590
4586 4589 4591
4591 4569 4590
4588 4592 4587
4588 4593 4592
4594 4589 4587
4594 4591 4589
4594 4587 4592
4595 4592 4593
4595 4593 4596
4594 4592 4597
4597 4592 4595
4591 4594 4598
4594 4597 4598
4598 4597 4599
4600 4595 4596
4600 4596 4601
4602 4600 4601
4602 4603 4600
4604 4597 4595
4604 4595 4600
4603 4604 4600
4597 4604 4599
4603 4605 4604
4604 4605 4606
4604 4606 4599
4607 4599 4606
4591 4598 4608
4591 4608 4569
4598 4609 4608
4609 4569 4608
4598 4599 4610
4598 4610 4609
4609 4611 4569
4518 4569 4611
4513 4518 4611
4513 4611 4612
4609 4612 4611
4513 4612 4511
4610 4613 4609
4609 4613 4612
4612 4614 4511
4612 4613 4614
4511 4614 4508
4615 4610 4599
4610 4615 4613
4616 4614 4613
4508 4614 4616
4616 4613 4615
4615 4599 4617
4617 4616 4615
4607 4617 4599
4607 4618 4617
4617 4618 4616
4607 4619 4618
4508 4616 4620
4620 4616 4618
4504 4508 4620
4619 4621 4618
4620 4618 4621
4504 4620 4621
4619 4622 4621
4504 4621 4623
4622 4623 4621
4622 4624 4623
4509 4504 4623
4623 4624 4625
4623 4625 4509
4506 4509 4625
4506 4625 4626
4626 4497 4506
4626 4627 4497
4627 4485 4497
4627 4628 4485
4478 4485 4628
4478 4628 4629
4478 4629 4630
4478 4630 4479
4631 4479 4630
4631 4632 4479
4633 4634 4635
4633 4635 4636
4637 4638 4639
4637 4639 4640
4641 4642 4643
4641 4643 4644
4645 4646 4647
4645 4647 4648
4649 4650 4651
4649 4651 4652
4653 4654 4655
4653 4655 4656
4657 4658 4659
4657 4659 4660
4661 4662 4663
4661 4663 4664
4665 4666 4667
4665 4667 4668
4669 4670 4671
4669 4671 4672
4669 4673 4674
4669 4674 4675
4669 4676 4677
4669 4677 4678
4678 4679 4669
4678 4680 4679
4681 4682 4678
4681 4678 4683
4683 4678 4684
4683 4684 4685
4686 4687 4683
4686 4683 4688
4689 4688 4683
4689 4690 4688
4691 4692 4693
4691 4693 4694
4695 4693 4696
4695 4696 4697
4698 4699 4700
4698 4700 4701
4702 4703 4704
4702 4704 4705
4706 4707 4708
4706 4708 4709
4710 4711 4712
4710 4712 4713
4714 4712 4715
4714 4715 4716
4717 4718 4719
4717 4719 4720
4721 4722 4723
4721 4723 4724
4725 4726 4727
4725 4727 4728
4729 4730 4731
4729 4731 4732
4733 4734 4735
4733 4735 4736
626 615 4737
615 614 4737
4737 614 4738
617 4738 614
626 4737 4739
4737 4738 4740
4739 4737 4740
4741 626 4739
627 626 4741
4742 627 4741
4742 4743 627
4742 4744 4743
4741 4739 4745
4742 4741 4745
4739 4740 4746
4745 4739 4746
4747 4740 4738
4747 4746 4740
4747 4738 4748
617 4748 4738
4747 4749 4746
617 4750 4748
4751 4746 4749
4745 4746 4751
4751 4749 4752
4751 4752 4753
4750 617 4754
616 4754 617
4750 4754 4755
4754 616 500
4755 4754 4756
4754 500 4756
4755 4756 4757
4758 4757 4756
4759 4756 500
4758 4756 4759
4759 500 508
4760 4758 4759
4761 4759 508
4760 4759 4761
4761 508 510
4761 4762 4760
510 4763 4761
4761 4763 4762
510 514 4763
4764 4762 4763
4764 4763 514
4764 4765 4762
4764 514 4766
4766 514 511
4767 4765 4764
4766 4767 4764
4767 4768 4765
4768 4767 4769
4766 4769 4767
4768 4769 4770
4766 511 4771
4769 4766 4771
511 513 4771
4772 4770 4769
4769 4771 4772
4772 4771 513
4772 4773 4770
4772 513 4773
4742 4745 4774
4751 4774 4745
4774 4775 4742
4742 4775 4744
4751 4776 4774
4751 4753 4776
4776 4777 4774
4774 4777 4775
4778 4775 4777
4779 4744 4775
4778 4779 4775
4779 4780 4744
4753 4781 4776
4776 4781 4777
4781 4778 4777
4753 4782 4781
4781 4782 4783
4780 4779 4784
4778 4784 4779
4780 4784 4785
4781 4783 4786
4781 4786 4778
4787 4786 4783
4788 4785 4784
4778 4788 4784
4788 4789 4785
4787 4790 4786
4778 4786 4790
4778 4790 4788
4789 4788 4790
4789 4790 4787
756 811 4791
820 4791 811
756 4791 4792
756 4792 720
4793 4792 4791
4793 4791 4794
820 4794 4791
4792 4795 720
4793 4795 4792
4795 719 720
4796 719 4795
4795 4797 4796
4795 4793 4797
4798 719 4796
4798 4796 4797
4798 718 719
4799 718 4798
4800 718 4799
4799 4798 4801
4800 717 718
4801 4798 4802
4798 4797 4802
4801 4802 4803
4804 717 4800
4804 4800 4805
716 717 4804
4803 4802 4806
4797 4806 4802
4803 4806 4807
4804 4805 4808
4808 716 4804
4808 4805 4809
4797 4810 4806
4793 4810 4797
4811 4807 4806
4810 4811 4806
4811 4812 4807
4812 4811 4813
4814 4812 4813
4808 4815 716
4815 709 716
4810 4816 4811
4816 4813 4811
4815 4817 709
710 709 4817
710 4817 4818
4818 4817 4815
710 4818 4819
4820 4815 4808
4818 4815 4820
4821 4819 4818
4821 4818 4820
4821 4822 4819
4820 4808 4823
4808 4809 4823
4809 4824 4823
4820 4823 4824
4809 4825 4824
4821 4820 4826
4820 4824 4826
4821 4827 4822
4827 4821 4826
4825 4828 4824
4829 4828 4825
4824 4830 4826
4824 4828 4830
4827 4826 4830
4822 4827 4831
4822 4831 4832
4829 4833 4828
4833 4830 4828
4834 4827 4830
4833 4834 4830
4834 4831 4827
4835 4833 4829
4834 4833 4835
4836 4835 4829
4834 4835 4837
4837 4835 4836
4831 4834 4837
4837 4836 4838
4839 4837 4838
4832 4831 4840
4839 4832 4840
4831 4837 4840
4839 4840 4837
4841 4842 4843
4842 4844 4843
4841 4845 4842
4842 4846 4844
4845 4846 4842
4847 4845 4841
4847 4841 4848
4847 4848 4849
4847 4849 4850
4850 4845 4847
4851 4850 4849
4844 4846 4852
4844 4852 4853
4845 4854 4846
4850 4854 4845
4855 4846 4854
4855 4852 4846
4850 4855 4854
4853 4852 4856
4856 4852 4855
4857 4853 4856
4851 4858 4850
4850 4858 4855
4856 4855 4859
4859 4855 4858
4860 4858 4851
4859 4858 4860
4860 4851 4861
4857 4856 4862
4862 4856 4859
4863 4859 4860
4862 4859 4863
4860 4861 4864
4863 4860 4864
4814 4864 4861
4857 4862 4865
4865 4862 4863
4857 4865 4866
4814 4867 4864
4867 4863 4864
4814 4813 4867
4865 4863 4868
4867 4868 4863
4869 4866 4865
4869 4865 4868
4869 4870 4866
4871 4867 4813
4871 4868 4867
4869 4868 4871
4816 4871 4813
4872 4869 4871
4872 4871 4816
4869 4872 4870
4810 4872 4816
4873 4870 4872
4810 4873 4872
4873 4874 4870
4793 4873 4810
4875 4874 4873
4873 4793 4875
4875 4876 4874
4877 4876 4875
4878 4875 4793
4877 4875 4878
4793 4794 4878
4878 4879 4877
4880 4878 4794
4878 4880 4879
4880 4794 4881
4881 4794 820
4879 4880 4882
4881 4882 4880
4883 4879 4882
4881 820 4884
820 823 4884
4881 4885 4882
4884 4885 4881
4886 4884 823
4884 4886 4885
4886 823 4887
4883 4882 4888
4885 4888 4882
4886 4887 4889
4890 4889 4887
4886 4891 4885
4885 4891 4888
4886 4889 4891
4892 4883 4888
4892 4888 4891
4892 4893 4883
4894 4891 4889
4892 4891 4894
4893 4892 4895
4894 4895 4892
4896 4893 4895
4890 4897 4889
4894 4889 4897
4894 4898 4895
4897 4898 4894
4899 4897 4890
4897 4899 4898
4899 4890 4900
4896 4895 4901
4898 4901 4895
4899 4900 4902
4902 4900 4903
4899 4904 4898
4898 4904 4901
4899 4902 4904
4905 4901 4904
4902 4905 4904
4906 4896 4901
4905 4906 4901
4906 4907 4896
4908 4907 4906
4908 4906 4905
4908 4909 4907
4908 4910 4909
4908 4911 4910
4908 4905 4911
4911 4912 4910
4911 4913 4912
4912 4913 4903
4913 4911 4905
4902 4903 4914
4913 4914 4903
4913 4905 4914
4902 4914 4905
1020 4915 1006
1009 1006 4915
1020 4916 4915
4917 4916 1020
1018 4917 1020
4918 4917 1018
1019 4918 1018
4919 4918 1019
4919 1019 4920
4919 4920 4921
4918 4922 4917
4919 4922 4918
4917 4923 4916
4922 4923 4917
4924 4915 4916
4924 4916 4923
4924 4925 4915
1009 4915 4925
4924 4923 4926
1009 4925 4927
4928 4926 4923
4922 4928 4923
4928 4929 4926
4928 4930 4929
4927 4931 1009
1008 1009 4931
4927 4932 4931
4931 892 1008
4932 4933 4931
4931 4933 892
4932 4934 4933
4935 4933 4934
4936 892 4933
4935 4936 4933
4936 900 892
4937 4936 4935
4938 900 4936
4937 4938 4936
4938 902 900
4938 4937 4939
902 4938 4940
4938 4939 4940
902 4940 906
4941 4940 4939
4941 906 4940
4941 4939 4942
4941 4943 906
4943 903 906
4944 4941 4942
4943 4941 4944
4944 4942 4945
4945 4946 4944
4943 4944 4946
4945 4947 4946
4943 4948 903
4946 4948 4943
903 4948 905
4949 4946 4947
4946 4949 4948
4949 905 4948
4949 4947 4950
4949 4950 905
4919 4951 4922
4928 4922 4951
4951 4919 4952
4919 4921 4952
4928 4951 4953
4928 4953 4930
4953 4951 4954
4951 4952 4954
4955 4954 4952
4956 4952 4921
4955 4952 4956
4956 4921 4957
4930 4953 4958
4953 4954 4958
4958 4954 4955
4930 4958 4959
4958 4960 4959
4957 4961 4956
4955 4956 4961
4957 4962 4961
4958 4963 4960
4958 4955 4963
4964 4960 4963
4965 4961 4962
4955 4961 4965
4965 4962 4966
4964 4963 4967
4955 4967 4963
4955 4965 4967
4966 4964 4967
4966 4967 4965
1149 4968 1204
1213 1204 4968
1149 4969 4968
1149 1113 4969
4970 4968 4969
4971 4968 4970
1213 4968 4971
4969 1113 4972
4970 4969 4972
4972 1113 1112
4973 4972 1112
4972 4973 4974
4972 4974 4970
1112 4975 4973
4974 4973 4975
1112 1111 4975
4975 1111 4976
1111 4977 4976
4975 4976 4978
1111 1110 4977
4978 4979 4975
4974 4975 4979
4978 4980 4979
4981 4977 1110
4981 4982 4977
1109 4981 1110
4983 4979 4980
4974 4979 4983
4983 4980 4984
4981 4985 4982
1109 4985 4981
4985 4986 4982
4974 4983 4987
4970 4974 4987
4988 4983 4984
4987 4983 4988
4988 4984 4989
4989 4990 4988
4991 4990 4989
1109 4992 4985
4992 1109 1102
4987 4988 4993
4993 4988 4990
4992 1102 4994
1103 4994 1102
1103 4995 4994
4995 4992 4994
1103 4996 4995
4997 4985 4992
4995 4997 4992
4998 4995 4996
4998 4997 4995
4998 4996 4999
4997 5000 4985
4985 5000 4986
4986 5000 5001
4997 5001 5000
4986 5001 5002
4998 5003 4997
4997 5003 5001
4998 4999 5004
5004 5003 4998
5002 5001 5005
5006 5002 5005
5001 5003 5007
5001 5007 5005
5004 5007 5003
4999 5008 5004
4999 5009 5008
5006 5005 5010
5010 5005 5007
5011 5007 5004
5010 5007 5011
5011 5004 5008
5012 5006 5010
5011 5012 5010
5013 5006 5012
5011 5014 5012
5014 5013 5012
5008 5014 5011
5014 5015 5013
5016 5015 5014
5009 5017 5008
5016 5017 5009
5008 5017 5014
5016 5014 5017
5018 5019 5020
5020 5019 5021
5018 5020 5022
5020 5021 5023
5022 5020 5023
5024 5018 5022
5024 5025 5018
5024 5026 5025
5024 5027 5026
5027 5024 5022
5028 5026 5027
5021 5029 5023
5021 5030 5029
5022 5023 5031
5027 5022 5031
5032 5031 5023
5032 5023 5029
5027 5031 5032
5030 5033 5029
5033 5032 5029
5034 5033 5030
5028 5027 5035
5027 5032 5035
5033 5036 5032
5036 5035 5032
5037 5028 5035
5036 5037 5035
5037 5038 5028
5034 5039 5033
5039 5036 5033
5040 5037 5036
5039 5040 5036
5037 5041 5038
5040 5041 5037
4991 5038 5041
5034 5042 5039
5042 5040 5039
5034 5043 5042
4991 5041 5044
5044 5041 5040
4991 5044 4990
5045 5042 5043
5045 5043 5046
5042 5047 5040
5044 5040 5047
5045 5047 5042
5048 4990 5044
5048 5044 5047
5045 5048 5047
4993 4990 5048
5049 5048 5045
5049 4993 5048
5045 5046 5049
4987 4993 5049
5050 5049 5046
4987 5049 5050
5050 5046 5051
4970 4987 5050
5052 5050 5051
5050 5052 4970
5052 5051 5053
5054 5052 5053
5055 4970 5052
5054 5055 5052
4971 4970 5055
5056 5055 5054
5057 4971 5055
5056 5057 5055
5057 5058 4971
5058 1213 4971
5056 5059 5057
5058 5057 5059
5060 5059 5056
5058 5061 1213
1213 5061 1216
5058 5059 5062
5061 5058 5062
5063 1216 5061
5061 5062 5063
5063 5064 1216
5060 5065 5059
5062 5059 5065
5063 5066 5064
5067 5064 5066
5063 5062 5068
5062 5065 5068
5063 5068 5066
5069 5065 5060
5069 5068 5065
5069 5060 5070
5071 5066 5068
5069 5071 5068
5070 5072 5069
5071 5069 5072
5073 5072 5070
5067 5066 5074
5071 5074 5066
5071 5072 5075
5074 5071 5075
5076 5067 5074
5074 5075 5076
5076 5077 5067
5073 5078 5072
5075 5072 5078
5076 5079 5077
5079 5080 5077
5076 5075 5081
5075 5078 5081
5076 5081 5079
5082 5081 5078
5079 5081 5082
5083 5078 5073
5082 5078 5083
5083 5073 5084
5085 5083 5084
5085 5082 5083
5085 5084 5086
5085 5086 5087
5085 5087 5088
5085 5088 5082
5088 5087 5089
5088 5089 5090
5090 5082 5088
5089 5080 5090
5079 5091 5080
5079 5082 5091
5090 5091 5082
5090 5080 5091
5092 5093 5094
5095 5093 5092
5094 5093 5096
5097 5093 5095
5096 5093 5098
5099 5093 5097
5098 5093 5100
5101 5093 5099
5100 5093 5101
5102 5103 5104
5105 5103 5102
5104 5103 5106
5107 5103 5105
5106 5103 5108
5109 5103 5107
5108 5103 5110
5111 5103 5109
5110 5103 5111
5112 5113 5114
5112 5115 5113
5116 5112 5114
5115 5117 5113
5116 5114 5118
5115 5119 5117
5119 5116 5118
5119 5118 5117
5120 5121 5122
5120 5122 5123
5124 5121 5120
5123 5122 5125
5124 5126 5121
5123 5125 5127
5127 5126 5124
5127 5125 5126
