byte offset: 0
first index: 0
index count: 16662
topology: trianglelist
format: DXGI_FORMAT_R16_UINT

0 1 2
3 4 0
3 0 5
6 3 5
6 5 7
5 0 8
7 5 9
5 8 9
0 10 8
0 11 10
0 12 11
7 9 13
8 14 9
14 13 9
11 15 10
11 16 15
16 11 17
16 17 18
19 8 10
8 20 14
19 20 8
21 10 15
21 19 10
16 22 15
23 21 15
23 15 22
16 24 22
24 16 25
24 25 26
22 24 27
28 27 24
19 29 20
21 30 19
19 30 29
23 31 21
21 31 30
31 32 30
20 29 33
29 34 33
20 33 14
30 35 29
30 32 35
29 35 34
36 14 33
36 33 34
32 37 35
37 34 35
36 38 14
39 38 36
14 38 13
36 34 40
39 36 40
37 41 34
32 42 37
41 37 42
42 43 41
43 44 41
34 41 44
34 44 40
40 44 45
39 40 46
40 45 46
43 47 44
45 44 47
48 39 46
45 48 46
38 49 13
39 50 38
38 50 49
51 13 49
51 7 13
52 7 51
52 53 7
50 54 49
54 51 49
39 55 50
50 55 54
48 56 39
39 56 55
54 57 51
57 58 51
57 59 58
60 57 54
61 57 60
61 62 57
60 54 63
55 63 54
55 64 63
65 64 55
65 55 56
66 65 56
66 56 48
67 66 48
67 48 68
69 67 68
45 68 48
69 68 70
70 68 45
71 69 70
71 72 69
73 72 71
70 45 74
45 47 74
75 70 74
47 75 74
75 71 70
47 76 75
43 76 47
75 76 77
43 77 76
78 71 75
77 78 75
73 71 79
80 71 78
79 71 80
73 79 81
81 79 80
73 81 82
78 77 83
78 83 80
43 84 77
84 83 77
85 82 81
85 86 82
87 86 85
81 80 88
89 85 81
89 81 88
87 85 90
90 85 89
91 87 90
91 92 87
93 88 80
93 80 83
90 89 94
95 90 94
95 94 96
97 89 88
97 88 93
97 94 89
98 93 83
99 97 93
99 93 98
97 100 94
99 100 97
94 100 101
94 101 102
98 83 103
84 103 83
104 103 84
84 43 104
104 43 105
105 43 42
99 106 100
100 106 107
100 107 108
109 99 98
109 106 99
110 98 103
109 98 110
104 111 103
110 103 111
105 112 104
112 111 104
42 113 105
105 113 112
114 112 113
42 115 113
115 114 113
32 115 42
109 116 106
116 117 106
116 118 117
119 109 110
116 109 119
111 120 110
119 110 120
112 121 111
111 121 120
116 119 122
123 116 122
123 122 124
125 121 112
114 125 112
122 119 126
126 119 120
120 121 127
125 127 121
128 125 114
128 127 125
122 126 129
130 122 129
130 129 131
126 120 132
120 127 132
129 126 133
133 126 132
127 134 132
133 132 134
129 133 135
136 129 135
136 135 137
135 133 138
138 133 134
127 139 134
128 139 127
135 138 140
141 135 140
141 140 142
138 134 143
139 143 134
140 138 144
144 138 143
140 144 145
146 140 145
146 145 147
139 148 143
149 139 128
149 148 139
148 150 143
144 143 150
151 144 150
148 152 150
152 148 149
152 151 150
145 144 153
151 153 144
145 153 154
155 145 154
155 154 156
154 153 157
157 153 151
154 157 158
159 154 158
159 158 160
158 157 161
157 151 162
161 157 162
162 151 163
163 164 162
161 162 164
158 161 165
166 158 165
166 165 167
165 161 168
168 161 164
163 151 169
152 169 151
170 169 152
170 163 169
170 152 171
152 149 171
165 168 172
173 165 172
173 172 174
163 170 175
170 171 175
171 149 176
149 128 176
177 176 128
128 114 177
172 168 178
172 178 179
180 172 179
180 179 181
178 168 182
168 164 182
183 182 164
163 183 164
179 178 184
179 184 185
186 179 185
186 185 187
184 178 188
178 182 188
184 188 189
188 190 189
191 188 182
183 191 182
188 192 190
191 192 188
193 190 192
191 193 192
193 194 190
191 183 195
195 193 191
196 195 183
196 183 163
194 193 197
193 198 197
194 197 199
197 200 199
201 193 195
196 201 195
193 201 198
198 201 196
197 202 200
197 198 202
203 200 202
196 163 204
163 175 204
198 196 205
205 196 204
206 204 175
175 171 206
203 202 207
208 203 207
205 204 209
206 209 204
206 171 210
171 176 210
206 210 211
211 210 176
209 206 212
206 211 212
209 212 213
205 209 213
213 212 214
211 214 212
211 176 215
177 215 176
205 213 216
213 214 216
215 217 211
211 217 214
215 177 218
215 218 217
177 219 218
114 219 177
217 218 220
220 218 219
214 217 221
217 220 221
222 205 216
222 198 205
216 214 223
214 221 223
224 219 114
115 224 114
224 115 225
225 219 224
225 115 32
220 219 226
225 226 219
221 220 227
226 227 220
32 228 225
32 31 228
225 229 226
226 229 227
225 228 229
216 223 230
223 231 230
222 216 230
231 222 230
223 221 232
221 227 232
228 31 233
23 233 31
231 223 234
223 232 234
233 23 235
235 23 22
235 22 236
22 27 236
227 237 232
232 238 234
232 237 238
227 239 237
229 239 227
229 240 239
228 240 229
228 233 241
228 241 240
237 239 242
240 242 239
233 235 243
241 233 243
244 243 235
245 235 236
244 235 245
241 246 240
240 246 242
246 247 242
237 242 248
248 242 247
238 237 248
241 243 249
241 249 246
244 249 243
245 236 250
27 250 236
249 251 246
246 251 247
252 244 245
252 245 250
244 253 249
249 253 251
254 253 244
251 253 254
247 251 255
251 254 255
252 256 244
254 244 256
27 257 250
258 257 27
258 259 257
252 250 260
257 260 250
261 256 252
261 252 260
254 256 262
261 262 256
257 263 260
264 263 257
264 265 263
261 260 266
263 266 260
254 262 267
255 254 267
262 261 268
268 261 266
263 269 266
270 269 263
270 271 269
269 272 266
268 266 272
269 273 272
274 273 269
274 275 273
255 267 276
277 267 262
276 267 277
262 268 278
277 262 278
268 277 278
279 268 272
268 279 277
273 280 272
279 272 280
279 281 277
276 277 281
279 282 281
282 279 280
273 283 280
284 283 273
284 285 283
283 286 280
282 280 286
282 287 281
287 276 281
283 288 286
289 288 283
289 290 288
291 282 286
282 291 287
288 292 286
291 286 292
288 293 292
294 293 288
294 295 293
296 291 292
293 297 292
296 292 297
291 296 298
291 298 287
287 298 299
300 298 296
300 296 297
293 301 297
302 301 293
302 303 301
301 304 297
300 297 304
301 305 304
306 305 301
306 307 305
305 308 304
308 300 304
300 309 298
309 299 298
287 299 310
287 310 276
311 276 310
311 310 299
311 255 276
247 255 311
247 311 312
311 299 312
305 313 308
314 313 305
314 315 313
308 316 300
316 309 300
247 312 317
248 247 317
318 248 317
238 248 318
312 319 317
318 317 319
320 312 299
312 320 319
309 321 299
320 299 321
319 320 322
322 320 321
309 323 321
316 323 309
322 321 323
316 322 323
324 316 308
316 324 322
319 322 325
318 319 325
324 325 322
238 318 326
318 325 326
324 308 327
313 327 308
238 326 328
234 238 328
324 329 325
329 324 327
325 330 326
325 329 330
328 326 330
313 331 327
332 331 313
332 333 331
329 327 334
331 334 327
330 329 334
234 328 335
231 234 335
331 336 334
337 336 331
337 338 336
328 330 339
335 328 339
330 334 340
336 340 334
339 330 340
336 341 340
342 341 336
342 343 341
339 340 344
341 344 340
335 339 345
345 339 344
341 346 344
341 347 346
345 344 348
346 348 344
335 345 349
349 345 348
335 349 350
351 350 349
350 231 335
351 231 350
351 352 231
231 352 222
352 353 222
222 353 198
353 202 198
352 354 353
202 353 354
354 352 351
202 354 207
354 355 207
208 207 355
354 356 355
354 351 356
357 208 355
356 357 355
357 358 208
351 359 356
356 359 357
358 357 360
358 360 361
351 362 359
351 349 362
357 359 363
357 363 360
364 361 360
364 365 361
366 365 364
366 367 365
362 349 368
349 348 368
359 362 369
359 369 363
362 368 369
370 364 360
370 360 363
371 363 369
368 371 369
371 370 363
372 364 370
372 373 364
374 370 371
374 375 370
348 376 368
368 376 371
371 376 377
348 378 376
379 376 378
379 378 380
346 378 348
381 378 346
381 346 382
371 383 384
385 386 387
388 389 390
391 27 392
341 393 394
395 396 397
398 399 400
401 402 403
404 401 405
404 406 401
407 406 404
407 408 406
406 409 401
408 410 406
406 410 409
401 409 411
401 411 412
401 412 413
408 414 410
415 409 410
415 410 414
412 411 416
412 416 417
417 418 412
417 419 418
420 411 409
415 421 409
420 409 421
422 416 411
422 411 420
417 416 423
424 416 422
424 423 416
417 423 425
425 426 417
425 427 426
423 428 425
429 425 428
420 421 430
422 420 431
420 430 431
424 422 432
422 431 432
432 431 433
421 434 430
430 434 435
421 415 434
431 430 436
431 436 433
430 435 436
437 434 415
437 435 434
433 436 438
438 436 435
437 415 439
440 437 439
415 414 439
437 441 435
440 441 437
438 435 442
433 438 443
442 443 438
443 442 444
444 442 445
435 445 442
435 441 445
441 446 445
440 447 441
441 447 446
444 445 448
446 448 445
449 447 440
446 447 449
439 414 450
440 439 451
439 450 451
452 450 414
452 414 408
453 452 408
453 408 454
451 450 455
455 450 452
440 451 456
451 455 456
449 440 457
440 456 457
455 452 458
458 452 459
458 459 460
461 455 458
462 461 458
462 458 463
461 464 455
456 455 464
456 464 465
466 456 465
466 457 456
467 457 466
467 449 457
468 449 467
468 469 449
470 469 468
446 449 469
470 471 469
471 446 469
472 471 470
472 470 473
472 473 474
471 475 446
446 475 448
476 475 471
448 475 476
476 471 472
448 476 477
444 448 477
476 478 477
444 477 478
479 476 472
478 476 479
472 474 480
481 479 472
480 481 472
474 482 480
482 481 480
474 483 482
484 478 479
484 479 481
444 478 485
485 478 484
486 482 483
486 483 487
488 486 487
482 489 481
490 482 486
490 489 482
488 491 486
491 490 486
492 491 488
492 488 493
494 481 489
494 484 481
491 495 490
496 495 491
496 497 495
498 489 490
498 494 489
498 490 495
499 484 494
500 494 498
500 499 494
498 495 501
500 498 501
495 502 501
495 503 502
499 504 484
485 484 504
505 485 504
485 505 444
505 506 444
506 443 444
500 501 507
501 508 507
501 509 508
510 499 500
510 500 507
511 504 499
510 511 499
505 504 512
511 512 504
513 506 505
513 505 512
443 506 514
513 514 506
515 514 513
443 514 516
516 514 515
433 443 516
510 507 517
517 507 518
517 518 519
520 511 510
517 520 510
512 511 521
520 521 511
513 512 522
512 521 522
517 523 520
524 523 517
524 525 523
526 513 522
515 513 526
523 527 520
527 521 520
528 522 521
526 522 528
529 515 526
529 526 528
523 530 527
531 530 523
531 532 530
527 533 521
528 521 533
530 534 527
534 533 527
528 533 535
534 535 533
530 536 534
537 536 530
537 538 536
536 539 534
539 535 534
528 535 540
529 528 540
536 541 539
542 541 536
542 543 541
539 544 535
540 535 544
541 545 539
545 544 539
541 546 545
547 546 541
547 548 546
540 544 549
550 529 540
550 540 549
549 544 551
545 551 544
552 551 545
549 551 553
553 550 549
553 551 552
546 554 545
552 545 554
546 555 554
556 555 546
556 557 555
555 558 554
558 552 554
555 559 558
560 559 555
560 561 559
559 562 558
558 563 552
562 563 558
563 564 552
564 563 565
562 565 563
559 566 562
567 566 559
567 568 566
566 569 562
569 565 562
564 570 552
553 552 570
571 553 570
571 570 564
571 572 553
553 572 550
566 573 569
574 573 566
574 575 573
564 576 571
571 576 572
572 577 550
550 577 529
577 578 529
529 578 515
573 579 569
573 580 579
581 580 573
581 582 580
579 583 569
569 583 565
584 565 583
564 565 584
580 585 579
580 586 585
587 586 580
587 588 586
585 589 579
579 589 583
585 590 589
591 589 590
592 583 589
584 583 592
591 593 589
592 589 593
591 594 593
592 593 594
591 595 594
592 596 584
596 592 594
597 584 596
597 564 584
595 598 594
594 598 599
595 600 598
598 600 601
602 596 594
597 596 602
594 599 602
599 597 602
598 601 603
598 603 599
604 603 601
597 605 564
564 605 576
599 606 597
606 605 597
607 576 605
576 607 572
604 608 603
609 608 604
606 610 605
607 605 610
607 611 572
572 611 577
607 612 611
612 577 611
610 613 607
607 613 612
610 614 613
606 614 610
614 615 613
612 613 615
612 616 577
577 616 578
606 617 614
614 617 615
616 612 618
612 615 618
616 619 578
616 618 619
578 619 620
515 578 620
618 621 619
621 620 619
615 622 618
618 622 621
623 617 606
623 606 599
617 624 615
615 624 622
625 515 620
516 515 625
625 626 516
626 625 620
626 433 516
621 627 620
626 620 627
622 628 621
627 621 628
433 626 629
433 629 432
626 627 630
627 628 630
626 630 629
617 631 624
624 631 632
623 631 617
632 631 623
624 633 622
622 633 628
629 634 432
424 432 634
632 635 624
624 635 633
634 636 424
636 423 424
636 637 423
423 637 428
628 633 638
633 635 639
633 639 638
628 638 640
630 628 640
630 640 641
629 630 641
629 642 634
629 641 642
638 643 640
641 640 643
634 644 636
642 644 634
645 636 644
642 641 646
641 643 646
646 643 647
638 648 643
639 648 638
648 647 643
642 649 644
642 646 649
645 644 649
649 646 650
646 647 650
645 651 636
651 637 636
651 652 637
428 637 652
645 649 653
649 650 653
650 654 653
654 645 653
655 651 645
655 652 651
647 656 650
650 656 654
654 657 645
655 645 657
428 652 658
659 428 658
659 658 660
655 661 652
658 652 661
662 655 657
662 661 655
654 663 657
662 657 663
658 661 664
665 658 664
665 664 666
662 667 661
664 661 667
654 668 663
656 668 654
663 669 662
669 667 662
664 667 670
671 664 670
671 670 672
670 667 673
669 673 667
670 673 674
675 670 674
675 674 676
656 677 668
678 663 668
677 678 668
663 679 669
678 679 663
669 679 678
680 673 669
669 678 680
674 673 681
680 681 673
680 678 682
677 682 678
680 682 683
683 681 680
674 681 684
685 674 684
685 684 686
684 681 687
683 687 681
683 682 688
688 682 677
684 687 689
690 684 689
690 689 691
692 687 683
683 688 692
689 687 693
692 693 687
689 693 694
695 689 694
695 694 696
697 693 692
694 693 698
697 698 693
692 699 697
692 688 699
688 700 699
701 697 699
701 698 697
694 698 702
703 694 702
703 702 704
702 698 705
701 705 698
702 705 706
707 702 706
707 706 708
706 705 709
709 705 701
701 699 710
710 699 700
688 711 700
688 677 711
712 711 677
712 700 711
712 677 656
647 712 656
647 713 712
712 713 700
706 709 714
715 706 714
715 714 716
709 701 717
717 701 710
647 718 713
648 718 647
719 718 648
639 719 648
713 718 720
719 720 718
721 700 713
713 720 721
710 700 722
721 722 700
720 723 721
723 722 721
710 722 724
717 710 724
723 724 722
717 724 723
725 709 717
717 723 725
720 726 723
719 726 720
725 723 726
639 727 719
719 727 726
725 728 709
714 709 728
639 729 727
635 729 639
725 726 730
730 728 725
726 727 731
726 731 730
729 731 727
714 728 732
733 714 732
733 732 734
730 735 728
732 728 735
731 735 730
635 736 729
632 736 635
732 735 737
738 732 737
738 737 739
729 740 731
736 740 729
731 741 735
737 735 741
740 741 731
737 741 742
743 737 742
743 742 744
740 745 741
742 741 745
736 746 740
746 745 740
742 745 747
742 747 748
746 749 745
747 745 749
736 750 746
750 749 746
736 751 750
752 750 751
751 736 632
752 751 632
752 632 753
632 623 753
753 623 754
623 599 754
754 599 603
753 754 755
603 755 754
755 752 753
603 608 755
755 608 756
609 756 608
755 756 757
755 757 752
758 756 609
757 756 758
758 609 759
752 757 760
757 758 760
759 761 758
759 762 761
752 760 763
752 763 750
758 764 760
758 761 764
765 761 762
765 762 766
767 765 766
767 766 768
763 769 750
750 769 749
760 770 763
760 764 770
763 770 769
771 764 761
771 761 765
772 770 764
769 770 772
772 764 771
773 771 765
773 765 774
775 772 771
775 771 776
749 769 777
769 772 777
772 778 777
749 777 779
780 779 777
780 781 779
747 749 779
782 747 779
782 783 747
772 784 785
786 787 788
789 790 791
792 793 428
742 794 795
796 797 798
799 800 801
802 803 804
802 805 803
803 805 806
806 807 803
806 808 807
808 809 807
808 810 809
810 811 809
810 812 811
812 813 811
812 814 813
815 813 814
814 816 815
814 817 816
818 819 820
821 820 819
821 822 820
823 822 821
823 821 824
825 823 824
825 824 826
827 825 826
827 826 828
829 830 831
829 831 832
833 829 832
833 832 834
835 836 837
835 837 838
839 840 841
839 841 842
843 844 845
843 845 846
845 847 846
847 845 848
847 848 849
849 848 850
849 850 851
851 850 852
851 852 853
853 852 854
853 854 855
856 855 854
855 856 857
855 857 858
859 860 861
862 861 860
862 860 863
864 862 863
864 865 862
866 865 864
866 867 865
868 867 866
868 869 867
870 871 872
870 873 871
874 873 870
874 875 873
876 877 878
876 878 879
880 881 882
880 882 883
884 885 886
884 886 887
887 888 884
886 889 887
886 890 889
889 890 891
889 891 892
892 893 889
894 892 891
894 895 892
895 893 892
896 895 894
897 887 889
897 889 893
887 898 888
897 898 887
896 899 895
899 896 900
901 888 898
901 902 888
903 898 897
903 901 898
904 902 901
901 903 904
904 905 902
904 906 905
904 907 906
907 908 906
899 909 895
895 909 893
899 900 910
910 900 911
904 903 912
912 907 904
899 913 909
913 899 910
907 914 908
912 915 907
915 914 907
916 908 914
916 917 908
918 917 916
918 919 917
920 919 918
920 921 919
920 922 921
916 923 918
923 920 918
914 924 916
916 924 923
915 925 914
914 925 924
926 925 915
927 915 912
927 926 915
924 925 928
926 928 925
929 926 927
929 930 926
930 928 926
930 931 928
932 929 927
933 928 931
932 927 934
934 927 912
935 932 934
933 936 928
924 928 936
937 936 933
924 936 938
937 938 936
924 938 923
939 938 937
934 912 940
912 903 940
935 934 941
941 934 940
942 935 941
943 940 903
941 940 943
943 903 897
897 893 943
923 938 944
939 944 938
945 941 943
942 941 945
943 893 946
945 943 946
893 947 946
893 909 947
946 948 945
947 948 946
942 945 949
949 945 948
949 950 942
942 950 951
923 944 952
923 952 920
944 953 952
953 920 952
954 947 909
954 909 913
955 949 948
955 950 949
950 956 951
951 956 957
956 958 957
950 955 959
959 956 950
960 955 948
959 955 960
947 961 948
960 948 961
962 960 961
963 961 947
962 961 963
963 947 954
964 954 913
913 910 964
956 965 958
966 958 965
959 967 956
967 965 956
959 960 968
968 967 959
969 963 954
964 969 954
964 910 970
910 911 970
960 971 968
972 968 971
962 971 960
968 973 967
972 973 968
969 974 963
974 962 963
975 969 964
964 970 975
911 976 970
911 977 976
975 978 969
974 969 978
970 979 975
970 976 979
979 978 975
980 976 977
979 976 980
980 977 981
982 980 981
982 981 983
982 983 984
983 985 984
986 984 985
987 984 986
979 980 988
988 980 982
979 989 978
989 979 988
990 984 987
990 987 991
989 992 978
974 978 992
990 991 993
993 991 994
993 994 995
995 994 996
990 993 997
995 997 993
990 998 984
998 990 997
998 999 984
999 982 984
992 1000 974
974 1000 962
998 997 1001
1001 999 998
1002 982 999
988 982 1002
1002 999 1003
1001 1003 999
1004 988 1002
1002 1003 1004
1001 1005 1003
1005 1004 1003
1004 1006 988
989 988 1006
1006 1004 1007
1005 1007 1004
1008 989 1006
1006 1007 1008
1008 1009 989
989 1009 992
1009 1010 992
992 1010 1000
1009 1008 1011
1009 1011 1010
1008 1007 1012
1011 1008 1013
1008 1012 1013
1013 1014 1011
1010 1011 1014
1015 1007 1005
1012 1007 1015
1016 1014 1013
1012 1016 1013
1010 1014 1017
1010 1018 1000
1018 1010 1017
1017 1019 1018
1017 1014 1020
1020 1014 1016
1021 1000 1018
1019 1021 1018
1017 1022 1019
1017 1020 1022
1000 1021 1023
962 1000 1023
1021 1024 1023
1021 1025 1024
1019 1025 1021
962 1023 1026
1024 1026 1023
971 962 1026
1026 972 971
1024 1027 1026
1026 1027 972
1028 1022 1020
1029 1019 1022
1029 1022 1028
1028 1020 1030
1030 1020 1016
1031 1025 1019
1032 1024 1025
1031 1032 1025
1029 1033 1019
1033 1031 1019
1034 1029 1028
1035 1033 1029
1035 1029 1034
1036 1031 1033
1036 1033 1037
1034 1028 1038
1038 1028 1030
1035 1034 1039
1038 1039 1034
1035 1039 1040
1039 1041 1040
1042 1031 1036
1042 1032 1031
1043 1036 1037
1042 1036 1043
1043 1037 1044
1039 1045 1041
1046 1041 1045
1038 1047 1039
1047 1045 1039
1048 1043 1044
1043 1048 1049
1048 1044 1050
1051 1048 1050
1051 1049 1048
1051 1050 1052
1042 1043 1053
1043 1049 1053
1054 1042 1053
1049 1054 1053
1046 1045 1055
1045 1056 1055
1057 1046 1055
1057 1055 1058
1058 1055 1056
1059 1057 1058
1059 1058 1060
1061 1059 1060
1054 1062 1042
1062 1032 1042
1062 1063 1032
1032 1063 1024
1064 1063 1062
1054 1064 1062
1064 1065 1063
1024 1063 1065
1054 1066 1064
1054 1067 1066
1054 1068 1067
1049 1068 1054
1068 1069 1067
1065 1070 1024
1027 1024 1070
1071 1068 1049
1068 1071 1069
1071 1049 1072
1051 1072 1049
1073 1069 1071
1073 1071 1072
1073 1074 1069
1051 1075 1072
1073 1072 1075
1074 1073 1076
1075 1076 1073
1074 1076 1077
1078 1077 1076
1051 1079 1075
1052 1079 1051
1052 1080 1079
1081 1078 1076
1078 1081 1082
1075 1083 1076
1083 1075 1079
1083 1081 1076
1084 1079 1080
1083 1079 1084
1084 1080 1085
1084 1085 1086
1087 1082 1081
1083 1087 1081
1087 1088 1082
1083 1084 1089
1084 1086 1089
1083 1089 1087
1088 1087 1089
1089 1086 1090
1088 1089 1090
1091 1092 1093
1091 1093 1094
1095 1091 1094
1096 1094 1093
1096 1093 1097
1096 1097 1098
1098 1099 1096
1099 1094 1096
1098 1100 1099
1101 1099 1100
1095 1094 1102
1099 1102 1094
1099 1101 1103
1102 1099 1103
1103 1101 1104
1095 1102 1105
1102 1103 1105
1095 1105 1106
1107 1106 1105
1107 1105 1108
1108 1105 1103
1108 1109 1107
1110 1103 1104
1108 1103 1110
1110 1104 1111
1112 1110 1111
1108 1113 1109
1113 1108 1110
1113 1114 1109
1112 1115 1110
1113 1110 1115
1116 1115 1112
1113 1117 1114
1115 1117 1113
1116 1118 1115
1115 1118 1117
1116 1119 1118
1120 1114 1117
1118 1120 1117
1120 1121 1114
1122 1118 1119
1118 1122 1120
1123 1121 1120
1123 1124 1121
1120 1125 1123
1120 1122 1125
1125 1122 1126
1124 1123 1127
1125 1127 1123
1127 1125 1128
1124 1127 1129
1122 1119 1130
1130 1126 1122
1129 1127 1131
1129 1131 1132
1127 1133 1131
1127 1128 1133
1134 1132 1131
1131 1133 1134
1134 1135 1132
1136 1135 1134
1136 1137 1135
1136 1138 1137
1139 1134 1133
1139 1136 1134
1136 1140 1138
1139 1140 1136
1140 1141 1138
1140 1142 1141
1142 1143 1141
1144 1133 1128
1139 1133 1144
1139 1145 1140
1145 1142 1140
1146 1143 1142
1146 1147 1143
1139 1144 1148
1148 1145 1139
1145 1149 1142
1146 1142 1149
1147 1146 1150
1147 1150 1151
1150 1152 1151
1148 1153 1145
1153 1149 1145
1146 1149 1154
1150 1146 1154
1153 1155 1149
1155 1154 1149
1144 995 1148
995 996 1148
996 1153 1148
996 1156 1153
1153 1156 1157
1153 1157 1155
995 1144 997
1157 1158 1155
1159 997 1144
1159 1001 997
1144 1128 1159
1155 1158 1160
1155 1160 1154
1160 1158 1161
1159 1162 1001
1159 1128 1162
1001 1162 1005
1160 1163 1154
1150 1154 1163
1164 1160 1161
1160 1164 1163
1164 1161 1165
1165 1166 1164
1163 1164 1166
1165 1167 1166
1163 1168 1150
1150 1168 1152
1169 1005 1162
1005 1169 1015
1167 1170 1166
1166 1170 1171
1167 1172 1170
1171 1170 1172
1171 1172 1173
1174 1171 1173
1163 1166 1175
1163 1175 1168
1166 1171 1175
1168 1175 1171
1152 1168 1176
1174 1152 1176
1168 1171 1176
1174 1176 1171
1177 1015 1169
1177 1169 1178
1177 1012 1015
1178 1169 1179
1162 1179 1169
1180 1179 1162
1128 1180 1162
1177 1181 1012
1181 1016 1012
1182 1016 1181
1030 1016 1182
1183 1181 1177
1182 1181 1183
1184 1030 1182
1038 1030 1184
1178 1179 1185
1185 1179 1180
1186 1180 1128
1128 1125 1186
1125 1126 1186
1126 1180 1186
1187 1177 1178
1183 1177 1187
1188 1182 1183
1184 1182 1188
1038 1184 1189
1038 1189 1047
1188 1183 1190
1190 1183 1187
1191 1184 1188
1191 1189 1184
1188 1190 1191
1192 1047 1189
1047 1192 1045
1045 1192 1056
1192 1189 1193
1193 1189 1191
1193 1056 1192
1190 1187 1194
1191 1190 1195
1194 1195 1190
1193 1191 1196
1195 1196 1191
1193 1196 1197
1195 1197 1196
1193 1198 1056
1193 1197 1198
1194 1187 1199
1187 1178 1199
1195 1200 1197
1201 1198 1197
1200 1201 1197
1056 1198 1202
1201 1202 1198
1194 1203 1195
1203 1200 1195
1056 1202 1204
1058 1056 1204
1060 1058 1204
1205 1199 1178
1194 1199 1206
1206 1199 1205
1194 1207 1203
1194 1206 1207
1206 1205 1208
1206 1208 1209
1206 1209 1207
1209 1210 1207
1178 1211 1205
1212 1205 1211
1211 1178 1185
1207 1213 1203
1203 1213 1200
1214 1207 1210
1207 1214 1213
1214 1210 1215
1215 1216 1214
1214 1216 1217
1213 1214 1217
1217 1216 1218
1212 1211 1219
1219 1220 1212
1221 1200 1213
1221 1201 1200
1222 1217 1218
1222 1218 1223
1224 1222 1223
1222 1224 1225
1222 1225 1226
1226 1217 1222
1226 1225 1227
1213 1217 1228
1226 1228 1217
1221 1213 1228
1226 1227 1229
1229 1228 1226
1229 1221 1228
1227 1230 1229
1230 1221 1229
1231 1201 1221
1230 1231 1221
1202 1201 1231
1232 1231 1230
1232 1230 1233
1234 1232 1233
1202 1231 1235
1232 1235 1231
1235 1204 1202
1234 1236 1232
1236 1235 1232
1236 1234 1237
1235 1238 1204
1236 1238 1235
1060 1204 1238
1236 1237 1239
1239 1238 1236
1239 1060 1238
1237 1061 1239
1061 1060 1239
1240 1241 1242
1240 1243 1241
1243 1240 1244
1241 1243 1245
1241 1245 1246
1247 1246 1245
1247 1245 1248
1248 1245 1249
1250 1247 1248
1250 1248 1251
1251 1248 1249
1252 1250 1251
1253 1245 1243
1253 1249 1245
1243 1244 1254
1253 1243 1254
1252 1251 1255
1255 1256 1252
1257 1254 1244
1257 1244 1258
1259 1253 1254
1259 1254 1257
1260 1257 1258
1257 1260 1259
1260 1258 1261
1260 1261 1262
1260 1262 1263
1263 1262 1264
1255 1251 1265
1251 1249 1265
1253 1266 1249
1266 1253 1259
1260 1267 1259
1267 1260 1263
1266 1259 1268
1267 1268 1259
1263 1264 1269
1267 1263 1270
1270 1263 1269
1271 1269 1264
1271 1264 1272
1273 1271 1272
1273 1272 1274
1275 1273 1274
1275 1274 1276
1275 1276 1277
1271 1273 1278
1278 1273 1275
1269 1271 1279
1271 1278 1279
1270 1269 1280
1269 1279 1280
1281 1267 1270
1282 1270 1280
1281 1270 1282
1279 1283 1280
1282 1280 1283
1284 1267 1281
1284 1268 1267
1285 1268 1284
1285 1266 1268
1286 1281 1282
1286 1282 1287
1287 1282 1283
1288 1281 1286
1288 1284 1281
1289 1284 1288
1289 1285 1284
1287 1283 1290
1291 1290 1283
1292 1285 1289
1291 1283 1293
1294 1291 1293
1279 1293 1283
1294 1293 1295
1279 1295 1293
1296 1294 1295
1279 1278 1295
1296 1295 1297
1278 1297 1295
1292 1298 1285
1298 1266 1285
1296 1297 1299
1296 1299 1300
1278 1301 1297
1278 1275 1301
1297 1301 1302
1302 1301 1275
1297 1302 1299
1303 1300 1299
1303 1304 1300
1305 1304 1303
1306 1303 1299
1305 1303 1306
1306 1299 1302
1307 1305 1306
1307 1306 1308
1308 1306 1302
1277 1307 1308
1275 1277 1309
1302 1275 1309
1308 1302 1309
1308 1309 1277
1310 1311 1312
1310 1313 1311
1314 1313 1310
1315 1311 1313
1315 1316 1311
1315 1317 1316
1317 1315 1318
1318 1315 1313
1317 1318 1319
1320 1319 1318
1314 1321 1313
1318 1313 1321
1318 1322 1320
1321 1322 1318
1322 1323 1320
1314 1324 1321
1321 1324 1322
1314 1325 1324
1326 1324 1325
1326 1327 1324
1327 1322 1324
1327 1326 1328
1329 1323 1322
1327 1329 1322
1329 1330 1323
1331 1330 1329
1327 1328 1332
1332 1329 1327
1332 1328 1333
1331 1329 1334
1332 1334 1329
1335 1331 1334
1332 1333 1336
1334 1332 1336
1335 1334 1337
1334 1336 1337
1335 1337 1338
1339 1336 1333
1337 1336 1339
1339 1333 1340
1341 1338 1337
1337 1339 1341
1342 1339 1340
1342 1340 1343
1339 1342 1344
1339 1344 1341
1344 1345 1341
1343 1346 1342
1344 1342 1346
1346 1347 1344
1343 1348 1346
1341 1349 1338
1349 1341 1345
1348 1350 1346
1348 1351 1350
1346 1350 1352
1346 1352 1347
1353 1350 1351
1350 1353 1352
1353 1351 1354
1355 1353 1354
1355 1354 1356
1355 1356 1357
1358 1352 1353
1358 1353 1355
1355 1357 1359
1358 1355 1359
1359 1357 1360
1359 1360 1361
1361 1360 1362
1363 1347 1352
1358 1363 1352
1358 1359 1364
1364 1359 1361
1365 1361 1362
1365 1362 1366
1358 1367 1363
1367 1358 1364
1364 1361 1368
1365 1368 1361
1366 1369 1365
1366 1370 1369
1369 1370 1371
1367 1364 1372
1372 1364 1368
1365 1373 1368
1369 1373 1365
1372 1368 1374
1374 1368 1373
1369 1371 1375
1369 1376 1373
1376 1369 1375
1374 1373 1377
1377 1373 1376
1371 1378 1375
1375 1378 1379
1380 1378 1371
1380 1379 1378
1380 1381 1379
1379 1381 1382
1376 1375 1383
1375 1379 1383
1379 1382 1384
1385 1384 1382
1386 1383 1379
1386 1379 1384
1385 1386 1384
1376 1383 1386
1387 1386 1385
1376 1386 1388
1387 1388 1386
1377 1376 1388
1388 1387 1389
1388 1389 1377
1377 1389 1390
1374 1377 1390
1391 1374 1390
1372 1374 1391
1372 1391 1392
1393 1372 1392
1393 1367 1372
1394 1367 1393
1394 1393 1395
1363 1367 1394
1396 1394 1395
1396 1395 1397
1394 1398 1363
1394 1396 1398
1399 1396 1397
1399 1398 1396
1399 1397 1400
1399 1400 1401
1400 1402 1401
1402 1403 1401
1404 1401 1403
1405 1363 1398
1363 1405 1347
1406 1398 1399
1399 1401 1406
1407 1401 1404
1407 1404 1408
1405 1398 1409
1406 1409 1398
1406 1401 1410
1410 1401 1407
1409 1406 1410
1411 1347 1405
1411 1405 1409
1407 1408 1412
1412 1408 1413
1412 1413 1414
1415 1414 1413
1409 1410 1416
1417 1410 1407
1417 1416 1410
1418 1407 1412
1418 1417 1407
1419 1412 1414
1419 1418 1412
1415 1420 1414
1420 1419 1414
1409 1416 1421
1409 1421 1411
1417 1422 1416
1422 1417 1418
1421 1416 1422
1423 1420 1415
1423 1415 1256
1255 1423 1256
1424 1423 1255
1255 1265 1424
1425 1420 1423
1424 1425 1423
1426 1424 1265
1425 1424 1426
1425 1427 1420
1420 1427 1419
1427 1425 1428
1425 1426 1428
1426 1265 1429
1249 1429 1265
1419 1427 1430
1427 1428 1430
1428 1426 1431
1431 1426 1429
1249 1432 1429
1266 1432 1249
1298 1432 1266
1429 1432 1433
1432 1298 1433
1419 1430 1434
1434 1418 1419
1435 1430 1428
1428 1431 1435
1435 1431 1436
1431 1429 1437
1429 1433 1437
1436 1431 1437
1435 1438 1430
1434 1430 1438
1439 1433 1298
1292 1439 1298
1440 1437 1433
1436 1437 1440
1439 1292 1441
1292 1442 1441
1443 1433 1439
1440 1433 1443
1443 1439 1441
1441 1442 1444
1442 1445 1444
1444 1445 1446
1441 1447 1443
1447 1440 1443
1447 1441 1444
1444 1446 1448
1449 1448 1446
1447 1444 1450
1450 1444 1448
1447 1451 1440
1451 1447 1450
1440 1451 1452
1453 1452 1451
1436 1440 1452
1451 1450 1454
1453 1451 1454
1450 1448 1455
1455 1454 1450
1449 1456 1448
1456 1455 1448
1449 1457 1456
1449 1458 1457
1456 1459 1455
1459 1456 1457
1455 1460 1454
1459 1460 1455
1454 1460 1461
1454 1461 1453
1459 1462 1460
1462 1461 1460
1463 1452 1453
1452 1463 1436
1457 1458 1464
1464 1458 1465
1459 1457 1466
1462 1459 1466
1467 1457 1464
1467 1466 1457
1464 1465 1468
1467 1464 1468
1468 1465 1469
1470 1469 1465
1471 1469 1470
1472 1471 1470
1473 1468 1469
1473 1469 1471
1467 1468 1474
1473 1474 1468
1475 1466 1467
1475 1467 1474
1462 1466 1476
1475 1476 1466
1472 1477 1471
1478 1477 1472
1473 1471 1479
1479 1471 1477
1474 1473 1480
1479 1480 1473
1476 1481 1462
1462 1481 1461
1478 1482 1477
1479 1477 1482
1483 1482 1478
1483 1478 1484
1482 1485 1479
1482 1483 1485
1479 1485 1480
1484 1486 1483
1485 1483 1486
1484 1487 1486
1488 1486 1487
1488 1489 1486
1485 1486 1489
1490 1489 1488
1491 1489 1490
1492 1485 1489
1491 1492 1489
1492 1480 1485
1492 1491 1493
1492 1493 1494
1480 1492 1494
1495 1494 1493
1480 1494 1496
1474 1480 1496
1475 1474 1496
1495 1497 1494
1497 1496 1494
1497 1475 1496
1497 1495 1498
1475 1497 1499
1497 1498 1499
1475 1499 1476
1476 1499 1481
1481 1499 1498
1481 1498 1500
1481 1500 1501
1481 1501 1461
1461 1501 1453
1453 1501 1502
1503 1502 1501
1504 1453 1502
1463 1453 1504
1505 1463 1504
1505 1506 1463
1436 1463 1506
1436 1506 1507
1435 1436 1507
1438 1435 1507
1508 1506 1505
1507 1506 1508
1503 1509 1502
1504 1502 1510
1509 1510 1502
1504 1510 1511
1504 1511 1505
1503 1512 1509
1503 1513 1512
1509 1514 1510
1514 1511 1510
1513 1515 1512
1513 1516 1515
1509 1512 1517
1509 1517 1514
1516 1518 1515
1516 1519 1518
1512 1515 1520
1512 1520 1517
1520 1515 1518
1521 1514 1517
1520 1521 1517
1514 1522 1511
1521 1522 1514
1523 1505 1511
1522 1523 1511
1522 1524 1523
1525 1524 1522
1525 1522 1521
1526 1525 1521
1520 1526 1521
1526 1527 1525
1528 1526 1520
1520 1518 1528
1529 1527 1526
1528 1529 1526
1529 1530 1527
1531 1528 1518
1531 1529 1528
1530 1529 1532
1531 1532 1529
1530 1532 1533
1531 1518 1534
1534 1518 1519
1534 1519 1535
1532 1531 1536
1536 1531 1534
1533 1532 1537
1532 1536 1537
1533 1537 1538
1537 1539 1538
1540 1534 1535
1536 1534 1540
1540 1535 1541
1540 1541 1542
1540 1542 1543
1543 1536 1540
1543 1542 1544
1543 1545 1536
1544 1545 1543
1545 1537 1536
1544 1546 1545
1547 1545 1546
1539 1548 1547
1548 1539 1537
1547 1548 1545
1545 1548 1537
1549 1550 1551
1549 1551 1552
1549 1552 1553
1549 1553 1554
1555 1554 1553
1555 1553 1556
1557 1555 1556
1558 1552 1551
1552 1559 1553
1552 1558 1559
1553 1560 1556
1559 1560 1553
1557 1556 1561
1561 1556 1560
1558 1551 1562
1562 1551 1563
1558 1564 1559
1560 1559 1564
1565 1557 1561
1565 1566 1557
1562 1567 1558
1558 1567 1564
1562 1563 1568
1569 1568 1563
1566 1565 1570
1566 1570 1571
1572 1571 1570
1572 1573 1571
1574 1572 1570
1574 1570 1575
1565 1575 1570
1576 1574 1575
1565 1577 1575
1577 1565 1561
1576 1575 1578
1577 1578 1575
1579 1576 1578
1579 1578 1580
1581 1579 1580
1577 1561 1582
1561 1560 1582
1577 1583 1578
1583 1580 1578
1582 1560 1584
1560 1564 1584
1585 1577 1582
1585 1583 1577
1582 1584 1585
1583 1586 1580
1586 1583 1585
1581 1580 1587
1586 1587 1580
1584 1564 1588
1567 1588 1564
1585 1584 1589
1584 1588 1589
1586 1585 1590
1585 1589 1590
1591 1586 1590
1586 1591 1587
1581 1587 1592
1581 1592 1593
1594 1590 1589
1591 1590 1594
1595 1587 1591
1595 1592 1587
1593 1592 1596
1593 1596 1597
1591 1594 1598
1591 1598 1595
1599 1592 1595
1599 1596 1592
1597 1596 1600
1597 1600 1601
1595 1598 1602
1595 1602 1599
1603 1596 1599
1603 1600 1596
1602 1603 1599
1594 1604 1598
1602 1598 1604
1601 1600 1605
1601 1605 1606
1607 1600 1603
1607 1605 1600
1606 1605 1608
1606 1608 1609
1594 1610 1604
1594 1589 1610
1589 1611 1610
1604 1610 1611
1589 1588 1611
1612 1605 1607
1612 1608 1605
1609 1608 1613
1609 1613 1614
1615 1608 1612
1615 1613 1608
1607 1616 1612
1616 1615 1612
1614 1613 1617
1614 1617 1618
1607 1619 1616
1603 1619 1607
1620 1613 1615
1620 1617 1613
1618 1617 1621
1618 1621 1622
1623 1617 1620
1623 1621 1617
1615 1624 1620
1624 1623 1620
1622 1621 1625
1622 1625 1626
1616 1627 1615
1615 1627 1624
1603 1628 1619
1602 1628 1603
1628 1602 1629
1602 1604 1629
1619 1628 1630
1628 1629 1630
1616 1619 1631
1619 1630 1631
1627 1616 1632
1616 1631 1632
1629 1604 1633
1604 1611 1633
1624 1627 1634
1627 1632 1634
1632 1631 1635
1635 1631 1630
1630 1629 1636
1629 1633 1636
1633 1611 1637
1588 1637 1611
1634 1632 1638
1632 1635 1638
1630 1636 1639
1639 1635 1630
1588 1640 1637
1640 1641 1637
1567 1640 1588
1633 1637 1642
1642 1637 1641
1643 1636 1633
1643 1633 1642
1644 1639 1636
1644 1636 1643
1645 1635 1639
1645 1639 1644
1646 1640 1567
1562 1646 1567
1568 1646 1562
1647 1635 1645
1647 1638 1635
1644 1648 1645
1647 1645 1648
1649 1644 1643
1644 1649 1648
1647 1648 1650
1649 1651 1648
1652 1647 1650
1652 1638 1647
1652 1650 1653
1649 1643 1654
1654 1643 1642
1649 1655 1651
1655 1649 1654
1656 1651 1655
1652 1657 1638
1634 1638 1657
1658 1652 1653
1658 1657 1652
1654 1642 1659
1642 1641 1659
1656 1655 1660
1661 1656 1660
1655 1654 1662
1662 1654 1659
1660 1655 1662
1663 1634 1657
1624 1634 1663
1661 1660 1664
1665 1661 1664
1662 1659 1666
1666 1659 1641
1660 1662 1667
1664 1660 1667
1667 1662 1666
1663 1657 1668
1658 1668 1657
1669 1624 1663
1624 1669 1623
1670 1663 1668
1669 1663 1670
1623 1669 1671
1671 1669 1670
1670 1668 1672
1668 1658 1672
1623 1671 1673
1671 1674 1673
1673 1621 1623
1673 1625 1621
1674 1625 1673
1671 1670 1675
1675 1670 1672
1674 1676 1625
1626 1625 1676
1626 1676 1677
1678 1677 1676
1678 1676 1679
1674 1679 1676
1680 1678 1679
1680 1679 1681
1682 1680 1681
1671 1683 1674
1683 1671 1675
1674 1684 1679
1684 1681 1679
1682 1681 1685
1686 1682 1685
1687 1684 1674
1687 1674 1683
1684 1688 1681
1688 1685 1681
1688 1684 1687
1686 1685 1689
1690 1686 1689
1690 1689 1691
1692 1689 1685
1688 1692 1685
1693 1691 1689
1692 1693 1689
1693 1694 1691
1695 1694 1693
1696 1692 1688
1693 1692 1696
1695 1693 1697
1693 1696 1697
1697 1698 1695
1697 1699 1698
1696 1699 1697
1699 1700 1698
1696 1688 1701
1688 1687 1701
1696 1702 1699
1701 1702 1696
1699 1703 1700
1702 1703 1699
1687 1704 1701
1701 1704 1702
1705 1700 1703
1705 1706 1700
1705 1707 1706
1705 1708 1707
1702 1709 1703
1704 1709 1702
1710 1705 1703
1710 1708 1705
1710 1703 1709
1687 1711 1704
1683 1711 1687
1704 1712 1709
1709 1712 1710
1711 1712 1704
1710 1713 1708
1713 1714 1708
1683 1715 1711
1683 1675 1715
1711 1716 1712
1715 1716 1711
1710 1712 1717
1713 1710 1717
1718 1714 1713
1719 1714 1718
1715 1675 1720
1675 1672 1720
1721 1717 1712
1721 1712 1716
1722 1721 1716
1713 1717 1723
1723 1717 1721
1723 1718 1713
1715 1724 1716
1715 1720 1724
1722 1716 1724
1722 1724 1720
1719 1718 1725
1726 1719 1725
1727 1720 1672
1722 1720 1727
1723 1721 1728
1728 1721 1722
1729 1718 1723
1718 1729 1725
1728 1729 1723
1726 1725 1730
1730 1731 1726
1727 1672 1732
1658 1732 1672
1733 1732 1658
1658 1653 1733
1733 1653 1734
1735 1727 1732
1733 1735 1732
1736 1733 1734
1735 1733 1736
1737 1736 1734
1735 1738 1727
1738 1722 1727
1737 1739 1736
1740 1739 1737
1741 1735 1736
1738 1735 1741
1736 1739 1741
1740 1742 1739
1742 1740 1743
1738 1744 1722
1728 1722 1744
1738 1745 1744
1728 1744 1745
1746 1738 1741
1738 1746 1745
1739 1747 1741
1739 1742 1747
1728 1745 1748
1748 1729 1728
1749 1746 1741
1749 1741 1747
1750 1745 1746
1750 1748 1745
1750 1746 1749
1751 1750 1749
1750 1752 1748
1752 1729 1748
1751 1752 1750
1753 1749 1747
1751 1749 1753
1752 1754 1729
1725 1729 1754
1725 1754 1730
1755 1754 1752
1751 1755 1752
1753 1747 1756
1742 1756 1747
1730 1754 1757
1755 1757 1754
1756 1758 1753
1759 1756 1742
1756 1759 1758
1760 1758 1759
1758 1761 1753
1751 1753 1761
1760 1762 1758
1759 1742 1763
1760 1759 1763
1742 1743 1763
1743 1764 1763
1743 1765 1764
1760 1763 1766
1764 1766 1763
1767 1764 1765
1767 1765 1768
1751 1761 1769
1751 1769 1770
1751 1770 1755
1771 1769 1761
1771 1770 1769
1771 1761 1772
1771 1773 1770
1774 1755 1770
1757 1755 1774
1757 1774 1775
1776 1775 1774
1775 1730 1757
1776 1774 1777
1775 1778 1730
1776 1778 1775
1730 1778 1731
1731 1778 1779
1731 1779 1780
1776 1781 1778
1779 1778 1781
1782 1780 1779
1782 1783 1780
1779 1781 1784
1781 1776 1785
1781 1785 1784
1786 1782 1779
1779 1784 1786
1786 1787 1782
1784 1787 1786
1788 1782 1787
1784 1788 1787
1788 1789 1782
1784 1790 1788
1790 1789 1788
1784 1785 1790
1790 1791 1789
1792 1791 1790
1792 1793 1791
1794 1790 1785
1792 1790 1794
1792 1795 1793
1792 1794 1795
1795 1796 1793
1795 1797 1796
1777 1797 1795
1777 1795 1798
1798 1795 1794
1798 1776 1777
1794 1785 1799
1798 1794 1799
1776 1798 1799
1776 1799 1785
1800 1801 1802
1800 1802 1803
1804 1800 1803
1805 1803 1802
1804 1803 1806
1807 1804 1806
1805 1808 1803
1808 1806 1803
1809 1808 1805
1807 1806 1810
1811 1807 1810
1808 1812 1806
1812 1810 1806
1809 1813 1808
1813 1812 1808
1811 1810 1814
1815 1811 1814
1812 1816 1810
1816 1814 1810
1815 1814 1817
1818 1815 1817
1809 1819 1813
1809 1820 1819
1813 1821 1812
1821 1816 1812
1821 1822 1816
1816 1823 1814
1823 1817 1814
1822 1823 1816
1813 1824 1821
1813 1819 1824
1821 1824 1822
1818 1817 1825
1826 1818 1825
1827 1819 1820
1827 1820 1828
1829 1827 1828
1823 1830 1817
1830 1825 1817
1831 1819 1827
1831 1824 1819
1829 1832 1827
1832 1831 1827
1832 1829 1833
1822 1834 1823
1834 1830 1823
1832 1833 1835
1836 1835 1833
1835 1836 1837
1838 1837 1836
1832 1835 1839
1835 1837 1839
1840 1831 1832
1832 1839 1840
1838 1841 1837
1842 1841 1838
1843 1839 1837
1841 1843 1837
1843 1844 1839
1844 1840 1839
1840 1845 1831
1824 1831 1845
1841 1846 1843
1844 1843 1846
1846 1847 1844
1844 1848 1840
1845 1840 1848
1848 1844 1847
1824 1845 1849
1822 1824 1849
1845 1848 1850
1850 1849 1845
1822 1849 1851
1850 1851 1849
1852 1850 1848
1848 1847 1852
1822 1851 1853
1822 1853 1834
1851 1850 1854
1852 1854 1850
1855 1851 1854
1852 1855 1854
1855 1853 1851
1852 1856 1855
1856 1852 1847
1853 1857 1834
1834 1857 1830
1858 1853 1855
1856 1858 1855
1857 1859 1830
1830 1859 1825
1858 1860 1853
1853 1860 1857
1859 1861 1825
1826 1825 1861
1862 1826 1861
1862 1863 1826
1864 1863 1862
1859 1865 1861
1865 1862 1861
1857 1866 1859
1866 1865 1859
1857 1860 1867
1857 1867 1866
1868 1860 1858
1868 1867 1860
1864 1862 1869
1870 1864 1869
1865 1871 1862
1871 1869 1862
1866 1872 1865
1872 1871 1865
1866 1867 1873
1866 1873 1872
1870 1869 1874
1875 1870 1874
1871 1876 1869
1876 1874 1869
1872 1877 1871
1877 1876 1871
1875 1874 1878
1879 1875 1878
1876 1880 1874
1880 1878 1874
1879 1878 1881
1882 1879 1881
1882 1881 1883
1884 1881 1878
1880 1884 1878
1885 1883 1881
1884 1885 1881
1885 1886 1883
1887 1880 1876
1877 1887 1876
1872 1888 1877
1872 1873 1888
1889 1884 1880
1887 1889 1880
1877 1890 1887
1877 1888 1890
1889 1887 1890
1891 1886 1885
1891 1892 1886
1893 1892 1891
1894 1885 1884
1889 1894 1884
1894 1891 1885
1889 1895 1894
1895 1891 1894
1893 1891 1896
1895 1896 1891
1897 1893 1896
1897 1896 1898
1898 1896 1895
1899 1897 1898
1899 1900 1897
1889 1890 1901
1889 1901 1895
1898 1895 1902
1902 1899 1898
1895 1901 1903
1903 1901 1890
1895 1903 1902
1903 1890 1904
1904 1890 1888
1905 1902 1903
1905 1903 1904
1900 1899 1906
1900 1906 1907
1908 1907 1906
1909 1907 1908
1908 1910 1909
1902 1911 1899
1905 1911 1902
1899 1912 1906
1899 1911 1912
1908 1906 1912
1911 1905 1913
1911 1913 1912
1904 1888 1914
1914 1888 1873
1905 1904 1915
1915 1913 1905
1916 1910 1908
1917 1910 1916
1908 1912 1918
1918 1912 1913
1917 1916 1919
1919 1920 1917
1921 1916 1908
1921 1908 1918
1919 1916 1921
1922 1904 1914
1922 1915 1904
1914 1873 1923
1923 1873 1867
1923 1867 1868
1924 1922 1914
1924 1914 1923
1915 1922 1925
1925 1922 1924
1926 1923 1868
1926 1924 1923
1915 1925 1927
1915 1927 1913
1927 1928 1913
1918 1913 1928
1927 1929 1928
1929 1927 1925
1918 1928 1930
1929 1930 1928
1918 1930 1921
1925 1924 1931
1931 1924 1926
1932 1926 1868
1932 1868 1858
1856 1932 1858
1929 1925 1933
1931 1933 1925
1931 1926 1934
1934 1926 1932
1932 1856 1935
1856 1847 1935
1929 1936 1930
1936 1929 1933
1931 1937 1933
1934 1937 1931
1934 1932 1938
1932 1935 1938
1938 1939 1934
1934 1939 1937
1935 1940 1938
1938 1940 1939
1941 1935 1847
1935 1941 1940
1941 1847 1942
1942 1847 1846
1942 1846 1943
1841 1943 1846
1941 1942 1944
1942 1943 1944
1940 1941 1945
1941 1944 1945
1939 1940 1946
1940 1945 1946
1937 1939 1947
1939 1946 1947
1948 1943 1841
1842 1948 1841
1937 1947 1949
1937 1949 1933
1842 1950 1948
1842 1951 1950
1952 1950 1951
1933 1949 1953
1936 1933 1953
1954 1936 1953
1936 1954 1930
1949 1955 1953
1954 1953 1955
1947 1956 1949
1949 1956 1955
1957 1930 1954
1921 1930 1957
1958 1954 1955
1957 1954 1958
1952 1959 1950
1960 1959 1952
1956 1947 1961
1946 1961 1947
1962 1955 1956
1958 1955 1962
1921 1957 1963
1919 1921 1963
1963 1964 1919
1919 1964 1920
1965 1963 1957
1963 1965 1964
1966 1920 1964
1965 1966 1964
1966 1967 1920
1968 1957 1958
1965 1957 1968
1969 1967 1966
1969 1970 1967
1971 1970 1969
1968 1958 1972
1972 1958 1962
1973 1965 1968
1972 1973 1968
1965 1974 1966
1974 1969 1966
1973 1974 1965
1971 1969 1975
1976 1971 1975
1976 1975 1977
1974 1978 1969
1975 1969 1978
1977 1975 1979
1975 1978 1979
1977 1979 1980
1979 1981 1980
1982 1974 1973
1982 1978 1974
1978 1983 1979
1979 1983 1981
1978 1982 1983
1982 1973 1984
1972 1984 1973
1985 1981 1983
1985 1986 1981
1987 1986 1985
1988 1983 1982
1982 1984 1988
1988 1985 1983
1989 1988 1984
1985 1988 1989
1990 1984 1972
1989 1984 1990
1987 1985 1991
1985 1989 1991
1987 1991 1992
1992 1991 1989
1987 1992 1993
1992 1994 1993
1992 1989 1995
1995 1989 1990
1990 1972 1996
1972 1962 1996
1992 1997 1994
1995 1997 1992
1995 1990 1998
1998 1990 1996
1999 1996 1962
1962 1956 1999
1956 1961 1999
1999 2000 1996
1998 1996 2000
1961 2000 1999
2001 1995 1998
1995 2001 1997
1994 1997 2002
1994 2002 2003
2002 2004 2003
2005 1998 2000
2001 1998 2005
1961 2006 2000
2005 2000 2006
1997 2001 2007
1997 2007 2002
2002 2008 2004
2007 2008 2002
2008 2009 2004
2010 2006 1961
1946 2010 1961
1945 2010 1946
2011 2001 2005
2011 2007 2001
2012 2005 2006
2010 2012 2006
2012 2011 2005
1945 2013 2010
2013 2012 2010
2014 2011 2012
2013 2014 2012
2015 2013 1945
2014 2013 2015
2015 1945 1944
2016 2007 2011
2014 2016 2011
2015 1944 2017
1943 2017 1944
2016 2018 2007
2007 2018 2008
2019 2016 2014
2016 2019 2018
2014 2015 2020
2017 2020 2015
2019 2014 2020
2018 2021 2008
2008 2021 2009
2022 2019 2020
2017 2022 2020
2018 2019 2023
2022 2023 2019
2018 2023 2021
1943 2024 2017
1948 2024 1943
2025 2022 2017
2025 2017 2024
2025 2024 1948
2023 2022 2025
2025 1948 1950
2023 2025 2026
1950 2026 2025
2026 2021 2023
1950 1959 2026
2027 2009 2021
2026 2027 2021
1959 2027 2026
2027 2028 2009
1959 2029 2027
2029 2028 2027
1960 2029 1959
2029 2030 2028
1960 2030 2029
2028 2030 2031
1960 2032 2030
2032 2031 2030
2032 2033 2031
2034 2035 2036
2034 2037 2035
2038 2037 2034
2035 2037 2039
2035 2039 2040
2037 2038 2041
2041 2038 2042
2041 2042 2043
2041 2043 2044
2044 2043 2045
2037 2041 2046
2044 2046 2041
2037 2047 2039
2037 2046 2047
2040 2039 2048
2040 2048 1569
1569 2048 1568
2044 2049 2046
2050 2049 2044
2039 2051 2048
2039 2047 2051
2048 2052 1568
2048 2051 2052
1568 2052 1646
2046 2053 2047
2046 2049 2053
2049 2050 2054
2054 2050 2055
2054 2055 2056
2047 2057 2051
2047 2053 2057
2052 2058 1646
1646 2058 1640
1640 2058 1641
2051 2059 2052
2052 2059 2058
2059 1641 2058
2051 2057 2059
2059 2060 1641
2057 2060 2059
1666 1641 2060
2061 2054 2056
2056 2062 2061
2053 2063 2057
2057 2063 2060
2064 1666 2060
2064 2060 2063
1667 1666 2064
2053 2065 2063
2061 2065 2054
2049 2065 2053
2049 2054 2065
2066 2063 2065
2066 2064 2063
2061 2066 2065
2067 1667 2064
2067 2064 2066
1664 1667 2067
2068 2066 2061
2068 2067 2066
2062 2068 2061
2069 1664 2067
2069 2067 2068
1665 1664 2069
2062 2070 2068
2069 2068 2070
2071 1665 2069
2071 2072 1665
2073 2071 2069
2069 2070 2073
2070 2074 2073
2070 2075 2074
2070 2062 2075
2062 2076 2075
2077 2078 2079
2077 2079 2080
2081 2077 2080
2080 2079 2082
2081 2080 2083
2084 2081 2083
2080 2082 2085
2083 2080 2085
2084 2083 2086
2087 2084 2086
2082 2088 2085
2082 2089 2088
2090 2088 2089
2090 2091 2088
2083 2085 2092
2092 2085 2088
2086 2083 2092
2091 2093 2088
2092 2088 2093
2091 2094 2093
2094 2095 2093
2092 2093 2095
2094 2096 2095
2087 2086 2097
2098 2087 2097
2086 2092 2099
2092 2095 2099
2097 2086 2099
2096 2100 2095
2096 2101 2100
2102 2099 2095
2097 2099 2102
2102 2095 2100
2098 2097 2103
2103 2097 2102
2104 2098 2103
2101 2105 2100
2101 2106 2105
2100 2107 2102
2103 2102 2107
2100 2105 2107
2104 2103 2108
2108 2103 2107
2109 2104 2108
2106 2110 2105
2106 2111 2110
2105 2112 2107
2108 2107 2112
2105 2110 2112
2110 2113 2112
2109 2108 2114
2114 2108 2112
2114 2112 2113
2115 2109 2114
2115 2114 2116
2116 2114 2113
2111 2117 2110
2110 2117 2113
2118 2117 2111
2117 2118 2119
2117 2119 2113
2120 2113 2119
2120 2121 2113
2116 2113 2121
2120 2122 2121
2116 2121 2122
2120 2123 2122
2116 2122 2124
2125 2116 2124
2125 2124 2126
2126 2124 2127
2126 2127 2128
2129 2122 2123
2129 2123 2130
2130 2131 2129
2131 2132 2129
2132 2122 2129
2133 2132 2131
2124 2122 2134
2132 2134 2122
2124 2134 2127
2133 2135 2132
2135 2134 2132
2136 2135 2133
2128 2127 2137
2128 2137 2138
2127 2134 2139
2135 2139 2134
2127 2139 2137
2136 2140 2135
2140 2139 2135
2141 2140 2136
2138 2137 2142
2138 2142 2143
2137 2139 2144
2140 2144 2139
2137 2144 2142
2141 2145 2140
2144 2140 2145
2146 2145 2141
2143 2142 2147
2143 2147 2148
2142 2144 2149
2144 2145 2149
2142 2149 2147
2146 2150 2145
2151 2150 2146
2152 2149 2145
2147 2149 2152
2152 2145 2150
2148 2147 2153
2147 2152 2153
2148 2153 2154
2151 2155 2150
2152 2150 2155
2156 2155 2151
2156 2157 2155
2158 2155 2157
2152 2155 2159
2153 2152 2159
2158 2159 2155
2154 2153 2160
2153 2159 2160
2160 2159 2158
2154 2160 2161
2160 2158 2162
2161 2160 2162
2161 2162 2163
2164 2165 2166
2164 2167 2165
2168 2167 2164
2169 2165 2167
2168 2170 2167
2171 2170 2168
2169 2167 2172
2172 2167 2170
2173 2169 2172
2171 2174 2170
2175 2174 2171
2172 2170 2176
2176 2170 2174
2173 2172 2177
2177 2172 2176
2175 2178 2174
2179 2178 2175
2176 2174 2180
2180 2174 2178
2179 2181 2178
2182 2181 2179
2173 2177 2183
2173 2183 2184
2177 2176 2185
2185 2176 2180
2185 2180 2186
2180 2178 2187
2187 2178 2181
2186 2180 2187
2177 2185 2188
2177 2188 2183
2185 2186 2188
2182 2189 2181
2190 2189 2182
2191 2184 2183
2191 2192 2184
2193 2192 2191
2187 2181 2194
2194 2181 2189
2195 2191 2183
2195 2183 2188
2193 2191 2196
2196 2191 2195
2196 2197 2193
2186 2187 2198
2198 2187 2194
2196 2199 2197
2200 2197 2199
2199 2201 2200
2202 2200 2201
2196 2203 2199
2199 2203 2201
2204 2196 2195
2196 2204 2203
2188 2205 2195
2204 2195 2205
2202 2201 2206
2207 2202 2206
2208 2201 2203
2206 2201 2208
2204 2209 2203
2208 2203 2209
2188 2210 2205
2186 2210 2188
2211 2204 2205
2204 2211 2209
2211 2212 2209
2209 2213 2208
2206 2208 2213
2213 2209 2212
2214 2205 2210
2211 2205 2214
2186 2215 2210
2214 2210 2215
2216 2211 2214
2211 2216 2212
2186 2217 2215
2186 2198 2217
2215 2218 2214
2216 2214 2218
2219 2218 2215
2216 2218 2219
2219 2215 2217
2216 2219 2220
2220 2212 2216
2217 2198 2221
2198 2194 2221
2222 2219 2217
2220 2219 2222
2221 2194 2223
2194 2189 2223
2222 2217 2224
2217 2221 2224
2223 2189 2225
2190 2225 2189
2226 2225 2190
2226 2190 2227
2228 2226 2227
2223 2225 2229
2229 2225 2226
2221 2223 2230
2230 2223 2229
2221 2231 2224
2221 2230 2231
2232 2222 2224
2232 2224 2231
2228 2233 2226
2234 2233 2228
2229 2226 2235
2235 2226 2233
2230 2229 2236
2236 2229 2235
2230 2237 2231
2230 2236 2237
2234 2238 2233
2239 2238 2234
2235 2233 2240
2240 2233 2238
2236 2235 2241
2241 2235 2240
2239 2242 2238
2243 2242 2239
2240 2238 2244
2244 2238 2242
2243 2245 2242
2246 2245 2243
2246 2247 2245
2248 2242 2245
2244 2242 2248
2249 2245 2247
2248 2245 2249
2249 2247 2250
2251 2240 2244
2241 2240 2251
2236 2241 2252
2236 2252 2237
2253 2244 2248
2251 2244 2253
2241 2251 2254
2241 2254 2252
2254 2251 2253
2255 2249 2250
2255 2250 2256
2257 2255 2256
2258 2248 2249
2253 2248 2258
2258 2249 2255
2253 2258 2259
2259 2258 2255
2257 2260 2255
2259 2255 2260
2261 2260 2257
2261 2262 2260
2262 2259 2260
2263 2262 2261
2263 2261 2264
2254 2253 2265
2253 2259 2265
2262 2266 2259
2266 2262 2263
2259 2267 2265
2267 2254 2265
2259 2266 2267
2267 2268 2254
2268 2252 2254
2269 2267 2266
2269 2268 2267
2264 2270 2263
2264 2271 2270
2272 2270 2271
2273 2272 2271
2272 2273 2274
2266 2263 2275
2269 2266 2275
2263 2270 2276
2263 2276 2275
2272 2276 2270
2275 2277 2269
2275 2276 2277
2268 2278 2252
2278 2237 2252
2269 2279 2268
2279 2269 2277
2280 2272 2274
2281 2280 2274
2272 2282 2276
2282 2277 2276
2281 2283 2280
2283 2281 2284
2285 2272 2280
2285 2282 2272
2283 2285 2280
2286 2278 2268
2286 2268 2279
2282 2287 2277
2279 2277 2288
2288 2277 2287
2279 2289 2286
2279 2288 2289
2290 2278 2286
2289 2290 2286
2282 2291 2287
2282 2285 2291
2288 2287 2292
2292 2289 2288
2292 2287 2291
2290 2293 2278
2278 2293 2237
2293 2231 2237
2293 2232 2231
2294 2293 2290
2294 2232 2293
2289 2295 2290
2295 2294 2290
2292 2296 2289
2295 2289 2296
2297 2232 2294
2297 2222 2232
2220 2222 2297
2295 2298 2294
2298 2297 2294
2297 2299 2220
2220 2299 2212
2300 2296 2292
2292 2291 2300
2295 2296 2301
2298 2295 2301
2298 2302 2297
2297 2302 2299
2302 2298 2303
2298 2301 2303
2299 2302 2304
2302 2303 2304
2305 2212 2299
2299 2304 2305
2305 2306 2212
2306 2213 2212
2306 2307 2213
2206 2213 2307
2305 2308 2306
2306 2308 2307
2304 2309 2305
2305 2309 2308
2303 2310 2304
2304 2310 2309
2301 2311 2303
2303 2311 2310
2312 2206 2307
2207 2206 2312
2301 2313 2311
2301 2296 2313
2207 2312 2314
2207 2314 2315
2316 2315 2314
2296 2317 2313
2300 2317 2296
2318 2317 2300
2300 2291 2318
2313 2317 2319
2318 2319 2317
2311 2313 2320
2313 2319 2320
2321 2318 2291
2285 2321 2291
2322 2319 2318
2321 2322 2318
2316 2314 2323
2324 2316 2323
2320 2325 2311
2310 2311 2325
2326 2320 2319
2322 2326 2319
2285 2327 2321
2283 2327 2285
2327 2283 2328
2283 2284 2328
2329 2321 2327
2327 2328 2329
2330 2328 2284
2329 2328 2330
2330 2284 2331
2332 2322 2321
2329 2332 2321
2333 2330 2331
2333 2331 2334
2335 2333 2334
2332 2336 2322
2336 2326 2322
2337 2332 2329
2336 2332 2337
2329 2330 2338
2338 2330 2333
2337 2329 2338
2335 2339 2333
2340 2339 2335
2340 2341 2339
2338 2333 2342
2339 2342 2333
2341 2343 2339
2339 2343 2342
2341 2344 2343
2343 2344 2345
2346 2337 2338
2346 2338 2342
2342 2343 2347
2343 2345 2347
2342 2347 2346
2346 2348 2337
2336 2337 2348
2349 2347 2345
2349 2345 2350
2351 2349 2350
2352 2346 2347
2346 2352 2348
2352 2347 2349
2353 2348 2352
2349 2353 2352
2354 2336 2348
2353 2354 2348
2351 2355 2349
2349 2355 2353
2351 2356 2355
2353 2355 2356
2351 2357 2356
2356 2357 2358
2353 2356 2359
2359 2354 2353
2354 2360 2336
2336 2360 2326
2356 2358 2361
2359 2356 2361
2359 2362 2354
2362 2360 2354
2363 2326 2360
2326 2363 2320
2320 2363 2325
2363 2360 2364
2362 2364 2360
2325 2363 2364
2365 2362 2359
2359 2361 2365
2358 2366 2361
2358 2367 2366
2366 2367 2368
2369 2364 2362
2365 2369 2362
2325 2364 2370
2369 2370 2364
2361 2366 2371
2361 2371 2365
2366 2368 2372
2371 2366 2372
2372 2368 2373
2374 2325 2370
2310 2325 2374
2309 2310 2374
2375 2369 2365
2375 2365 2371
2376 2370 2369
2374 2370 2376
2376 2369 2375
2309 2374 2377
2377 2374 2376
2378 2376 2375
2377 2376 2378
2379 2309 2377
2378 2379 2377
2379 2308 2309
2380 2375 2371
2378 2375 2380
2379 2381 2308
2307 2308 2381
2380 2371 2382
2371 2372 2382
2383 2378 2380
2380 2382 2383
2378 2384 2379
2381 2379 2384
2383 2384 2378
2382 2372 2385
2372 2373 2385
2386 2384 2383
2381 2384 2386
2382 2387 2383
2386 2383 2387
2382 2385 2387
2307 2381 2388
2312 2307 2388
2381 2386 2389
2381 2389 2388
2389 2312 2388
2387 2389 2386
2389 2314 2312
2387 2390 2389
2390 2314 2389
2390 2387 2385
2390 2323 2314
2391 2385 2373
2390 2385 2391
2323 2390 2391
2391 2373 2392
2323 2391 2393
2393 2391 2392
2324 2323 2393
2393 2392 2394
2324 2393 2394
2392 2395 2394
2324 2394 2396
2396 2394 2395
2396 2395 2397
2398 2399 2400
2398 2401 2399
2399 2401 2402
2399 2402 2403
2401 2398 2404
2404 2402 2401
2403 2402 2405
2403 2405 2406
2404 2398 2407
2407 2398 2408
2409 2407 2408
2410 2407 2409
2404 2407 2410
2411 2410 2409
2404 2412 2402
2412 2404 2410
2412 2405 2402
2412 2413 2405
2406 2405 2414
2414 2405 2413
2406 2414 2415
2411 2416 2410
2416 2412 2410
2417 2416 2411
2416 2418 2412
2413 2412 2418
2417 2419 2416
2418 2416 2419
2418 2419 2420
2419 2417 2421
2415 2414 2422
2415 2422 2423
2413 2418 2424
2420 2424 2418
2423 2422 2425
2423 2425 2426
2425 2427 2426
2413 2424 2428
2420 2428 2424
2419 2421 2429
2419 2429 2430
2419 2430 2420
2421 2431 2429
2431 2430 2429
2421 2432 2431
2432 2433 2431
2432 2434 2433
2433 2434 2435
2433 2435 2436
2437 2436 2435
2430 2431 2438
2431 2433 2439
2431 2439 2438
2433 2436 2440
2433 2440 2439
2437 2441 2436
2441 2440 2436
2420 2430 2442
2430 2438 2442
2443 2441 2437
2443 2437 2444
2444 2445 2443
2444 2446 2445
2447 2445 2446
2448 2441 2443
2445 2448 2443
2441 2449 2440
2448 2449 2441
2438 2439 2450
2451 2442 2438
2438 2450 2451
2439 2440 2452
2439 2452 2450
2440 2449 2453
2440 2453 2452
2450 2452 2454
2454 2452 2453
2449 2448 2455
2449 2455 2453
2451 2456 2442
2456 2451 2457
2420 2442 2456
2458 2451 2450
2450 2454 2458
2458 2457 2451
2420 2456 2459
2420 2459 2428
2459 2456 2460
2456 2457 2460
2428 2459 2461
2459 2460 2461
2428 2461 2462
2413 2428 2462
2413 2462 2463
2414 2413 2463
2414 2463 2464
2414 2464 2422
2422 2464 2465
2422 2465 2425
2463 2466 2464
2465 2464 2466
2462 2467 2463
2467 2466 2463
2468 2467 2462
2461 2468 2462
2468 2466 2467
2460 2469 2461
2469 2468 2461
2466 2468 2470
2469 2470 2468
2471 2469 2460
2457 2471 2460
2465 2472 2425
2425 2472 2427
2465 2466 2473
2466 2470 2473
2473 2474 2465
2465 2474 2472
2427 2472 2475
2427 2475 2476
2477 2470 2469
2477 2469 2471
2470 2478 2473
2473 2478 2474
2472 2474 2479
2472 2479 2475
2476 2475 2480
2476 2480 2481
2480 2482 2481
2477 2483 2470
2470 2483 2478
2484 2474 2478
2484 2479 2474
2478 2485 2484
2478 2483 2485
2486 2485 2483
2477 2487 2483
2486 2483 2487
2485 2488 2484
2484 2488 2479
2479 2488 2489
2479 2489 2490
2475 2479 2490
2475 2490 2480
2491 2488 2485
2491 2485 2486
2489 2488 2491
2492 2487 2477
2471 2492 2477
2486 2487 2493
2492 2493 2487
2494 2489 2491
2491 2486 2494
2471 2495 2492
2495 2471 2457
2492 2495 2496
2496 2495 2457
2497 2493 2492
2492 2496 2497
2496 2457 2498
2498 2457 2458
2458 2499 2498
2499 2458 2454
2498 2500 2496
2498 2499 2500
2496 2501 2497
2496 2500 2501
2497 2502 2493
2501 2502 2497
2486 2493 2503
2502 2503 2493
2503 2504 2486
2504 2494 2486
2504 2505 2494
2506 2505 2504
2494 2505 2489
2507 2504 2503
2507 2506 2504
2503 2508 2507
2509 2503 2502
2503 2509 2508
2507 2510 2506
2508 2510 2507
2501 2511 2502
2502 2512 2509
2502 2511 2512
2509 2512 2513
2513 2508 2509
2511 2501 2514
2514 2501 2500
2511 2515 2512
2515 2513 2512
2511 2514 2516
2511 2516 2515
2508 2517 2510
2518 2506 2510
2517 2518 2510
2519 2508 2513
2519 2517 2508
2514 2500 2520
2516 2514 2521
2520 2521 2514
2522 2515 2516
2516 2521 2522
2523 2520 2500
2523 2500 2499
2524 2523 2499
2499 2454 2524
2525 2524 2454
2454 2453 2525
2453 2526 2525
2453 2455 2526
2525 2527 2524
2526 2527 2525
2524 2528 2523
2528 2524 2527
2529 2520 2523
2529 2523 2528
2520 2530 2521
2530 2520 2529
2530 2531 2521
2531 2522 2521
2532 2530 2529
2530 2532 2531
2531 2532 2533
2534 2533 2532
2532 2529 2534
2528 2534 2529
2528 2535 2534
2528 2527 2535
2536 2534 2535
2527 2536 2535
2534 2536 2533
2527 2537 2536
2527 2526 2537
2538 2533 2536
2537 2538 2536
2539 2537 2526
2455 2539 2526
2537 2540 2538
2539 2540 2537
2538 2540 2541
2539 2541 2540
2455 2542 2539
2448 2542 2455
2543 2533 2538
2538 2541 2543
2542 2544 2539
2539 2544 2541
2448 2545 2542
2445 2545 2448
2545 2546 2542
2542 2546 2544
2445 2547 2545
2545 2547 2546
2445 2548 2547
2447 2548 2445
2548 2447 2549
2547 2548 2549
2447 2550 2549
2547 2549 2551
2552 2551 2549
2547 2553 2546
2547 2551 2553
2546 2554 2544
2546 2553 2554
2541 2544 2555
2544 2554 2556
2544 2556 2555
2541 2555 2557
2557 2543 2541
2557 2558 2543
2558 2533 2543
2552 2559 2551
2560 2553 2551
2560 2551 2559
2553 2561 2554
2553 2560 2561
2562 2559 2552
2562 2552 2563
2559 2564 2560
2561 2560 2564
2559 2562 2564
2563 2565 2562
2563 2566 2565
2567 2565 2566
2562 2568 2564
2562 2565 2568
2567 2569 2565
2570 2569 2567
2570 2571 2569
2565 2569 2572
2571 2572 2569
2565 2572 2568
2571 2573 2572
2572 2573 2574
2572 2574 2575
2568 2572 2575
2575 2574 2576
2564 2568 2577
2568 2575 2577
2564 2577 2561
2575 2576 2578
2577 2575 2578
2578 2576 2579
2561 2577 2580
2577 2578 2580
2578 2579 2581
2580 2578 2581
2561 2580 2582
2554 2561 2582
2554 2582 2556
2582 2580 2583
2580 2581 2583
2579 2584 2581
2579 2585 2584
2584 2585 2586
2556 2582 2587
2582 2583 2587
2581 2588 2583
2581 2584 2588
2584 2586 2589
2589 2586 2590
2584 2589 2591
2584 2591 2588
2583 2588 2592
2583 2592 2587
2556 2587 2593
2555 2556 2593
2589 2590 2594
2591 2589 2594
2595 2592 2588
2595 2588 2591
2587 2592 2596
2587 2596 2593
2555 2593 2597
2557 2555 2597
2590 2598 2594
2590 2599 2598
2598 2599 2600
2592 2595 2601
2592 2601 2596
2596 2601 2602
2596 2602 2603
2603 2593 2596
2603 2597 2593
2557 2597 2604
2604 2558 2557
2605 2597 2603
2602 2605 2603
2605 2604 2597
2604 2606 2558
2533 2558 2606
2604 2605 2607
2604 2607 2606
2606 2607 2608
2533 2606 2609
2606 2608 2609
2531 2533 2609
2609 2610 2531
2609 2608 2610
2531 2610 2522
2607 2605 2611
2602 2611 2605
2610 2612 2522
2522 2612 2515
2608 2613 2610
2610 2613 2612
2612 2614 2515
2614 2513 2515
2615 2614 2612
2615 2513 2614
2615 2612 2613
2519 2513 2615
2607 2611 2616
2616 2608 2607
2611 2617 2616
2617 2608 2616
2602 2618 2611
2611 2618 2617
2619 2608 2617
2608 2619 2613
2617 2620 2619
2613 2619 2620
2617 2618 2620
2615 2613 2621
2613 2620 2621
2622 2519 2615
2622 2615 2621
2621 2620 2623
2623 2620 2618
2621 2623 2622
2622 2624 2519
2519 2624 2517
2625 2618 2602
2623 2618 2625
2626 2622 2623
2622 2626 2624
2624 2627 2517
2517 2627 2518
2628 2623 2625
2626 2623 2628
2624 2629 2627
2626 2629 2624
2625 2602 2630
2628 2625 2631
2630 2631 2625
2632 2626 2628
2631 2632 2628
2630 2602 2633
2633 2602 2601
2626 2634 2629
2632 2634 2626
2630 2635 2631
2633 2635 2630
2631 2635 2636
2631 2637 2632
2631 2636 2637
2637 2638 2632
2638 2634 2632
2633 2601 2639
2595 2639 2601
2633 2640 2635
2640 2636 2635
2595 2641 2639
2591 2641 2595
2642 2633 2639
2640 2633 2642
2641 2642 2639
2643 2640 2642
2591 2644 2641
2591 2594 2644
2641 2645 2642
2644 2645 2641
2645 2643 2642
2594 2646 2644
2644 2646 2645
2594 2598 2646
2640 2647 2636
2647 2640 2643
2645 2648 2643
2646 2648 2645
2649 2646 2598
2598 2600 2649
2646 2650 2648
2649 2650 2646
2600 2651 2649
2651 2650 2649
2600 2652 2651
2651 2653 2650
2650 2653 2654
2650 2654 2648
2654 2643 2648
2654 2655 2643
2656 2647 2643
2655 2656 2643
2655 2657 2656
2656 2657 2658
2656 2636 2647
2658 2659 2656
2656 2659 2636
2658 2660 2659
2659 2660 2661
2636 2659 2662
2659 2661 2662
2636 2662 2637
2662 2661 2663
2637 2662 2638
2662 2663 2638
2663 2664 2638
2663 2665 2664
2638 2664 2634
2664 2665 2666
2634 2664 2667
2664 2666 2667
2634 2667 2629
2667 2666 2668
2629 2667 2669
2667 2668 2669
2629 2669 2627
2669 2668 2670
2627 2669 2671
2669 2670 2671
2627 2671 2518
2671 2670 2672
2518 2671 2673
2671 2672 2673
2518 2673 2674
2674 2506 2518
2672 2675 2673
2674 2673 2675
2676 2675 2672
2675 2676 2677
2506 2674 2678
2674 2675 2678
2675 2677 2679
2678 2675 2679
2679 2677 2680
2506 2678 2681
2681 2505 2506
2679 2680 2682
2682 2680 2683
2678 2679 2684
2681 2678 2684
2684 2679 2682
2685 2505 2681
2681 2684 2685
2489 2505 2685
2686 2685 2684
2684 2682 2686
2682 2683 2687
2687 2683 2688
2489 2685 2689
2686 2689 2685
2690 2489 2689
2686 2690 2689
2690 2490 2489
2490 2690 2691
2691 2690 2686
2490 2691 2480
2692 2686 2682
2692 2682 2687
2691 2686 2692
2687 2688 2693
2692 2687 2693
2693 2688 2694
2693 2694 2695
2692 2693 2696
2696 2693 2695
2691 2692 2696
2696 2695 2697
2698 2480 2691
2691 2696 2698
2698 2696 2697
2480 2698 2482
2698 2697 2482
2699 2700 2701
2699 2701 2702
2701 2703 2702
2701 2704 2703
2702 2705 2699
2705 2702 2703
2704 2706 2703
2704 2707 2706
2705 2708 2699
2708 2709 2699
2710 2709 2708
2711 2710 2708
2705 2711 2708
2712 2710 2711
2705 2703 2713
2713 2711 2705
2713 2703 2706
2713 2706 2714
2707 2715 2706
2715 2714 2706
2707 2716 2715
2712 2711 2717
2717 2711 2713
2718 2712 2717
2717 2713 2719
2714 2719 2713
2718 2717 2720
2719 2720 2717
2719 2721 2720
2720 2722 2718
2716 2723 2715
2716 2724 2723
2714 2725 2719
2721 2719 2725
2724 2726 2723
2724 2727 2726
2726 2727 2728
2714 2729 2725
2721 2725 2729
2720 2730 2722
2731 2730 2720
2731 2720 2721
2722 2730 2732
2732 2730 2731
2722 2732 2733
2733 2732 2734
2733 2734 2735
2736 2735 2734
2736 2734 2737
2738 2736 2737
2731 2739 2732
2732 2740 2734
2732 2739 2740
2734 2741 2737
2734 2740 2741
2738 2737 2742
2742 2737 2741
2721 2743 2731
2731 2743 2739
2744 2738 2742
2744 2745 2738
2746 2745 2744
2746 2747 2745
2748 2747 2746
2749 2744 2742
2746 2744 2749
2742 2741 2750
2749 2742 2750
2739 2751 2740
2752 2739 2743
2739 2752 2751
2740 2753 2741
2740 2751 2753
2741 2754 2750
2741 2753 2754
2751 2755 2753
2755 2754 2753
2750 2756 2749
2750 2754 2756
2752 2743 2757
2757 2758 2752
2721 2757 2743
2759 2751 2752
2751 2759 2755
2759 2752 2758
2721 2760 2757
2721 2729 2760
2760 2761 2757
2757 2761 2758
2729 2762 2760
2760 2762 2761
2729 2763 2762
2714 2763 2729
2714 2764 2763
2715 2764 2714
2715 2765 2764
2715 2723 2765
2723 2766 2765
2723 2726 2766
2764 2765 2767
2766 2767 2765
2763 2764 2768
2768 2764 2767
2769 2763 2768
2762 2763 2769
2769 2768 2767
2761 2762 2770
2770 2762 2769
2767 2771 2769
2770 2769 2771
2772 2761 2770
2758 2761 2772
2766 2726 2773
2726 2728 2773
2766 2774 2767
2767 2774 2771
2774 2766 2775
2766 2773 2775
2728 2776 2773
2728 2777 2776
2778 2772 2770
2778 2770 2771
2771 2774 2779
2774 2775 2779
2773 2780 2775
2773 2776 2780
2777 2781 2776
2777 2782 2781
2781 2782 2783
2778 2771 2784
2771 2779 2784
2775 2785 2779
2775 2780 2785
2779 2785 2786
2779 2786 2784
2787 2784 2786
2778 2784 2788
2787 2788 2784
2786 2785 2789
2785 2780 2789
2780 2790 2789
2780 2791 2790
2776 2791 2780
2776 2781 2791
2792 2786 2789
2792 2787 2786
2790 2792 2789
2793 2778 2788
2772 2778 2793
2794 2788 2787
2793 2788 2794
2795 2792 2790
2792 2795 2787
2772 2793 2796
2796 2758 2772
2793 2797 2796
2797 2758 2796
2798 2793 2794
2793 2798 2797
2797 2799 2758
2799 2759 2758
2759 2799 2800
2800 2755 2759
2799 2797 2801
2799 2801 2800
2797 2798 2802
2797 2802 2801
2798 2794 2803
2802 2798 2803
2794 2787 2804
2803 2794 2804
2804 2787 2805
2805 2787 2795
2805 2795 2806
2807 2805 2806
2795 2790 2806
2808 2804 2805
2808 2805 2807
2804 2808 2809
2810 2803 2804
2804 2809 2810
2808 2807 2811
2809 2808 2811
2802 2803 2812
2803 2810 2813
2803 2813 2812
2810 2814 2813
2814 2810 2809
2812 2815 2802
2815 2801 2802
2812 2813 2816
2816 2813 2814
2812 2817 2815
2812 2816 2817
2809 2811 2818
2819 2811 2807
2818 2811 2819
2820 2814 2809
2820 2809 2818
2815 2821 2801
2817 2822 2815
2821 2815 2822
2823 2817 2816
2817 2823 2822
2824 2801 2821
2824 2800 2801
2825 2800 2824
2800 2825 2755
2825 2826 2755
2755 2826 2754
2754 2826 2827
2754 2827 2756
2825 2828 2826
2827 2826 2828
2825 2824 2829
2829 2828 2825
2830 2824 2821
2830 2829 2824
2821 2822 2831
2831 2830 2821
2831 2822 2832
2832 2822 2823
2833 2830 2831
2831 2832 2833
2834 2833 2832
2835 2833 2834
2833 2835 2830
2829 2830 2835
2829 2835 2836
2829 2836 2828
2837 2836 2835
2828 2836 2837
2835 2834 2837
2828 2837 2838
2828 2838 2827
2839 2837 2834
2838 2837 2839
2840 2827 2838
2756 2827 2840
2838 2839 2841
2840 2838 2841
2839 2842 2841
2840 2841 2842
2756 2840 2843
2749 2756 2843
2844 2839 2834
2839 2844 2842
2843 2840 2845
2840 2842 2845
2749 2843 2846
2746 2749 2846
2846 2843 2847
2843 2845 2847
2746 2846 2848
2846 2847 2848
2746 2848 2849
2748 2746 2849
2849 2850 2748
2848 2850 2849
2850 2851 2748
2848 2852 2850
2852 2848 2847
2852 2853 2850
2852 2854 2853
2855 2853 2854
2852 2847 2856
2856 2854 2852
2855 2854 2857
2857 2854 2856
2847 2845 2858
2847 2858 2856
2855 2857 2859
2855 2859 2860
2861 2860 2859
2861 2859 2862
2863 2861 2862
2863 2862 2864
2864 2862 2865
2859 2865 2862
2864 2865 2866
2865 2867 2866
2857 2868 2859
2859 2868 2865
2865 2869 2867
2868 2869 2865
2869 2870 2867
2857 2856 2871
2857 2871 2868
2869 2872 2870
2872 2873 2870
2868 2874 2869
2871 2874 2868
2874 2872 2869
2856 2875 2871
2871 2875 2874
2856 2858 2875
2874 2876 2872
2875 2876 2874
2872 2877 2873
2876 2877 2872
2858 2878 2875
2875 2878 2876
2873 2877 2879
2873 2879 2880
2879 2881 2880
2876 2882 2877
2878 2882 2876
2858 2883 2878
2845 2883 2858
2877 2884 2879
2877 2882 2884
2879 2885 2881
2885 2886 2881
2878 2887 2882
2883 2887 2878
2845 2888 2883
2842 2888 2845
2879 2889 2885
2879 2884 2889
2885 2890 2886
2889 2890 2885
2882 2891 2884
2882 2887 2891
2883 2892 2887
2888 2892 2883
2842 2893 2888
2893 2842 2844
2886 2890 2894
2886 2894 2895
2894 2896 2895
2897 2884 2891
2897 2889 2884
2887 2898 2891
2887 2892 2898
2888 2899 2892
2893 2899 2888
2893 2844 2900
2900 2844 2834
2901 2893 2900
2893 2901 2899
2902 2892 2899
2902 2898 2892
2898 2902 2903
2898 2903 2904
2891 2898 2904
2891 2904 2897
2905 2902 2899
2905 2899 2901
2903 2902 2905
2834 2906 2900
2901 2900 2906
2901 2907 2905
2901 2906 2907
2906 2908 2907
2834 2909 2906
2906 2909 2908
2834 2832 2909
2909 2832 2910
2909 2910 2908
2832 2823 2910
2907 2911 2905
2903 2905 2911
2910 2823 2912
2823 2816 2912
2908 2910 2913
2910 2912 2913
2912 2816 2914
2914 2816 2814
2915 2912 2914
2915 2914 2814
2915 2913 2912
2820 2915 2814
2907 2916 2911
2916 2907 2908
2911 2916 2917
2917 2916 2908
2903 2911 2918
2911 2917 2918
2919 2917 2908
2908 2913 2919
2917 2919 2920
2913 2920 2919
2917 2920 2918
2915 2921 2913
2913 2921 2920
2915 2820 2922
2915 2922 2921
2921 2923 2920
2923 2918 2920
2921 2922 2923
2922 2820 2924
2820 2818 2924
2925 2903 2918
2923 2925 2918
2926 2923 2922
2922 2924 2926
2924 2818 2927
2818 2819 2927
2928 2925 2923
2926 2928 2923
2924 2927 2929
2926 2924 2929
2925 2930 2903
2928 2931 2925
2930 2925 2931
2932 2928 2926
2931 2928 2932
2930 2933 2903
2933 2904 2903
2926 2929 2934
2932 2926 2934
2930 2931 2935
2933 2930 2935
2936 2935 2931
2931 2932 2937
2936 2931 2937
2937 2932 2938
2938 2932 2934
2933 2939 2904
2897 2904 2939
2933 2935 2940
2940 2935 2936
2897 2939 2941
2889 2897 2941
2942 2939 2933
2940 2942 2933
2941 2939 2942
2943 2942 2940
2889 2941 2944
2889 2944 2890
2941 2942 2945
2944 2941 2945
2945 2942 2943
2890 2944 2946
2944 2945 2946
2890 2946 2894
2940 2936 2947
2947 2943 2940
2945 2943 2948
2946 2945 2948
2949 2894 2946
2894 2949 2896
2946 2948 2950
2949 2946 2950
2896 2949 2951
2951 2949 2950
2896 2951 2952
2951 2950 2953
2950 2954 2953
2950 2948 2954
2954 2948 2943
2954 2943 2955
2956 2943 2947
2955 2943 2956
2955 2956 2957
2956 2958 2957
2956 2947 2936
2958 2956 2959
2956 2936 2959
2958 2959 2960
2959 2961 2960
2936 2962 2959
2959 2962 2961
2936 2937 2962
2962 2963 2961
2937 2938 2962
2962 2938 2963
2963 2938 2964
2963 2964 2965
2938 2934 2964
2964 2966 2965
2934 2967 2964
2964 2967 2966
2934 2929 2967
2967 2968 2966
2929 2969 2967
2967 2969 2968
2929 2927 2969
2969 2970 2968
2927 2971 2969
2969 2971 2970
2927 2819 2971
2971 2972 2970
2819 2973 2971
2971 2973 2972
2819 2974 2973
2974 2819 2807
2972 2973 2975
2974 2975 2973
2976 2972 2975
2975 2977 2976
2807 2978 2974
2974 2978 2975
2975 2979 2977
2978 2979 2975
2979 2980 2977
2807 2981 2978
2981 2807 2806
2979 2982 2980
2982 2983 2980
2978 2984 2979
2981 2984 2978
2984 2982 2979
2985 2981 2806
2981 2985 2984
2790 2985 2806
2986 2984 2985
2984 2986 2982
2982 2987 2983
2987 2988 2983
2790 2989 2985
2986 2985 2989
2990 2989 2790
2986 2989 2990
2990 2790 2791
2791 2991 2990
2986 2990 2991
2791 2781 2991
2982 2986 2992
2982 2992 2987
2986 2991 2992
2987 2993 2988
2992 2993 2987
2993 2994 2988
2993 2995 2994
2992 2996 2993
2996 2995 2993
2991 2996 2992
2996 2997 2995
2998 2991 2781
2991 2998 2996
2998 2997 2996
2781 2783 2998
2998 2783 2997
2999 967 973
967 2999 965
3000 965 2999
966 965 3000
966 3000 3001
966 3001 3002
3000 2999 3003
3003 3001 3000
2999 973 3004
3003 2999 3004
973 3005 3004
973 972 3005
3003 3004 3006
3006 3004 3005
3001 3007 3002
3007 3008 3002
3003 3009 3001
3006 3009 3003
3010 3007 3001
3010 3001 3009
3007 3011 3008
3010 3011 3007
3011 3012 3008
3013 3008 3012
3014 3013 3012
3015 3013 3014
3016 3012 3011
3016 3014 3012
3010 3017 3011
3016 3011 3017
3018 3010 3009
3018 3017 3010
3006 3019 3009
3018 3009 3019
3015 3014 3020
3021 3015 3020
3016 3022 3014
3022 3020 3014
3017 3023 3016
3022 3016 3023
3019 3006 3024
3006 3005 3024
3021 3020 3025
3022 3025 3020
3026 3021 3025
3026 3027 3021
3025 3022 3028
3025 3028 3026
3022 3023 3028
3027 3026 3029
3028 3029 3026
3027 3029 3030
3031 3030 3029
3031 3029 3032
3028 3032 3029
3033 3031 3032
3034 3033 3032
3035 3032 3028
3034 3032 3035
3035 3028 3023
3035 3036 3034
3035 3037 3036
3023 3037 3035
3038 3036 3037
3023 3039 3037
3017 3039 3023
3018 3039 3017
3038 3037 3040
3040 3037 3039
3040 3039 3018
3040 3041 3038
3018 3042 3040
3040 3042 3041
3018 3019 3042
3019 3024 3042
3024 3041 3042
3024 3043 3041
3024 3044 3043
3024 3005 3044
3005 972 3044
972 3045 3044
1027 3045 972
3046 3044 3045
1027 3047 3045
1027 1070 3047
3046 3045 3048
3048 3045 3047
3049 3047 1070
3048 3047 3049
3046 3048 3050
3046 3050 3051
3049 1070 3052
3052 1070 1065
3052 1065 3053
3054 3052 3053
3048 3049 3055
3048 3055 3050
3056 3049 3052
3054 3056 3052
3056 3055 3049
3051 3050 3057
3051 3057 3058
3050 3055 3059
3059 3055 3056
3050 3059 3057
3060 3056 3054
3059 3056 3060
3060 3054 3061
3058 3057 3062
3059 3062 3057
3058 3062 3063
3064 3060 3061
3064 3061 3065
3066 3059 3060
3059 3066 3062
3066 3060 3064
3067 3063 3062
3067 3068 3063
3069 3062 3066
3069 3066 3064
3069 3067 3062
3065 3070 3064
3069 3064 3070
3065 3071 3070
3072 3068 3067
3072 3073 3068
3072 3074 3073
3075 3067 3069
3070 3075 3069
3075 3072 3067
3071 3076 3070
3070 3076 3075
3071 3077 3076
3076 3077 3078
3072 3079 3074
3079 3072 3075
3079 3080 3074
3079 3075 3081
3080 3079 3081
3081 3075 3076
3080 3081 3082
3083 3082 3081
3078 3083 3084
3084 3076 3078
3083 3081 3084
3081 3076 3084
1126 3085 1180
1185 1180 3085
3086 3085 1126
3086 1126 3087
1130 3087 1126
3088 1185 3085
3086 3089 3085
3085 3089 3088
3088 3090 1185
1211 1185 3090
1219 1211 3090
3091 3090 3088
1219 3090 3091
3092 3088 3089
3091 3088 3092
3091 3092 3093
3092 3089 3094
3092 3094 3095
3092 3095 3093
3093 3095 3096
3097 3089 3086
3098 3093 3096
3097 3086 3099
3099 3100 3097
3099 3086 3087
3091 3101 1219
1219 3101 1220
1220 3101 3102
3103 3100 3099
3103 3104 3100
3105 3104 3103
3099 3087 3106
3103 3099 3106
3106 3087 1130
3091 3107 3101
3091 3093 3107
3108 3102 3101
3107 3108 3101
3108 3109 3102
3108 3110 3109
3105 3103 3111
3111 3112 3105
3106 1130 3113
3113 1130 1119
3113 1119 3114
3115 3113 3114
3103 3106 3116
3116 3106 3113
3111 3103 3116
3115 3117 3113
3116 3113 3117
3118 3116 3117
3119 3117 3115
3118 3117 3119
3118 3119 3120
3120 3121 3118
3122 3112 3111
3123 3112 3122
3124 3123 3122
3111 3116 3125
3118 3125 3116
3125 3122 3111
3118 3121 3126
3126 3121 3127
3118 3128 3125
3125 3128 3122
3118 3126 3128
3124 3122 3129
3129 3122 3128
3129 3130 3124
3129 3128 3131
3131 3130 3129
3131 3128 3126
3131 3132 3130
3133 3126 3127
3131 3126 3133
3133 3132 3131
3133 3127 3134
3133 3135 3132
3134 3135 3133
3136 3137 3138
3137 3139 3138
3136 3140 3137
3141 3140 3136
3137 3142 3139
3140 3142 3137
939 3139 3142
939 3142 944
944 3142 953
3140 953 3142
3141 3143 3140
3143 953 3140
922 3143 3141
3143 3144 953
3143 922 3144
953 3144 920
920 3144 922
3145 3146 3147
3145 3148 3146
3145 3147 3149
3147 3150 3149
3151 3149 3150
3152 3148 3145
3148 3152 3098
3098 3152 3093
3153 3145 3149
3152 3145 3153
3154 3093 3152
3152 3153 3154
3154 3107 3093
3107 3154 3108
3155 3108 3154
3155 3154 3153
3108 3155 3110
3110 3155 3156
3156 3155 3157
3153 3157 3155
3156 3157 3158
3159 3158 3157
3151 3159 3157
3151 3160 3149
3153 3149 3160
3153 3160 3157
3151 3157 3160
1434 3161 1418
1422 1418 3161
3161 3162 1422
1421 1422 3162
3163 3161 1434
3161 3163 3162
3163 1434 3164
1434 1438 3164
3164 1438 3165
1438 1507 3165
3164 3166 3163
3164 3165 3166
3165 1507 3167
1508 3167 1507
3168 3167 1508
3167 3169 3165
3169 3167 3168
3165 3170 3166
3165 3169 3170
3166 3171 3163
3171 3166 3170
3163 3172 3162
3163 3171 3172
3173 3171 3170
3172 3171 3173
3169 3174 3170
3174 3173 3170
3168 1508 3175
1508 1505 3175
3172 3176 3162
3176 1421 3162
1421 3176 3177
3177 1411 1421
3178 3176 3172
3178 3177 3176
3178 3179 3177
1411 3177 3180
3179 3180 3177
3181 1411 3180
1347 1411 3181
3178 3172 3182
3182 3172 3173
3179 3183 3180
3183 3181 3180
3184 1347 3181
1347 3184 1344
1344 3184 1345
1345 3184 3181
3183 3185 3181
1345 3181 3185
3186 3178 3182
3187 3182 3173
3187 3186 3182
3188 3179 3178
3186 3188 3178
3189 3187 3173
3189 3173 3174
3190 3186 3187
3191 3188 3186
3190 3191 3186
3192 3190 3187
3192 3187 3189
3190 3193 3191
3193 3190 3192
3194 3189 3174
3195 3192 3189
3195 3189 3194
3193 3192 3196
3195 3196 3192
3194 3174 3197
3169 3197 3174
3169 3168 3197
3198 3194 3197
3198 3197 3168
3199 3195 3194
3199 3194 3198
3198 3168 3200
3201 3199 3198
3201 3198 3200
3201 3202 3199
3195 3199 3202
3201 3203 3202
3202 3203 3204
3200 3168 3205
3205 3168 3175
3195 3202 3206
3195 3206 3196
3202 3204 3207
3206 3202 3207
3208 3207 3204
3209 3196 3206
3206 3207 3209
3207 3210 3209
3208 3211 3207
3207 3211 3210
3212 3211 3208
3209 3213 3196
3213 3209 3210
3213 3193 3196
3212 3214 3211
3214 3210 3211
3215 3214 3212
3215 3216 3214
3217 3216 3215
3214 3218 3210
3216 3218 3214
3217 3219 3216
3220 3219 3217
3219 3221 3216
3216 3221 3218
3222 3219 3220
3219 3222 3221
3222 3220 3223
3224 3218 3221
3222 3224 3221
3223 3225 3222
3222 3225 3224
3223 3226 3225
3225 3226 3227
3210 3218 3228
3224 3228 3218
3225 3229 3224
3225 3227 3229
3228 3224 3229
3210 3228 3230
3213 3210 3230
3228 3229 3231
3231 3230 3228
3227 3232 3229
3229 3232 3231
3213 3230 3233
3231 3233 3230
3227 3234 3232
3235 3234 3227
3236 3234 3235
3236 3235 3237
3213 3233 3238
3213 3238 3193
3239 3193 3238
3239 3238 3233
3193 3239 3191
3240 3233 3231
3232 3240 3231
3239 3233 3240
3234 3241 3232
3234 3236 3241
3242 3236 3237
3242 3237 3243
3243 3244 3242
3242 3244 3245
3236 3242 3246
3242 3245 3246
3236 3246 3241
3246 3245 3247
3232 3241 3248
3232 3248 3240
3248 3241 3246
3249 3246 3247
3248 3246 3249
3250 3249 3247
3249 3250 3251
3249 3251 3252
3252 3248 3249
3253 3252 3251
3254 3240 3248
3252 3254 3248
3254 3239 3240
3255 3239 3254
3255 3254 3252
3255 3191 3239
3191 3255 3188
3256 3252 3253
3255 3252 3256
3256 3253 3257
3256 3257 3258
3255 3259 3188
3255 3256 3259
3256 3258 3259
3188 3259 3179
3258 3179 3259
3179 3258 3260
3261 3260 3258
3260 3183 3179
3261 3262 3260
3262 3261 3263
3260 3264 3183
3262 3264 3260
3262 3263 3265
3263 3266 3265
3267 3183 3264
3267 3185 3183
3262 3268 3264
3268 3262 3265
3268 3267 3264
3269 3265 3266
3269 3266 3270
3269 3270 3271
3268 3265 3272
3272 3265 3269
3268 3272 3273
3268 3274 3267
3268 3273 3274
3185 3267 3275
3274 3275 3267
3274 3276 3275
3274 3277 3276
3274 3273 3277
3273 3278 3277
3279 3278 3273
3280 3185 3275
3280 1345 3185
3281 3280 3275
3272 3269 3282
3282 3273 3272
3279 3273 3283
3282 3283 3273
3284 3279 3283
3280 3285 1345
1349 1345 3285
3281 3286 3280
3286 3285 3280
3286 3281 3287
3288 3282 3269
3269 3271 3288
3271 3289 3288
3283 3290 3284
3290 3291 3284
3290 3292 3291
3283 3282 3293
3288 3293 3282
3283 3293 3290
3289 3294 3288
3293 3288 3294
3289 3295 3294
3296 3294 3295
3297 3294 3296
3290 3298 3292
3293 3298 3290
3292 3298 3299
3297 3299 3298
3293 3294 3300
3297 3300 3294
3297 3298 3300
3293 3300 3298
1505 3301 3175
3205 3175 3301
1505 3302 3301
1505 1523 3302
3303 3302 1523
3304 3301 3302
3303 3304 3302
3305 3304 3303
3305 3303 3306
3305 3306 3307
3304 3308 3301
3308 3205 3301
3305 3308 3304
3305 3307 3309
3310 3305 3309
3309 3307 3311
3309 3311 3312
3312 3310 3309
3313 3312 3311
3313 3311 3314
3308 3315 3205
3315 3200 3205
3315 3316 3200
3317 3316 3315
3308 3317 3315
3317 3318 3316
3305 3319 3308
3310 3319 3305
3308 3319 3317
3317 3319 3310
3320 3318 3317
3317 3310 3320
3320 3321 3318
3322 3321 3320
3322 3320 3310
3322 3323 3321
3322 3310 3324
3312 3324 3310
3313 3324 3312
3323 3322 3325
3323 3325 3326
3322 3324 3327
3313 3327 3324
3322 3327 3325
3328 3326 3325
3328 3329 3326
3328 3330 3329
3327 3313 3331
3314 3331 3313
3314 3332 3331
3333 3331 3332
3334 3325 3327
3334 3328 3325
3327 3331 3334
3328 3335 3330
3334 3335 3328
3335 3336 3330
3337 3336 3335
3338 3331 3333
3334 3331 3338
3333 3339 3338
3340 3339 3337
3337 3335 3340
3334 3340 3335
3334 3338 3340
3340 3338 3339
3341 1349 3285
3286 3341 3285
3341 3342 1349
3342 1338 1349
3342 3343 1338
3344 3343 3342
3345 3341 3286
3345 3286 3287
3345 3287 3346
3347 3345 3346
3344 3342 3348
3349 3344 3348
3350 3349 3348
3350 3351 3349
3351 3350 3352
3353 3342 3341
3353 3348 3342
3345 3353 3341
3350 3348 3353
3347 3354 3345
3354 3353 3345
3354 3347 3355
3354 3356 3353
3350 3353 3356
3357 3354 3355
3356 3354 3357
3358 3357 3355
3359 3357 3358
3350 3360 3352
3360 3361 3352
3350 3356 3362
3356 3357 3362
3350 3362 3360
3359 3363 3357
3363 3362 3357
3363 3359 3364
3363 3365 3362
3365 3363 3364
3365 3360 3362
3365 3364 3366
3367 3361 3360
3365 3367 3360
3367 3365 3366
3367 3368 3361
3367 3366 3369
3368 3367 3369
3370 3371 3372
3373 3370 3372
3371 3374 3372
3375 3373 3372
3374 3376 3372
3377 3375 3372
3376 3378 3372
3379 3377 3372
3378 3380 3372
3381 3379 3372
3380 3382 3372
3383 3381 3372
3382 3384 3372
3385 3383 3372
3384 3386 3372
3386 3385 3372
3387 3388 3389
3390 3388 3387
3389 3388 3391
3392 3388 3390
3391 3388 3393
3394 3388 3392
3393 3388 3395
3396 3388 3394
3395 3388 3397
3398 3388 3396
3397 3388 3399
3400 3388 3398
3399 3388 3401
3402 3388 3400
3401 3388 3403
3403 3388 3402
1762 3404 3405
3404 3406 3405
3404 3407 3406
1762 3408 3404
3408 1762 1760
3409 3407 3404
3409 3410 3407
3408 3411 3404
3409 3404 3411
3409 3412 3410
3409 3411 3412
3412 3413 3410
1760 3414 3408
3408 3414 3411
1760 3415 3414
3411 3414 3415
3411 3415 3412
1766 3415 1760
1766 3416 3415
3416 3412 3415
1764 3416 1766
3412 3417 3413
3416 3417 3412
3417 1767 3413
3418 1764 1767
1764 3418 3416
3416 3419 3417
3417 3419 1767
3416 3418 3419
3418 1767 3419
