byte offset: 0
first index: 0
index count: 6090
topology: trianglelist
format: DXGI_FORMAT_R16_UINT

0 1 2
2 3 4
2 5 6
6 7 2
8 2 7
7 9 10
11 7 12
7 13 12
7 14 13
7 15 14
15 16 14
16 17 14
13 14 17
16 18 17
19 17 18
17 20 13
20 12 13
20 17 21
17 22 21
12 20 23
24 12 23
21 25 20
25 23 20
25 21 26
21 27 26
23 25 28
29 23 28
30 29 28
31 28 25
28 31 30
32 30 31
33 25 26
25 33 31
26 34 33
35 31 33
31 35 36
35 37 36
33 38 35
39 35 38
23 40 41
42 26 43
44 33 45
35 46 47
48 35 47
47 49 48
49 47 50
47 51 50
52 53 47
50 54 55
50 56 57
57 58 50
59 50 58
58 60 61
58 62 63
64 58 63
58 64 65
66 58 65
63 67 64
67 68 64
64 69 65
64 70 69
65 69 71
65 72 73
74 69 75
69 76 77
78 79 63
80 79 81
82 63 83
63 84 83
12 85 86
87 88 89
88 90 91
88 92 93
94 88 93
95 93 96
93 97 98
99 100 88
100 101 88
93 102 103
104 93 103
105 104 103
103 106 105
107 103 108
109 105 110
105 111 112
113 105 114
115 116 117
116 118 119
120 118 116
116 121 120
121 116 122
123 120 121
120 123 124
125 124 123
126 120 124
124 127 126
128 120 129
120 130 129
131 124 132
132 133 131
124 134 132
135 132 134
132 136 137
132 137 138
137 139 138
136 140 137
141 137 140
142 141 140
143 142 140
140 144 143
142 143 145
145 146 142
146 147 142
148 142 149
150 151 146
152 153 146
153 154 146
146 154 155
154 156 157
154 158 159
160 154 161
162 161 154
161 163 164
161 165 166
167 161 168
169 168 161
168 170 171
172 168 173
168 174 175
176 177 178
179 177 180
181 177 179
182 183 184
185 186 182
187 188 182
182 189 187
190 182 191
182 192 191
192 193 191
194 190 191
191 195 194
194 195 196
197 194 198
199 194 200
201 202 203
204 205 206
207 208 209
210 211 212
213 212 214
215 216 217
215 218 219
215 219 220
221 215 222
223 222 215
224 215 225
225 226 224
215 227 225
225 227 228
229 225 230
231 229 230
232 233 234
235 232 236
237 235 238
239 240 241
242 243 244
244 245 246
247 248 249
250 251 21
252 253 254
253 255 256
257 256 258
258 259 260
256 261 262
263 261 256
264 261 263
263 265 264
256 266 263
266 256 267
267 268 266
256 269 267
270 263 266
268 270 266
263 270 271
268 267 272
273 272 267
274 268 272
275 274 272
270 268 276
277 270 276
277 276 278
268 279 276
280 276 279
268 274 281
279 268 281
274 282 281
274 283 282
281 284 279
285 279 284
281 282 286
284 281 286
286 282 287
284 286 288
289 274 290
279 291 292
282 293 294
295 284 296
297 298 299
298 300 270
301 302 270
303 304 305
306 307 304
308 309 310
311 312 313
313 314 315
316 317 318
319 320 316
316 321 322
322 323 316
323 322 324
324 322 325
326 316 323
327 316 326
327 326 328
326 323 329
329 330 326
322 331 332
333 327 334
335 323 336
323 337 338
339 340 341
342 343 344
345 346 347
348 349 350
349 351 352
352 353 349
353 352 354
355 354 352
356 353 354
357 356 354
358 349 353
353 356 359
359 358 353
356 360 359
358 359 361
349 358 362
362 363 349
358 364 362
364 358 365
365 366 364
364 366 367
368 362 364
364 369 368
370 371 358
372 356 373
374 375 356
376 362 377
362 378 379
380 352 381
382 359 383
359 384 385
386 272 387
388 389 390
391 392 393
394 393 395
393 396 397
396 393 398
398 399 396
400 398 393
393 401 400
398 400 402
403 398 402
398 403 404
405 398 404
403 406 404
407 402 400
400 408 407
402 409 403
409 410 403
402 407 411
409 402 411
412 411 407
407 413 412
409 411 414
414 411 412
414 415 409
412 416 414
417 400 418
419 403 420
421 407 422
423 409 424
425 426 412
427 414 428
429 414 430
431 432 433
434 435 436
437 404 438
439 404 440
441 442 443
444 445 442
446 442 445
447 446 445
442 446 448
449 442 448
450 442 449
451 449 448
446 452 448
453 448 452
452 454 453
452 446 455
456 455 446
457 452 455
458 457 455
452 457 459
460 452 459
461 459 457
446 462 463
455 464 465
466 459 467
468 459 469
470 471 457
470 457 472
473 449 474
475 449 476
477 449 478
479 480 263
481 264 482
483 445 484
485 486 487
486 488 489
486 490 491
491 492 486
493 492 491
494 486 492
492 495 494
486 494 496
496 497 486
496 494 498
494 499 498
500 498 499
498 501 496
501 502 496
503 501 498
498 504 503
504 505 503
501 503 506
505 506 503
501 506 507
501 507 508
501 508 509
507 506 510
510 511 507
507 511 512
506 505 513
513 510 506
510 513 514
514 515 510
516 510 515
517 513 505
513 518 514
518 513 517
519 514 518
518 520 519
517 521 518
522 518 521
521 523 522
505 524 517
521 517 525
524 525 517
524 505 526
505 527 526
528 524 526
529 528 526
525 530 521
531 521 530
530 532 531
525 524 533
534 533 524
530 525 535
533 535 525
530 535 536
536 537 530
536 538 537
535 533 539
535 540 536
535 539 540
541 539 533
533 542 541
539 541 543
543 540 539
540 543 544
540 545 536
546 536 545
545 547 546
545 548 547
544 549 540
545 540 549
549 548 545
549 544 550
550 548 549
548 550 551
552 553 554
555 556 557
556 558 559
556 560 561
562 556 563
564 556 565
556 566 565
565 567 568
569 565 570
571 565 572
573 574 571
565 575 574
576 491 577
491 578 579
580 581 582
583 584 585
586 587 588
589 494 590
591 592 593
594 595 596
597 598 599
600 601 602
603 600 604
603 604 605
606 607 608
607 609 610
611 607 612
607 613 612
614 612 613
612 615 616
617 618 607
618 619 607
618 620 621
622 618 623
624 612 625
612 626 625
627 625 626
628 629 625
630 631 632
633 630 634
635 634 630
636 637 630
638 630 639
640 634 641
634 642 643
644 634 645
634 646 645
634 647 648
649 634 648
650 648 651
648 652 653
654 648 653
655 653 656
653 657 658
659 657 653
653 660 659
660 661 659
662 657 659
663 664 662
665 666 657
667 657 668
659 669 670
671 672 659
673 674 675
496 676 677
678 679 680
681 682 683
684 685 686
687 688 689
690 691 692
693 694 695
696 697 698
699 700 701
702 703 704
705 706 707
708 709 710
711 712 713
714 715 716
717 714 718
719 720 714
720 721 714
721 722 723
720 724 725
726 720 727
728 729 720
720 730 731
732 714 733
733 734 732
714 735 733
735 736 733
737 738 739
740 741 742
743 744 745
746 743 747
743 748 749
748 743 750
750 751 748
752 753 754
524 755 756
757 758 759
760 761 762
763 764 765
766 767 768
769 770 771
769 772 773
774 769 775
775 769 776
777 775 776
769 778 776
779 776 778
778 769 780
780 769 781
780 782 778
783 778 782
782 784 783
782 780 785
785 780 786
785 787 782
788 782 787
789 788 787
787 785 790
790 789 787
785 791 790
785 792 791
785 793 792
791 794 790
795 794 791
791 796 795
789 790 797
794 797 790
797 794 798
799 798 794
794 800 799
801 789 797
797 798 802
802 801 797
798 803 802
804 802 803
805 801 802
802 806 805
807 805 806
808 789 801
801 805 809
809 808 801
789 808 810
811 789 810
808 812 810
812 813 810
814 809 805
805 815 814
814 815 816
808 809 817
817 818 808
809 814 819
819 817 809
814 820 819
820 814 821
822 820 821
817 819 823
819 820 824
819 824 823
823 825 817
826 817 825
825 823 827
824 827 823
827 824 828
829 824 820
820 830 829
829 830 831
829 831 832
833 828 824
824 829 833
833 829 832
828 833 834
832 834 833
834 832 835
836 837 838
839 840 841
841 842 843
844 841 845
841 846 847
841 848 849
850 841 849
849 851 852
853 849 854
855 849 856
849 857 858
856 859 857
860 861 775
775 862 863
864 865 866
867 868 869
870 871 872
778 873 874
875 876 877
878 879 880
881 882 883
882 884 885
884 886 885
887 888 889
890 891 892
893 890 894
890 895 896
897 890 896
896 898 897
899 896 900
901 902 890
903 901 890
904 901 905
901 906 907
896 908 909
910 896 909
911 910 909
912 909 913
914 915 916
915 917 918
918 919 915
920 915 921
922 923 915
924 918 925
918 926 927
918 928 929
930 918 929
931 918 932
933 932 918
932 934 935
936 932 937
938 937 932
937 939 940
937 941 942
943 937 942
944 937 943
944 943 945
946 943 942
943 947 948
949 943 950
951 942 952
953 954 942
955 956 957
780 958 959
960 961 962
963 964 965
966 967 968
969 970 971
972 973 974
975 976 977
978 979 980
981 982 983
984 985 986
987 988 989
990 991 992
993 994 995
996 997 998
997 999 1000
1001 1002 997
1003 1001 997
1003 1004 1005
1006 1001 1007
1001 1008 1009
1010 1011 1001
1001 1012 1013
997 1014 1015
1015 1014 1016
1017 997 1015
1017 1015 1018
1019 1020 1021
1022 1023 1024
1025 1026 1027
1028 1025 1029
1030 1025 1031
1025 1030 1032
1032 1030 1033
1034 1035 1036
1037 808 1038
1039 1040 1041
1042 1043 1044
1045 1046 1047
1048 1049 1050
1051 1052 1053
1054 1055 1056
1057 1058 1054
1057 1059 1060
1057 1061 1059
1061 1057 1062
1062 1063 1061
1063 1062 1064
1065 1063 1064
1065 1066 1063
1063 1066 1067
1067 1061 1063
1068 1067 1066
1061 1067 1069
1068 1069 1067
1069 1059 1061
1070 1069 1068
1069 1070 1071
1071 1070 1072
1059 1069 1073
1069 1071 1073
1072 1074 1071
1074 1073 1071
1074 1072 1075
1073 1076 1059
1077 1059 1076
1078 1074 1075
1078 1075 1079
1080 1074 1078
1073 1074 1081
1076 1073 1081
1074 1082 1081
1081 1083 1076
1083 1081 1084
1085 1076 1083
1076 1085 1086
1083 1087 1085
1088 1085 1087
1087 1083 1089
1090 1089 1083
1091 1087 1089
1089 1092 1091
1087 1091 1093
1094 1087 1093
1095 1093 1091
1087 1096 1097
1091 1098 1099
1100 1085 1101
1085 1102 1103
1089 1104 1105
1106 1089 1107
1108 1109 1110
1111 1112 1108
1113 1114 1115
1116 1113 1117
1118 1117 1113
1119 1118 1113
1119 1113 1120
1120 1113 1121
1122 1118 1119
1122 1123 1118
1119 1124 1122
1123 1125 1118
1117 1118 1125
1125 1123 1126
1126 1127 1125
1124 1119 1128
1124 1128 1129
1129 1128 1130
1119 1131 1128
1130 1128 1131
1131 1119 1120
1131 1132 1130
1131 1133 1132
1120 1133 1131
1120 1134 1133
1134 1120 1135
1132 1133 1136
1134 1136 1133
1136 1134 1137
1134 1138 1137
1138 1134 1139
1125 1140 1141
1141 1140 1142
1143 1125 1141
1125 1143 1117
1144 1117 1143
1143 1141 1145
1146 1143 1145
1145 1141 1147
1148 1147 1141
1148 1141 1149
1141 1150 1149
1145 1147 1151
1152 1145 1151
1147 1148 1153
1151 1147 1153
1148 1154 1153
1155 1148 1149
1156 1148 1155
1157 1155 1149
1149 1158 1157
1159 1151 1153
1153 1160 1159
1151 1159 1161
1162 1161 1159
1163 1151 1161
1163 1161 1164
1165 1153 1166
1167 1159 1168
1151 1169 1170
1171 1172 1173
1174 1171 1175
1176 1175 1171
1177 1178 1175
1175 1178 1179
1179 1180 1175
1180 1179 1181
1182 1183 1171
1183 1184 1171
1183 1185 1186
1187 1183 1188
1078 1183 1189
1078 1190 1183
1191 1192 1193
1192 1194 1195
1145 1196 1197
1198 1155 1199
1200 1155 1201
1155 1202 1203
1204 1205 1206
1205 1207 1208
1209 1205 1210
1211 1212 1205
1213 1205 1212
1212 1214 1215
1216 1217 1212
1216 1212 1218
1219 1216 1220
1216 1221 1222
1223 1216 1224
1225 1216 1226
1226 1216 1227
1134 1226 1227
1228 1226 1134
1229 1230 1226
1231 1232 1233
1234 1233 1235
1235 1233 1236
1236 1237 1235
1236 1238 1237
1239 1236 1233
1240 1236 1241
1236 1242 1243
1244 1233 1245
1246 1233 1244
1247 1248 1244
1244 1138 1249
1138 1244 1250
1251 1252 1253
1117 1254 1255
1256 1093 1257
1258 1093 1259
1260 1261 1262
1263 1264 1265
1265 1266 1267
1268 1265 1269
1270 1271 1265
1265 1272 1270
1273 1270 1274
1275 1276 1270
1270 1277 1278
1270 1279 1280
1281 1282 1283
1284 1285 1282
1286 1285 1284
1287 1288 1289
1290 1291 1292
1293 1291 1294
1143 1295 1296
1148 1297 1298
1299 1148 1300
1301 1302 1303
1304 1305 1306
1307 1306 1308
1309 1307 1310
1311 1312 1313
1314 1315 1311
1316 1317 1318
1316 1319 1320
1320 1319 1321
1322 1323 1324
1325 1326 1327
1328 1329 1330
1330 1331 1332
1333 1334 1335
1336 1334 1337
1338 1339 1334
1334 1340 1341
1341 1342 1334
1343 1341 1344
1345 1341 1346
1341 1345 1347
1341 1347 1348
1341 1348 1349
1347 1350 1348
1351 1352 1347
1353 1348 1354
1355 1348 1353
1356 1348 1355
1357 1348 1356
1358 1356 1355
1356 1358 1359
1359 1360 1356
1361 1359 1358
1359 1361 1362
1362 1363 1359
1362 1361 1364
1364 1365 1362
1366 1359 1367
1368 1364 1369
1370 1362 1371
1372 1373 1374
1375 1376 1372
1376 1377 1378
1379 1376 1378
1376 1380 1381
1382 1381 1380
1381 1382 1383
1382 1384 1383
1385 1386 1387
1387 1388 1389
1387 1390 1388
1391 1390 1387
1392 1390 1391
1391 1387 1393
1393 1387 1394
1393 1394 1395
1396 1391 1393
1396 1393 1397
1398 1391 1396
1396 1399 1398
1393 1400 1401
1391 1402 1403
1404 1405 1388
1406 1404 1353
1407 1396 1408
1409 1396 1410
1410 1396 1411
1410 1411 1412
1413 1410 1414
1410 1415 1416
1410 1417 1418
1419 1410 1418
1420 1418 1421
1420 1422 1418
1423 1424 1425
1426 1427 1428
1427 1429 1430
1427 1431 1432
1432 1433 1427
1434 1427 1433
1432 1435 1433
1436 1435 1432
1432 1437 1436
1437 1432 1438
1439 1435 1436
1435 1439 1440
1436 1441 1439
1441 1436 1442
1433 1443 1444
1445 1443 1446
1443 1447 1448
1449 1447 1390
1450 1451 1452
1453 1454 1455
1456 1457 1458
1459 1460 1461
1462 1463 1464
1463 1465 1466
1463 1467 1468
1469 1468 1467
1467 1470 1469
1467 1463 1471
1472 1471 1463
1473 1467 1471
1471 1472 1474
1473 1471 1474
1467 1473 1475
1476 1467 1475
1473 1477 1475
1478 1473 1474
1479 1473 1478
1480 1473 1479
1481 1474 1472
1482 1481 1472
1483 1481 1482
1481 1484 1474
1484 1478 1474
1481 1483 1485
1485 1484 1481
1486 1485 1483
1487 1486 1483
1488 1487 1483
1478 1484 1489
1478 1489 1490
1478 1490 1491
1484 1485 1492
1492 1489 1484
1485 1486 1493
1493 1492 1485
1489 1492 1494
1493 1495 1492
1492 1495 1494
1489 1494 1496
1496 1497 1489
1498 1496 1494
1499 1494 1495
1495 1500 1499
1493 1501 1495
1502 1495 1501
1486 1503 1493
1501 1493 1503
1503 1504 1501
1505 1501 1504
1504 1503 1506
1506 1507 1504
1507 1508 1504
1503 1509 1506
1503 1486 1510
1509 1503 1510
1507 1506 1511
1509 1511 1506
1486 1512 1510
1512 1486 1513
1486 1514 1513
1515 1510 1512
1510 1515 1509
1515 1516 1509
1511 1509 1516
1517 1516 1515
1518 1516 1517
1518 1519 1516
1519 1511 1516
1518 1520 1519
1520 1521 1519
1511 1519 1521
1520 1522 1521
1523 1511 1521
1522 1523 1521
1522 1524 1523
1511 1523 1507
1523 1525 1507
1526 1507 1527
1528 1523 1529
1523 1530 1531
1532 1533 1534
1535 1532 1536
1532 1537 1538
1532 1539 1540
1541 1542 1532
1543 1541 1532
1541 1543 1544
1545 1541 1544
1546 1541 1547
1548 1541 1549
1550 1551 1552
1553 1551 1554
1551 1555 1556
1551 1557 1558
1559 1551 1558
1558 1560 1561
1562 1558 1563
1564 1565 1551
1551 1566 1564
1567 1564 1568
1564 1569 1570
1571 1564 1496
1572 1496 1564
1496 1573 1574
1558 1575 1576
1577 1558 1576
1577 1576 1578
1576 1579 1580
1581 1582 1475
1475 1583 1584
1585 1586 1587
1588 1585 1589
1585 1590 1591
1590 1585 1469
1585 1592 1469
1593 1469 1592
1469 1594 1595
1596 1585 1597
1596 1597 1598
1599 1597 1585
1597 1599 1600
1597 1601 1602
1603 1604 1605
1606 1603 1607
1608 1609 1603
1610 1611 1612
1613 1614 1615
1616 1617 1618
1619 1620 1621
1622 1623 1624
1625 1626 1627
1494 1628 1629
1630 1631 1632
1633 1634 1635
1636 1637 1638
1639 1640 1641
1642 1643 1644
1501 1645 1646
1647 1648 1649
1650 1647 1651
1651 1652 1650
1650 1652 1653
1647 1650 1654
1654 1655 1647
1650 1656 1654
1655 1654 1657
1656 1657 1654
1656 1650 1658
1659 1658 1650
1660 1656 1658
1661 1657 1656
1662 1661 1656
1656 1663 1662
1664 1655 1657
1665 1655 1664
1664 1666 1665
1664 1657 1667
1661 1667 1657
1666 1664 1668
1667 1668 1664
1668 1669 1666
1669 1670 1666
1671 1666 1670
1667 1661 1672
1661 1673 1672
1661 1674 1673
1668 1667 1675
1672 1675 1667
1669 1668 1676
1676 1668 1675
1675 1672 1677
1676 1675 1678
1675 1677 1678
1672 1679 1677
1680 1679 1672
1679 1681 1677
1677 1682 1678
1683 1678 1682
1684 1676 1678
1678 1685 1684
1686 1669 1676
1676 1684 1686
1687 1686 1684
1684 1688 1687
1686 1687 1689
1690 1689 1687
1691 1690 1687
1692 1686 1689
1669 1686 1693
1686 1692 1693
1689 1690 1694
1694 1692 1689
1695 1669 1693
1669 1695 1696
1697 1669 1696
1693 1698 1695
1698 1693 1692
1698 1692 1699
1692 1694 1699
1700 1698 1699
1701 1700 1699
1701 1699 1702
1694 1702 1699
1701 1702 1703
1703 1702 1704
1702 1694 1704
1703 1704 1705
1694 1706 1704
1705 1704 1706
1705 1706 1707
1706 1694 1690
1708 1706 1690
1690 1709 1710
1706 1711 1712
1706 1713 1714
1715 1716 1717
1718 1715 1719
1715 1720 1721
1715 1722 1723
1724 1725 1715
1725 1726 1715
1726 1725 1727
1728 1727 1725
1729 1730 1725
1725 1731 1732
1733 1734 1735
1735 1736 1737
1735 1738 1739
1740 1735 1741
1735 1742 1741
1743 1741 1744
1741 1745 1746
1747 1748 1735
1735 1748 1749
1748 1750 1751
1752 1748 1753
1748 1754 1679
1679 1755 1748
1756 1679 1757
1758 1741 1759
1741 1760 1759
1760 1761 1759
1759 1762 1763
1764 1658 1765
1658 1766 1767
1768 1769 1770
1769 1771 1772
1773 1769 1774
1769 1773 1652
1775 1769 1652
1652 1776 1775
1652 1777 1778
1769 1779 1780
1779 1781 1780
1780 1782 1769
1782 1780 1783
1780 1784 1785
1786 1787 1788
1789 1786 1790
1791 1792 1786
1793 1794 1795
1796 1797 1798
1799 1800 1801
1802 1803 1804
1805 1806 1807
1808 1809 1810
1811 1677 1812
1813 1814 1815
1816 1817 1818
1819 1820 1821
1822 1820 1655
1823 1822 1655
1824 1825 1826
1827 1828 1829
1830 1831 1832
1833 1684 1834
1835 1836 1837
1838 1839 1840
1839 1841 1842
1843 1839 1844
1845 1846 1843
1839 1847 1846
1848 1839 1846
1846 1849 1848
1850 1851 1839
1839 1852 1850
1853 1850 1852
1854 1850 1855
1850 1856 1857
1858 1857 1859
1860 1861 1857
1862 1861 1860
1863 1864 1861
1865 1864 1866
1867 1864 1868
1867 1869 1864
1870 1869 1867
1871 1869 1870
1869 1871 1872
1873 1874 1875
1876 1873 1877
1846 1877 1873
1878 1846 1873
1873 1879 1880
1881 1873 1880
1881 1880 1882
1883 1880 1884
1885 1886 1887
1886 1888 1889
1889 1890 1886
1891 1886 1890
1886 1891 1892
1892 1893 1886
1894 1892 1891
1891 1895 1894
1892 1894 1896
1897 1892 1896
1898 1897 1896
1897 1898 1899
1900 1891 1890
1891 1900 1901
1902 1891 1901
1901 1900 1903
1890 1904 1900
1904 1905 1900
1890 1906 1904
1907 1906 1890
1890 1889 1907
1907 1908 1906
1889 1908 1907
1908 1889 1909
1889 1910 1909
1904 1906 1911
1906 1912 1911
1906 1908 1913
1906 1913 1912
1914 1913 1908
1915 1912 1913
1916 1912 1915
1909 1917 1908
1917 1918 1908
1919 1904 1911
1904 1919 1920
1921 1904 1920
1911 1912 1922
1912 1923 1922
1919 1922 1924
1922 1925 1911
1923 1926 1922
1923 1912 1927
1912 1928 1927
1929 1923 1927
1927 1930 1929
1923 1929 1931
1932 1931 1929
1933 1923 1931
1934 1927 1935
1929 1936 1937
1938 1931 1937
1923 1939 1940
1941 1923 1942
1943 1889 1944
1945 1946 1947
1909 1948 1945
1917 1909 1945
1945 1949 1917
1950 1909 1951
1952 1953 1917
1954 1917 1955
1956 1957 1958
1959 1956 1960
1961 1962 1956
1956 1963 1961
1964 1965 1956
1966 1956 1965
1965 1967 1966
1965 1968 1969
1970 1971 1965
1972 1973 1903
1974 1975 1976
1977 1920 1978
1979 1920 1980
1981 1982 1920
1983 1984 1985
1986 1987 1988
1989 1990 1986
1990 1991 1992
1993 1990 1992
1994 1986 1995
1994 1995 1996
1997 1998 1999
2000 2001 2002
2003 2004 2000
2005 2006 2003
2003 2007 2005
2008 2009 2010
2011 2012 2013
2014 2011 2015
2011 2016 2017
2018 2019 2016
2020 2011 2018
2011 2021 2018
2022 2018 2021
2023 2024 2011
2025 2011 2024
2024 2026 2025
2024 2027 2028
2029 2024 2030
2031 2032 2030
2033 2030 2034
2035 2033 2034
2036 2034 2037
2038 2039 2037
2040 2041 2037
2040 2037 2042
2043 2040 2042
2042 2044 2043
2044 2042 2045
2046 2047 2048
2047 2049 2050
2050 2018 2047
2018 2051 2047
2052 2047 2053
2047 2054 2053
2054 2055 2053
2056 2057 2053
2058 2059 2060
2061 2058 2062
2063 2062 2058
2058 2064 2063
2064 2058 2065
2066 2065 2058
2065 2067 2064
2068 2064 2067
2067 2065 2069
2070 2069 2065
2070 2071 2069
2071 2070 2072
2064 2073 2063
2073 2064 2074
2064 2075 2074
2074 2076 2073
2063 2073 2077
2078 2077 2073
2063 2077 2079
2080 2063 2079
2062 2063 2080
2080 2079 2081
2081 2062 2080
2062 2081 2082
2083 2062 2082
2077 2084 2079
2079 2084 2085
2077 2086 2084
2079 2087 2081
2079 2085 2087
2088 2081 2087
2089 2087 2085
2085 2090 2089
2091 2082 2081
2092 2091 2081
2084 2093 2085
2094 2085 2093
2093 2086 2095
2096 2093 2084
2097 2094 2093
2085 2094 2098
2099 2085 2098
2082 2091 2100
2101 2082 2100
2100 2091 2102
2094 2103 2098
2104 2098 2103
2103 2094 2105
2106 2103 2105
2094 2107 2105
2082 2108 2109
2100 2110 2111
2098 2112 2113
2103 2114 2115
2116 2114 2105
2117 2094 2118
2094 2119 2120
2062 2121 2122
2123 2124 2125
2126 2123 2127
2128 2129 2123
2130 2123 2129
2131 2132 2123
2123 2133 2131
2131 2133 2134
2135 2131 2136
2137 2131 2138
2139 2091 2140
2091 2141 2142
2143 2076 2144
2145 2146 2147
2148 2149 2150
2151 2152 2150
2153 2150 2154
2077 2155 2150
2096 2077 2150
2096 2156 2157
2158 2159 2160
2161 2162 2163
2162 2164 2165
2164 2166 2165
2167 2168 2169
2170 2171 2172
2173 2170 2174
2175 2173 2176
2173 2175 2177
2178 2179 2180
2181 2182 2183
2184 2185 2186
2186 2187 2188
2189 2186 2190
2186 2191 2192
2193 2186 2194
2186 2195 2194
2196 2197 2194
2194 2198 2196
2199 2196 2200
2196 2199 2201
2202 2201 2199
2201 2203 2196
2201 2202 2204
2204 2205 2201
2201 2205 2206
2207 2202 2199
2202 2207 2208
2207 2199 2209
2210 2204 2202
2202 2211 2210
2205 2204 2212
2212 2213 2205
2204 2214 2212
2214 2215 2212
2215 2216 2212
2204 2210 2217
2218 2217 2210
2217 2219 2204
2220 2218 2210
2217 2218 2221
2221 2222 2217
2217 2222 2223
2218 2224 2221
2221 2224 2222
2224 2225 2222
2224 2218 2226
2218 2227 2226
2226 2228 2224
2228 2226 2229
2224 2228 2230
2231 2229 2226
2229 2232 2228
2233 2228 2232
2232 2234 2233
2228 2233 2235
2228 2235 2236
2235 2233 2237
2238 2236 2235
2239 2238 2235
2232 2229 2240
2240 2241 2232
2232 2241 2242
2241 2240 2243
2229 2244 2240
2244 2245 2240
2245 2246 2240
2247 2229 2248
2249 2229 2250
2251 2252 2229
2251 2226 2253
2241 2254 2255
2256 2257 2245
2245 2258 2259
2245 2260 2261
2262 2245 2263
2263 2245 2264
2265 2263 2264
2266 2265 2267
2241 2268 2269
2268 2241 2270
2268 2271 2272
2241 2273 2274
2241 2274 2275
2276 2277 2274
2274 2278 2279
2280 2281 2268
2282 2280 2268
2283 2280 2284
2285 2280 2286
2280 2287 2288
2280 2289 2290
2291 2215 2292
2293 2215 2294
2215 2295 2296
2296 2297 2215
2298 2299 2300
2301 2302 2300
2206 2300 2303
2205 2304 2300
2300 2305 2205
2194 2306 2307
2196 2308 2309
2196 2310 2311
2196 2312 2310
2313 2310 2314
2310 2315 2316
2317 2318 2319
2320 2319 2321
2322 2319 2323
2319 2324 2325
2222 2319 2326
2222 2327 2319
2328 2329 2330
2331 2328 2332
2333 2328 2334
2328 2335 2334
2336 2334 2335
2337 2333 2334
2334 2338 2337
2338 2218 2337
2218 2339 2337
2340 2337 2339
2341 2342 2343
2344 2341 2345
2346 2345 2341
2345 2346 2347
2348 2347 2346
2346 2349 2348
2341 2350 2346
2351 2346 2350
2350 2352 2351
2350 2341 2353
2353 2354 2350
2355 2350 2354
2341 2356 2353
2356 2341 2357
2353 2358 2354
2353 2359 2358
2359 2353 2356
2356 2360 2359
2358 2361 2354
2361 2358 2359
2362 2354 2361
2359 2363 2361
2364 2354 2365
2359 2366 2367
2356 2368 2369
2370 2356 2371
2361 2372 2373
2374 2361 2375
2347 2376 2377
2378 2379 2380
2381 2378 2382
2382 2383 2381
2384 2382 2378
2382 2384 2385
2384 2386 2385
2386 2387 2385
2385 2388 2382
2388 2385 2387
2389 2382 2388
2387 2390 2388
2388 2390 2391
2391 2390 2392
2390 2387 2393
2394 2393 2387
2393 2395 2390
2395 2393 2396
2397 2390 2395
2397 2395 2398
2399 2384 2400
2388 2401 2402
2387 2403 2404
2405 2406 2393
2407 2395 2408
2395 2409 2410
2395 2410 2411
2412 2413 2414
2415 2416 2413
2417 2418 2413
2419 2413 2418
2420 2421 2422
2423 2424 2421
2425 2426 2427
2428 2429 2430
2431 2432 2433
2434 2435 2436
2437 2438 2436
2439 2440 2441
2442 2443 2444
2445 2442 2446
2447 2442 2448
2449 2442 2447
2442 2450 2451
2452 2442 2451
2452 2451 2453
2238 2454 2455
2456 2457 2238
2458 2238 2459
2459 2238 2460
2461 2462 2463
2464 2462 2465
2462 2466 2467
2233 2462 2468
2469 2462 2233
2470 2471 2472
2471 2473 2474
2474 2475 2471
2475 2474 2476
2477 2471 2475
2471 2477 2478
2478 2479 2471
2477 2480 2478
2481 2478 2480
2482 2477 2483
2478 2484 2485
2486 2478 2485
2485 2487 2486
2488 2485 2489
2485 2490 2491
2485 2491 2492
2491 2493 2494
2495 2491 2496
2497 2491 2498
2499 2500 2501
2502 2501 2503
2504 2505 2506
2507 2508 2509
2510 2511 2512
2513 2514 2515
2516 2517 2518
2519 2518 2520
2521 2522 2523
2523 2524 2525
2526 2523 2527
2528 2529 2523
2530 2523 2531
2523 2532 2531
2532 2533 2531
2534 2535 2202
2202 2536 2537
2210 2538 2539
2199 2540 2541
2542 2199 2543
2542 2544 2199
2545 2546 2547
2548 2549 2546
2546 2550 2551
2552 2546 2553
2553 2546 2554
2555 2553 2556
2557 2553 2558
2559 2558 2553
2553 2560 2559
2558 2559 2561
2562 2561 2559
2561 2563 2558
2564 2558 2563
2559 2565 2566
2567 2558 2568
2569 2561 2570
2570 2561 2571
2572 2573 2574
2575 2576 2577
2578 2579 2580
2581 2582 2583
2584 2583 2585
2586 2583 2587
2588 2587 2583
2583 2589 2588
2588 2589 2590
2591 2588 2590
2587 2588 2591
2592 2587 2591
2593 2591 2594
2595 2596 2587
2597 2587 2598
2587 2599 2600
2601 2600 2602
2603 2604 2605
2606 2607 2608
2609 2610 2611
2609 2612 2613
2609 2614 2615
2616 2617 2609
2618 2609 2619
2619 2609 2620
2621 2619 2622
2623 2619 2624
2624 2619 2625
2626 2627 2628
2629 2630 2631
2632 2633 2634
2635 2634 2636
2637 2635 2636
2635 2638 2639
2639 2638 2640
2641 2639 2642
2643 2639 2644
2645 2639 2643
2646 2643 2647
2648 2643 2649
2650 2643 2651
2652 2653 2654
2655 2656 2657
2658 2659 2655
2655 2660 2661
2662 2655 2663
2664 2655 2665
2665 2655 2666
2667 2668 2669
2670 2671 2672
2673 2674 2675
2676 2673 2677
2678 2673 2679
2673 2680 2679
2681 2680 2673
2673 2682 2681
2682 2683 2681
2680 2681 2684
2683 2684 2681
2679 2680 2685
2685 2680 2686
2679 2685 2687
2687 2688 2679
2687 2685 2689
2684 2683 2690
2684 2690 2691
2692 2684 2691
2680 2684 2692
2680 2692 2693
2694 2690 2683
2695 2694 2683
2690 2694 2696
2696 2697 2690
2690 2697 2698
2699 2685 2700
2683 2701 2702
2694 2703 2704
2705 2696 2706
2680 2707 2708
2680 2709 2710
2711 2712 2713
2714 2715 2712
2712 2716 2714
2712 2717 2716
2714 2716 2718
2714 2718 2719
2714 2719 2720
2721 2714 2720
2722 2721 2720
2712 2723 2724
2725 2716 2726
2716 2727 2728
2729 2716 2730
2731 2714 2732
2714 2733 2732
2712 2734 2735
2736 2712 2735
2735 2737 2738
2739 2735 2740
2687 2741 2742
2743 2687 2744
2744 2687 2745
2746 2747 2748
2749 2750 2751
2752 2753 2754
2755 2756 2757
2756 2758 2759
2756 2760 2761
2756 2761 2762
2762 2763 2756
2764 2756 2763
2765 2764 2763
2763 2762 2766
2766 2765 2763
2761 2767 2762
2767 2768 2762
2761 2769 2767
2770 2769 2761
2769 2771 2767
2765 2766 2772
2766 2773 2772
2774 2773 2766
2762 2774 2766
2762 2775 2774
2772 2776 2765
2776 2777 2765
2776 2772 2778
2779 2778 2772
2772 2780 2779
2781 2782 2767
2783 2765 2784
2785 2776 2786
2778 2787 2788
2762 2789 2790
2762 2791 2792
2793 2794 2795
2796 2797 2793
2793 2797 2798
2793 2798 2799
2797 2800 2798
2797 2801 2800
2797 2802 2801
2797 2803 2802
2803 2804 2802
2805 2793 2806
2807 2808 2798
2798 2809 2810
2811 2812 2798
2797 2813 2814
2815 2797 2814
2804 2816 2817
2817 2818 2804
2769 2819 2820
2769 2821 2822
2822 2823 2769
2824 2825 2826
2827 2828 2824
2829 2793 2824
2793 2830 2824
2831 2832 2833
2834 2835 2836
2837 2838 2839
2840 2841 2842
100 2842 2841
2842 100 2843
100 2844 2843
2841 2845 100
2846 100 2845
2847 2841 2848
30 2848 2841
2841 2849 30
2850 30 2849
2851 2852 2853
2854 2853 2852
2855 2856 2857
2858 2857 2856
2859 2860 2861
2861 2862 2859
2863 492 2864
2865 492 2863
2866 2867 2868
2869 2868 2867
514 2870 2871
2872 514 2871
2873 2874 2875
2875 2876 2873
2877 2878 2879
2878 2877 2880
2881 2882 776
776 2883 2881
2884 2885 2886
2885 2887 2886
2888 798 2889
798 2890 2889
2891 2892 2893
2893 2892 2894
2895 2896 2897
2898 2897 2896
2899 2900 2901
2902 2900 2903
2902 2903 2904
2901 2905 2906
2905 2902 2907
2906 2905 2907
2908 2909 2910
2908 2911 2909
2912 2913 2914
2913 2915 2914
2916 2917 2918
2917 2919 2918
2920 2919 2921
2919 2922 2921
2923 2924 1472
2925 1472 2924
2926 2927 2928
2927 2929 2928
2930 2931 2932
2931 2933 2932
2934 2935 2936
2936 2935 2937
2938 2939 2940
2941 2938 2940
2942 2943 2944
2945 2942 2944
2946 2947 2948
2948 2949 2946
2950 2951 2952
2953 2952 2951
2954 2955 2956
2956 2955 2957
2958 1892 2959
2960 1892 2958
2961 2962 2963
2964 2963 2962
2965 2966 2967
2968 2967 2966
2969 2970 2971
2971 2972 2969
2973 2974 2975
2975 2976 2973
2977 2978 2065
2065 2979 2977
2980 2981 2982
2982 2983 2980
2984 2985 2986
2985 2987 2986
2988 2989 2990
2991 2990 2989
2992 2993 2994
2995 2993 2992
2996 2997 2998
2999 2996 2998
3000 3001 3002
3001 3000 3003
3003 3004 3001
3004 3003 3005
3006 3007 3008
3008 3009 3006
3010 3011 3012
3011 3013 3012
3014 2722 3015
3015 2722 3016
2692 3017 3018
2692 3019 3017
2774 3020 3021
2774 3021 3022
3023 3024 3025
3024 3023 3026
3026 3027 3024
3028 3024 3027
3024 3028 3029
3027 3026 3030
3030 3031 3027
3031 3030 3032
3033 3030 3026
3030 3033 3034
3035 3036 3037
3036 3035 3038
3039 3040 3041
3040 3039 3042
3043 3044 3045
3044 3043 3046
3047 3048 3049
3048 3047 3050
3051 3052 3053
3052 3051 3054
3055 3056 3057
3056 3055 3058
3059 3060 3061
3060 3059 3062
3063 3064 3065
3064 3063 3066
3067 3068 3069
3068 3067 3070
3071 3072 3073
3072 3071 3074
3075 3076 3077
3076 3075 3078
3079 3080 3081
3080 3079 3082
3083 3084 3085
3084 3083 3086
3083 3087 3086
3088 3086 3087
3086 3088 3089
3087 3083 3090
3091 3090 3083
3090 3091 3092
3093 3087 3090
3087 3093 3094
