byte offset: 0
first index: 0
index count: 5724
topology: trianglelist
format: DXGI_FORMAT_R16_UINT

0 1 2
0 2 3
4 0 3
4 5 0
6 5 4
6 7 5
8 7 6
8 9 7
10 9 8
10 11 9
12 11 10
12 13 11
14 15 16
14 16 17
18 17 16
18 19 17
20 19 18
20 21 19
22 21 20
22 23 21
24 23 22
24 25 23
26 25 24
26 27 25
28 27 26
28 29 27
30 29 28
30 31 29
32 31 30
32 33 31
34 33 32
34 35 33
36 35 34
36 37 35
38 37 36
38 39 37
40 39 38
40 38 41
42 43 44
42 44 45
42 45 46
42 46 47
47 46 48
47 48 49
49 48 50
49 50 51
51 50 52
51 52 53
53 52 54
53 54 55
56 57 58
56 58 59
59 58 60
59 60 61
61 60 62
61 62 63
63 62 64
63 64 65
65 64 66
65 66 67
67 66 68
67 68 69
69 68 70
69 70 71
71 70 72
71 72 73
73 72 74
73 74 75
75 74 76
75 76 77
78 77 76
78 76 79
80 81 82
80 83 81
84 83 80
84 85 83
86 85 84
87 85 86
87 88 85
89 88 87
89 90 88
91 90 89
90 91 92
90 92 93
94 95 96
94 96 97
97 96 98
97 98 99
99 98 100
100 98 101
100 101 102
102 101 103
102 103 104
104 103 105
106 105 103
106 103 107
108 109 110
108 111 109
112 111 108
112 108 113
114 112 113
114 113 115
116 114 115
116 115 117
118 116 117
118 117 119
120 118 119
120 119 121
122 123 124
122 125 123
126 123 125
126 125 127
128 126 127
128 127 129
130 128 129
130 129 131
132 130 131
132 131 133
134 132 133
134 133 135
136 134 135
136 135 137
138 136 137
138 137 139
140 138 139
140 139 141
142 140 141
142 141 143
144 142 143
144 143 145
146 144 145
146 145 147
148 146 147
148 149 146
150 151 152
150 153 151
150 154 153
150 155 154
155 156 154
155 157 156
157 158 156
157 159 158
159 160 158
159 161 160
161 162 160
161 163 162
164 165 166
164 167 165
167 168 165
167 169 168
169 170 168
169 171 170
171 172 170
171 173 172
173 174 172
173 175 174
175 176 174
175 177 176
177 178 176
177 179 178
179 180 178
179 181 180
181 182 180
181 183 182
183 184 182
183 185 184
186 184 185
186 187 184
188 189 190
188 190 191
192 188 191
192 191 193
194 192 193
195 194 193
195 193 196
197 195 196
197 196 198
199 197 198
198 200 199
198 201 200
202 203 204
202 205 203
205 206 203
205 207 206
207 208 206
208 209 206
208 210 209
210 211 209
210 212 211
212 213 211
214 211 213
214 215 211
216 217 218
216 218 219
219 218 220
219 220 221
222 221 220
222 220 223
222 223 224
222 224 225
226 227 228
226 229 227
230 229 226
230 231 229
230 232 231
230 233 232
234 232 233
234 235 232
236 237 238
236 238 239
240 239 238
240 238 241
242 240 241
242 241 243
243 244 242
243 245 244
246 247 248
246 249 247
250 249 246
250 251 249
251 250 252
251 252 253
252 254 253
252 255 254
256 254 255
256 257 254
258 257 256
258 259 257
260 261 262
260 263 261
263 264 261
263 265 264
265 266 264
265 267 266
267 268 266
267 269 268
269 270 268
269 271 270
271 272 270
271 273 272
273 274 272
273 275 274
275 276 274
275 277 276
278 276 277
278 277 279
279 280 278
279 281 280
282 283 284
282 284 285
285 284 286
285 286 287
287 286 288
287 288 289
289 288 290
289 290 291
291 290 292
291 292 293
292 294 293
292 295 294
294 295 296
294 296 297
297 296 298
297 298 299
300 301 302
300 303 301
304 303 300
304 305 303
306 305 304
306 304 307
308 306 307
308 309 306
310 311 312
310 312 313
313 314 310
313 312 315
313 316 314
316 317 314
313 315 318
318 316 313
318 315 319
316 320 317
320 321 317
318 322 316
322 320 316
320 323 321
323 324 321
323 325 324
326 323 320
322 326 320
327 325 323
326 327 323
327 328 325
329 328 327
329 327 326
329 330 328
331 330 329
331 329 332
329 326 333
332 329 333
333 326 322
332 333 334
333 322 335
334 333 335
335 322 318
334 335 336
335 318 337
336 335 337
318 319 337
336 337 338
319 338 337
319 339 338
340 341 342
340 343 341
344 343 340
344 345 343
346 345 344
346 347 345
348 347 346
348 346 349
348 349 350
348 350 351
350 352 351
350 353 352
353 354 352
353 355 354
355 356 354
355 357 356
358 359 360
358 360 361
362 358 361
362 361 363
364 362 363
364 363 365
366 364 365
366 367 364
366 368 367
366 369 368
368 369 370
368 370 371
371 370 372
371 372 373
373 372 374
373 374 375
376 377 378
376 379 377
378 380 376
376 381 379
376 380 382
376 383 381
376 382 384
376 385 383
376 384 386
376 386 385
387 388 389
387 389 390
391 388 387
390 392 387
390 393 392
391 387 394
394 387 392
393 395 392
393 396 395
391 394 397
391 397 398
397 399 398
397 400 399
400 397 401
394 401 397
400 401 402
394 392 403
394 403 401
403 392 395
402 401 404
403 404 401
402 404 405
396 406 395
396 407 406
406 407 408
403 395 409
403 409 404
409 395 406
405 404 410
409 410 404
405 410 411
410 412 411
409 406 413
409 413 410
406 408 414
413 406 414
410 415 412
413 415 410
414 408 416
408 417 416
417 418 416
415 419 412
412 419 420
420 419 421
413 414 422
413 422 415
414 416 423
423 416 418
415 424 419
424 421 419
425 422 414
414 423 425
426 415 422
415 426 424
425 427 422
426 422 427
423 418 428
429 425 423
423 428 429
430 428 418
430 429 428
429 430 431
432 431 430
430 418 433
429 434 425
427 425 434
429 431 434
435 430 433
432 430 435
435 433 436
427 434 437
431 437 434
427 437 438
431 438 437
427 438 426
439 426 438
439 438 431
439 424 426
436 440 435
436 441 440
439 431 442
432 442 431
424 439 443
442 443 439
424 443 421
442 421 443
442 444 421
445 444 442
432 445 442
445 446 444
446 445 447
446 447 448
449 432 435
449 435 440
441 450 440
441 451 450
452 445 432
452 447 445
448 447 453
448 453 454
440 455 449
440 450 455
456 450 451
456 451 457
458 432 449
458 452 432
447 452 459
447 459 453
460 454 453
460 461 454
462 455 450
462 450 456
463 462 456
464 456 457
463 456 464
464 457 465
466 464 465
464 466 463
466 465 467
468 466 467
468 469 466
469 463 466
468 470 469
468 471 470
472 470 471
469 473 463
470 473 469
474 455 462
475 462 463
475 474 462
476 475 463
476 463 473
474 477 455
449 455 477
478 474 475
476 478 475
478 479 474
479 477 474
476 480 478
479 481 477
476 482 480
449 477 483
483 477 481
458 449 483
483 481 484
473 485 476
476 485 482
458 483 486
486 483 484
458 486 487
486 484 487
458 487 452
487 484 488
452 487 489
487 488 489
490 489 488
452 489 459
490 491 489
491 459 489
492 491 490
491 493 459
493 453 459
493 460 453
494 460 493
495 493 491
492 495 491
495 494 493
496 495 492
496 494 495
496 492 497
496 497 498
494 499 460
499 461 460
499 500 461
501 500 499
499 494 501
501 502 500
503 502 501
504 501 494
503 501 504
503 504 505
503 505 506
507 506 505
504 494 508
496 508 494
505 504 508
496 498 509
508 496 509
505 508 510
508 509 510
511 509 498
511 498 512
513 511 512
514 510 509
505 510 514
514 509 511
513 515 511
515 514 511
516 515 513
507 505 517
505 514 517
515 518 514
518 517 514
519 507 517
518 519 517
519 520 507
516 521 515
521 518 515
522 519 518
521 522 518
523 520 519
522 523 519
523 524 520
525 524 523
525 523 526
526 523 522
527 525 526
527 526 528
526 529 528
526 522 530
526 530 529
530 522 521
530 531 529
532 521 516
530 521 532
530 532 531
532 516 533
532 534 531
532 533 534
473 535 485
470 535 473
536 485 535
470 536 535
536 537 485
537 482 485
537 538 482
539 538 537
539 537 540
540 537 536
541 539 540
470 542 536
472 542 470
540 536 543
543 536 542
544 542 472
543 542 544
544 472 545
541 540 546
546 540 543
547 543 544
546 543 547
548 544 545
547 544 548
548 545 549
550 548 549
550 551 548
551 547 548
552 551 550
552 553 551
551 553 554
551 555 547
551 554 555
555 546 547
555 554 556
557 541 546
555 557 546
555 556 557
557 558 541
557 556 559
557 559 558
560 561 562
560 562 563
560 564 561
564 560 565
564 566 561
560 563 567
567 565 560
567 563 568
564 569 566
565 569 564
569 570 566
567 568 571
565 567 571
571 568 572
569 573 570
565 573 569
573 574 570
571 572 575
565 571 575
575 572 574
565 576 573
565 575 576
573 576 574
575 574 576
577 578 579
577 580 578
581 577 579
580 577 582
580 582 583
581 584 577
584 582 577
583 582 585
583 585 586
581 587 584
581 588 587
587 588 589
587 589 590
590 591 587
584 587 591
590 592 591
584 593 582
584 591 593
593 585 582
592 594 591
593 591 594
592 595 594
586 585 596
586 596 597
596 598 597
593 599 585
593 594 599
599 596 585
595 600 594
599 594 600
595 601 600
600 601 602
599 603 596
599 600 603
596 604 598
603 604 596
600 602 605
603 600 605
604 606 598
598 606 607
607 606 608
605 602 609
602 610 609
610 611 609
603 612 604
603 605 612
604 613 606
613 608 606
605 609 614
614 609 611
615 604 612
604 615 613
616 612 605
605 614 616
615 612 617
616 617 612
613 618 608
619 613 615
613 619 618
620 608 618
620 618 619
619 621 620
622 620 621
620 623 608
619 615 624
617 624 615
619 624 621
625 623 620
622 625 620
625 626 623
617 627 624
621 624 627
617 628 627
621 627 628
617 616 628
629 628 616
629 621 628
629 616 614
626 625 630
626 630 631
629 632 621
622 621 632
614 633 629
632 629 633
614 611 633
632 633 611
632 611 634
635 632 634
622 632 635
635 634 636
636 637 635
636 638 637
639 630 625
639 625 622
631 630 640
631 640 641
642 622 635
642 635 637
638 643 637
638 644 643
630 639 645
630 645 640
646 641 640
646 647 641
648 639 622
648 622 642
637 643 649
637 649 642
650 643 644
650 644 651
652 640 645
652 646 640
653 646 652
654 649 643
654 643 650
655 654 650
656 650 651
655 650 656
656 651 657
658 656 657
656 658 655
658 657 659
660 658 659
660 661 658
661 655 658
660 662 661
660 663 662
664 662 663
661 665 655
662 665 661
666 649 654
667 654 655
667 666 654
668 667 655
668 655 665
666 669 649
642 649 669
670 666 667
668 670 667
670 671 666
671 669 666
668 672 670
671 673 669
668 674 672
642 669 675
675 669 673
648 642 675
675 673 676
665 677 668
668 677 674
648 675 678
678 675 676
648 678 679
678 676 679
648 679 639
679 676 680
639 679 681
679 680 681
639 681 645
682 681 680
683 645 681
682 683 681
683 652 645
684 683 682
685 652 683
684 685 683
685 653 652
686 685 684
686 653 685
686 684 687
686 687 688
686 688 689
686 690 653
690 686 689
691 689 688
691 688 692
693 691 692
693 694 691
695 694 693
696 689 691
694 696 691
690 689 697
696 697 689
698 690 697
698 697 696
699 653 690
698 699 690
695 700 694
694 701 696
700 701 694
698 696 702
701 702 696
703 700 695
703 695 704
703 704 705
703 705 706
707 703 706
707 700 703
707 706 708
700 709 701
707 709 700
710 707 708
710 709 707
710 708 711
712 710 711
712 713 710
713 714 710
710 714 709
713 715 714
714 715 716
709 717 701
709 714 717
714 716 717
701 717 702
717 716 718
717 718 702
718 698 702
718 719 698
720 698 719
720 699 698
720 721 699
720 722 721
699 721 653
721 722 723
724 653 721
721 723 724
653 724 646
724 723 647
724 647 646
725 726 727
725 728 726
725 727 729
729 730 725
729 727 731
725 732 728
732 725 730
732 733 728
729 731 734
730 729 734
734 731 735
732 736 733
730 736 732
736 737 733
734 735 738
730 734 738
738 735 739
736 740 737
730 740 736
740 739 737
730 738 741
730 741 740
738 739 741
740 741 739
665 742 677
662 742 665
743 677 742
662 743 742
743 744 677
744 674 677
744 745 674
746 745 744
746 744 747
747 744 743
748 746 747
662 749 743
664 749 662
747 743 750
750 743 749
751 749 664
750 749 751
751 664 752
748 747 753
753 747 750
754 750 751
753 750 754
755 751 752
754 751 755
755 752 756
757 755 756
757 758 755
758 754 755
759 758 757
759 760 758
758 760 761
758 762 754
758 761 762
762 753 754
762 761 763
764 748 753
762 764 753
762 763 764
764 765 748
764 763 766
764 766 765
767 768 769
770 769 768
767 769 771
770 772 769
769 772 771
773 767 771
772 774 771
773 771 774
775 767 773
776 775 773
775 777 767
777 775 778
777 778 779
774 780 773
776 773 780
781 778 775
776 781 775
782 781 776
781 783 778
781 782 783
784 778 783
784 783 782
772 785 774
774 786 780
785 786 774
785 772 787
770 787 772
770 788 787
770 789 788
789 790 788
790 787 788
791 790 789
787 792 785
790 792 787
791 793 790
794 793 791
795 792 790
795 790 793
796 792 795
796 797 792
792 797 785
798 785 797
796 798 797
798 786 785
799 786 798
796 799 798
799 780 786
800 780 799
796 800 799
800 776 780
794 801 793
793 802 795
793 801 802
794 803 801
803 802 801
803 794 804
805 795 802
805 796 795
806 802 803
806 805 802
803 804 807
806 803 807
804 808 807
804 809 808
806 807 810
810 807 808
811 808 809
812 811 809
810 808 813
813 808 811
806 810 814
813 814 810
805 806 815
806 814 815
805 816 796
805 815 816
813 817 814
817 815 814
813 811 818
818 817 813
812 819 811
818 811 819
816 820 796
796 820 800
821 816 815
817 821 815
822 817 818
818 819 822
812 823 819
812 824 823
800 820 825
825 776 800
826 821 817
822 826 817
827 822 819
827 819 823
823 824 828
829 828 824
822 827 830
822 830 826
831 827 823
831 823 828
827 831 830
825 832 776
832 782 776
833 832 825
832 833 782
829 834 828
835 831 828
835 828 834
836 834 829
836 829 837
831 835 838
831 838 830
839 835 834
839 838 835
839 834 836
830 838 840
839 840 838
830 840 841
826 830 841
826 841 842
826 842 821
842 843 821
821 843 816
816 843 844
820 816 844
839 836 845
846 840 839
839 845 846
841 840 847
846 847 840
846 848 847
846 849 848
846 845 849
842 841 850
841 847 850
842 851 843
842 850 851
836 852 845
837 852 836
853 845 852
837 853 852
853 849 845
837 854 853
854 855 853
849 853 855
854 856 855
851 857 843
843 857 844
849 855 858
848 849 858
856 859 855
860 859 856
855 859 861
855 861 858
860 861 859
861 862 858
860 863 861
862 861 863
848 858 864
862 864 858
860 865 863
860 866 865
867 865 866
865 868 863
867 868 865
863 868 869
863 869 862
870 864 862
848 864 870
871 868 867
871 869 868
870 862 872
862 869 872
873 870 872
848 870 873
869 874 872
873 872 874
869 871 874
875 874 871
876 871 867
875 871 876
876 867 877
877 878 876
877 879 878
880 873 874
848 873 880
880 874 875
848 880 881
848 881 847
882 876 878
875 876 882
875 882 883
884 880 875
880 884 881
885 847 881
847 885 850
882 878 886
882 886 883
887 886 878
887 883 886
888 875 883
884 875 888
850 885 889
851 850 889
888 883 890
890 884 888
851 889 891
851 891 857
885 892 889
893 891 889
893 889 892
885 894 892
894 885 881
884 895 881
895 894 881
893 892 896
892 897 896
897 892 894
897 894 895
898 896 897
884 899 895
899 897 895
899 898 897
890 899 884
898 899 890
900 898 890
883 900 890
900 883 901
887 901 883
898 900 902
900 901 902
898 902 903
898 903 896
904 902 901
904 901 887
902 904 903
905 904 887
903 904 905
905 887 906
903 905 907
907 905 906
903 908 896
907 908 903
906 887 909
909 887 878
878 910 909
910 878 879
910 879 911
879 912 911
912 913 911
910 911 913
912 914 913
915 909 910
915 910 913
906 909 916
915 916 909
906 916 917
916 915 917
907 906 918
906 917 918
915 913 919
915 919 917
914 920 913
913 920 919
917 919 921
917 921 918
921 919 920
918 922 907
918 921 922
907 922 908
922 923 908
896 908 923
921 924 922
922 924 923
914 925 920
926 920 925
914 927 925
928 921 920
921 928 924
926 928 920
924 928 926
927 929 925
929 926 925
930 923 924
924 926 930
930 931 923
932 930 926
930 932 931
896 923 933
933 923 931
927 934 929
929 934 935
936 934 927
929 937 926
932 926 937
929 935 937
932 937 935
936 938 934
935 934 938
939 931 932
932 935 939
940 938 936
941 940 936
941 942 940
942 941 779
943 942 779
940 942 943
943 779 778
778 944 943
944 778 784
945 940 943
945 943 944
946 938 940
945 946 940
947 939 935
935 938 948
947 935 948
948 938 949
938 946 949
949 947 948
950 946 945
950 949 946
945 944 951
951 950 945
952 951 944
952 950 951
952 944 784
939 947 953
939 953 931
949 954 947
954 953 947
950 955 949
952 955 950
955 954 949
956 955 952
955 956 954
957 952 784
956 952 957
956 958 954
954 958 953
959 953 958
959 960 953
960 931 953
961 959 958
956 961 958
961 956 957
957 784 962
961 957 962
962 784 963
784 782 963
964 961 962
962 963 964
965 963 782
965 964 963
782 833 965
966 961 964
966 964 965
965 833 966
966 959 961
833 967 966
833 825 967
967 968 966
966 968 959
825 969 967
967 969 968
825 820 969
969 820 970
968 969 970
970 820 844
968 970 971
844 971 970
971 959 968
844 857 971
972 971 857
972 959 971
972 857 891
972 891 973
893 973 891
973 974 972
973 893 974
972 975 959
974 975 972
893 976 974
893 896 976
975 977 959
977 960 959
975 974 978
976 978 974
977 975 979
960 977 979
975 978 979
980 960 979
978 980 979
960 980 931
933 931 980
978 981 980
976 981 978
981 933 980
976 896 982
982 981 976
933 981 982
896 933 982
983 984 985
986 984 983
985 984 987
988 984 986
987 984 989
990 984 988
989 984 991
992 984 990
991 984 993
984 992 993
994 995 996
997 996 995
994 998 995
997 995 999
995 998 999
1000 998 994
999 998 1001
1000 1001 998
1002 1000 994
1003 1000 1002
1002 994 1004
1004 1005 1002
1004 1006 1005
1001 1000 1007
1003 1007 1000
1008 1002 1005
1003 1002 1008
1009 1003 1008
1008 1005 1010
1008 1010 1009
1011 1010 1005
1011 1009 1010
999 1001 1012
1001 1007 1013
1012 1001 1013
1012 1014 999
997 999 1014
997 1014 1015
997 1015 1016
1016 1015 1017
1017 1015 1014
1018 1016 1017
1014 1012 1019
1017 1014 1019
1018 1017 1020
1021 1018 1020
1022 1017 1019
1022 1020 1017
1023 1022 1019
1023 1019 1024
1019 1012 1024
1025 1024 1012
1025 1012 1013
1023 1024 1025
1026 1025 1013
1023 1025 1026
1026 1013 1007
1027 1026 1007
1023 1026 1027
1027 1007 1003
1021 1020 1028
1020 1022 1029
1020 1029 1028
1021 1028 1030
1030 1028 1029
1030 1031 1021
1032 1029 1022
1032 1022 1023
1033 1030 1029
1033 1029 1032
1030 1034 1031
1033 1034 1030
1031 1034 1035
1031 1035 1036
1033 1037 1034
1037 1035 1034
1038 1036 1035
1039 1036 1038
1037 1040 1035
1040 1038 1035
1033 1041 1037
1040 1037 1041
1032 1042 1033
1033 1042 1041
1032 1023 1043
1032 1043 1042
1040 1041 1044
1044 1041 1042
1040 1045 1038
1045 1040 1044
1039 1038 1046
1045 1046 1038
1043 1023 1047
1023 1027 1047
1048 1042 1043
1044 1042 1048
1049 1045 1044
1045 1049 1046
1039 1046 1050
1039 1050 1051
1027 1052 1047
1052 1027 1003
1053 1044 1048
1049 1044 1053
1054 1046 1049
1054 1050 1046
1050 1055 1051
1056 1051 1055
1049 1057 1054
1049 1053 1057
1058 1050 1054
1058 1055 1050
1054 1057 1058
1052 1003 1059
1059 1003 1009
1060 1052 1059
1059 1009 1060
1056 1055 1061
1062 1055 1058
1062 1061 1055
1063 1056 1061
1063 1064 1056
1058 1065 1062
1058 1057 1065
1066 1061 1062
1066 1062 1065
1066 1063 1061
1057 1067 1065
1066 1065 1067
1057 1068 1067
1053 1068 1057
1053 1069 1068
1053 1048 1069
1069 1048 1070
1048 1043 1070
1043 1071 1070
1047 1071 1043
1066 1072 1063
1073 1066 1067
1066 1073 1072
1068 1074 1067
1073 1067 1074
1073 1074 1075
1073 1075 1076
1073 1076 1072
1069 1077 1068
1068 1077 1074
1069 1070 1078
1069 1078 1077
1063 1072 1079
1064 1063 1079
1080 1079 1072
1064 1079 1080
1080 1072 1076
1064 1080 1081
1081 1080 1082
1076 1082 1080
1081 1082 1083
1078 1070 1084
1070 1071 1084
1076 1085 1082
1075 1085 1076
1083 1082 1086
1087 1083 1086
1082 1088 1086
1082 1085 1088
1087 1086 1088
1088 1085 1089
1087 1088 1090
1089 1090 1088
1075 1091 1085
1089 1085 1091
1087 1090 1092
1087 1092 1093
1094 1093 1092
1092 1090 1095
1094 1092 1095
1090 1096 1095
1090 1089 1096
1097 1089 1091
1075 1097 1091
1098 1094 1095
1098 1095 1096
1097 1099 1089
1089 1099 1096
1100 1099 1097
1075 1100 1097
1096 1099 1101
1100 1101 1099
1096 1101 1098
1102 1098 1101
1103 1094 1098
1102 1103 1098
1103 1104 1094
1104 1103 1105
1104 1105 1106
1107 1101 1100
1075 1107 1100
1107 1102 1101
1075 1108 1107
1075 1074 1108
1109 1105 1103
1102 1109 1103
1102 1110 1109
1111 1102 1107
1107 1108 1111
1112 1108 1074
1074 1077 1112
1109 1113 1105
1109 1110 1113
1114 1105 1113
1114 1113 1110
1115 1110 1102
1111 1115 1102
1077 1116 1112
1078 1116 1077
1115 1117 1110
1117 1115 1111
1078 1118 1116
1078 1084 1118
1112 1116 1119
1120 1116 1118
1120 1119 1116
1112 1119 1121
1121 1108 1112
1111 1108 1122
1122 1108 1121
1120 1123 1119
1119 1123 1124
1124 1121 1119
1124 1122 1121
1125 1124 1123
1111 1122 1126
1126 1122 1124
1126 1124 1125
1117 1111 1126
1125 1117 1126
1127 1117 1125
1110 1117 1127
1127 1128 1110
1114 1110 1128
1125 1129 1127
1127 1129 1128
1125 1130 1129
1125 1123 1130
1131 1128 1129
1131 1114 1128
1129 1130 1131
1132 1114 1131
1130 1132 1131
1132 1133 1114
1130 1134 1132
1134 1133 1132
1130 1123 1135
1134 1130 1135
1133 1136 1114
1136 1105 1114
1105 1136 1137
1137 1106 1105
1137 1138 1106
1106 1138 1139
1139 1138 1140
1137 1140 1138
1139 1140 1141
1142 1137 1136
1142 1140 1137
1133 1143 1136
1142 1136 1143
1133 1144 1143
1143 1144 1142
1134 1145 1133
1133 1145 1144
1134 1135 1146
1145 1134 1146
1142 1147 1140
1142 1144 1147
1144 1145 1148
1144 1148 1147
1145 1146 1148
1140 1147 1149
1141 1140 1149
1148 1149 1147
1146 1135 1150
1123 1150 1135
1148 1146 1151
1146 1150 1151
1141 1149 1152
1153 1152 1149
1141 1152 1154
1155 1149 1148
1148 1151 1155
1153 1149 1155
1151 1153 1155
1154 1152 1156
1156 1152 1153
1157 1151 1150
1151 1157 1153
1157 1150 1158
1159 1153 1157
1157 1158 1159
1123 1160 1150
1160 1158 1150
1154 1156 1161
1156 1162 1161
1163 1154 1161
1156 1153 1164
1159 1164 1153
1156 1164 1162
1159 1162 1164
1163 1161 1165
1162 1165 1161
1166 1159 1158
1159 1166 1162
1167 1163 1165
1168 1163 1167
1168 1167 1169
1169 1006 1168
1170 1006 1169
1167 1170 1169
1170 1005 1006
1005 1170 1171
1171 1011 1005
1172 1170 1167
1172 1171 1170
1173 1167 1165
1172 1167 1173
1174 1162 1166
1162 1175 1165
1174 1175 1162
1175 1176 1165
1165 1176 1173
1176 1175 1174
1177 1172 1173
1177 1173 1176
1172 1178 1171
1178 1172 1177
1179 1171 1178
1179 1178 1177
1179 1011 1171
1166 1180 1174
1166 1158 1180
1176 1174 1181
1181 1174 1180
1177 1176 1182
1179 1177 1182
1182 1176 1181
1183 1179 1182
1182 1181 1183
1184 1011 1179
1183 1184 1179
1183 1181 1185
1181 1180 1185
1186 1185 1180
1186 1180 1187
1187 1180 1158
1188 1185 1186
1183 1185 1188
1188 1184 1183
1184 1189 1011
1188 1189 1184
1189 1190 1011
1011 1190 1009
1191 1189 1188
1189 1191 1190
1192 1009 1190
1192 1190 1191
1009 1192 1060
1193 1191 1188
1193 1192 1191
1192 1193 1060
1193 1188 1186
1060 1193 1194
1060 1194 1052
1194 1193 1195
1193 1186 1195
1052 1194 1196
1194 1195 1196
1052 1196 1047
1196 1197 1047
1195 1197 1196
1197 1071 1047
1195 1198 1197
1071 1197 1198
1198 1195 1186
1071 1198 1084
1199 1084 1198
1199 1198 1186
1199 1118 1084
1199 1200 1118
1120 1118 1200
1200 1199 1201
1200 1201 1120
1199 1186 1202
1201 1199 1202
1120 1201 1203
1120 1203 1123
1202 1186 1204
1204 1186 1187
1202 1205 1201
1203 1201 1205
1204 1206 1202
1187 1206 1204
1202 1206 1205
1207 1206 1187
1205 1206 1207
1187 1158 1207
1160 1207 1158
1205 1207 1208
1203 1205 1208
1208 1207 1160
1203 1209 1123
1209 1203 1208
1160 1209 1208
1123 1209 1160
1210 1211 1212
1213 1210 1212
1211 1214 1212
1215 1213 1212
1214 1216 1212
1217 1215 1212
1216 1218 1212
1219 1217 1212
1218 1220 1212
1212 1220 1219
1221 1222 1223
1222 1221 1224
1225 1221 1223
1224 1221 1226
1227 1221 1225
1226 1221 1228
1229 1221 1227
1228 1221 1230
1231 1221 1229
1230 1221 1231
1232 1233 1234
1232 1235 1233
1234 1233 1236
1235 1237 1233
1236 1233 1238
1237 1239 1233
1238 1233 1240
1239 1240 1233
1241 1242 1243
1241 1244 1242
1243 1242 1245
1244 1246 1242
1245 1242 1247
1246 1248 1242
1247 1242 1249
1248 1249 1242
1250 1251 1252
1250 1253 1251
1252 1254 1250
1250 1254 1253
1255 1256 1257
1258 1256 1255
1256 1259 1257
1259 1256 1258
1260 1261 1262
1263 1261 1260
1261 1264 1262
1263 1265 1261
1265 1264 1261
1266 1265 1263
1263 1267 1266
1268 1266 1267
1265 1269 1264
1269 1265 1266
1269 1270 1264
1269 1271 1270
1271 1269 1272
1269 1273 1272
1269 1274 1273
1269 1275 1274
1269 1276 1275
1277 1276 1269
1269 1278 1277
1269 1279 1278
1269 1266 1280
1268 1280 1266
1281 1269 1280
1268 1281 1280
1282 1279 1269
1268 1283 1281
1284 1281 1283
1284 1285 1281
1281 1285 1269
1286 1285 1284
1269 1285 1286
1286 1284 1287
1286 1287 1288
1286 1288 1289
1269 1286 1289
1288 1290 1289
1290 1269 1289
1288 1291 1290
1292 1290 1291
1290 1293 1269
1292 1293 1290
1269 1293 1294
1292 1294 1293
1292 1295 1294
1269 1294 1282
1296 1294 1295
1294 1296 1282
1296 1297 1282
1296 1298 1297
1282 1297 1279
1298 1299 1297
1297 1299 1279
1300 1301 1302
1303 1300 1302
1302 1301 1304
1303 1302 1305
1305 1302 1304
1306 1303 1305
1303 1306 1307
1308 1307 1306
1305 1304 1309
1309 1306 1305
1309 1304 1310
1309 1310 1311
1311 1312 1309
1309 1312 1313
1309 1313 1314
1309 1314 1315
1309 1315 1316
1317 1309 1316
1309 1317 1318
1309 1318 1319
1309 1320 1306
1308 1306 1320
1321 1320 1309
1308 1320 1321
1322 1309 1319
1308 1321 1323
1324 1323 1321
1324 1321 1325
1321 1309 1325
1326 1324 1325
1309 1326 1325
1326 1327 1324
1326 1328 1327
1326 1329 1328
1309 1329 1326
1328 1329 1330
1330 1329 1309
1328 1330 1331
1332 1331 1330
1330 1309 1333
1332 1330 1333
1309 1334 1333
1332 1333 1334
1332 1334 1335
1309 1322 1334
1336 1335 1334
1334 1322 1336
1336 1322 1337
1336 1337 1338
1322 1319 1337
1338 1337 1339
1337 1319 1339
