byte offset: 0
first index: 0
index count: 9852
topology: trianglelist
format: DXGI_FORMAT_R16_UINT

0 1 2
0 2 3
4 0 3
2 5 3
2 6 5
4 3 7
5 7 3
7 8 4
5 9 7
7 10 8
9 10 7
9 11 10
12 8 10
13 10 11
12 10 14
13 14 10
15 12 14
16 14 13
15 14 16
16 13 17
18 16 17
18 19 16
20 15 16
20 16 19
19 21 20
22 20 21
22 23 20
22 24 23
22 25 24
24 25 26
24 26 27
27 26 28
29 28 26
27 28 30
29 31 28
30 28 32
31 32 28
30 32 33
31 34 32
35 36 37
35 38 36
39 38 35
36 38 40
36 40 41
39 42 38
40 38 42
42 39 43
40 42 44
42 43 45
44 42 45
44 45 46
47 45 43
48 46 45
47 49 45
48 45 49
50 49 47
51 48 49
50 51 49
51 52 48
53 52 51
53 51 54
55 51 50
55 54 51
54 55 56
57 56 55
57 55 58
57 58 59
57 59 60
59 61 60
59 62 61
62 63 61
64 61 63
62 65 63
64 63 66
65 67 63
66 63 67
65 68 67
66 67 69
70 71 72
70 72 73
74 70 73
73 72 75
74 73 76
76 77 74
73 75 78
76 73 78
78 75 79
76 80 77
80 81 77
80 82 81
78 79 83
83 79 84
76 78 85
80 76 85
85 78 83
86 82 80
80 85 86
86 87 82
83 84 88
88 84 89
85 83 90
90 86 85
90 83 88
87 86 91
90 91 86
87 91 92
88 89 93
93 89 94
90 88 95
91 90 95
95 88 93
96 92 91
91 95 96
96 97 92
98 96 95
95 93 98
97 96 99
98 99 96
97 99 100
99 101 100
99 102 101
98 102 99
101 102 103
93 94 104
104 94 105
106 98 93
98 106 102
106 93 104
105 107 104
105 108 107
107 108 109
110 106 104
102 106 110
110 104 107
103 102 111
102 110 111
112 103 111
112 111 110
112 113 103
114 113 112
107 109 115
115 109 116
115 116 117
118 110 107
112 110 118
118 107 115
114 112 119
119 120 114
119 121 120
122 112 118
122 119 112
122 121 119
122 118 115
122 123 121
115 117 124
122 115 124
123 122 124
124 117 125
123 124 126
124 125 126
127 128 129
127 129 130
131 130 129
127 130 132
127 132 133
131 134 130
134 131 135
133 132 136
133 136 137
138 132 130
138 130 134
134 135 139
135 140 139
134 139 141
134 141 138
142 138 141
141 143 142
132 138 144
132 144 136
142 144 138
145 137 136
145 146 137
146 145 147
146 147 148
149 148 147
136 144 150
136 150 145
150 144 142
141 139 151
139 140 151
140 152 151
140 153 152
152 153 154
141 151 155
152 155 151
141 155 143
145 156 147
145 150 156
152 154 157
158 157 154
152 159 155
143 155 159
158 160 157
160 158 161
162 152 157
162 159 152
160 162 157
143 159 163
163 159 162
160 161 164
164 161 165
164 165 166
167 166 165
168 160 164
168 164 166
160 169 162
168 169 160
163 162 170
169 170 162
163 171 143
170 172 163
171 163 172
170 173 172
171 172 174
175 173 170
169 175 170
175 176 173
177 175 169
177 176 175
177 169 168
177 178 176
177 179 178
177 180 179
168 180 177
180 181 179
168 182 180
168 166 182
180 183 181
182 183 180
184 181 183
185 182 166
182 185 183
186 183 185
184 183 187
186 187 183
187 188 184
187 189 188
186 189 187
186 190 189
191 190 186
185 166 192
192 186 185
167 192 166
191 186 193
192 193 186
193 192 167
194 191 193
193 167 195
194 193 195
196 197 198
196 198 199
199 200 196
199 198 149
199 201 200
201 202 200
199 149 203
201 199 203
201 203 204
149 147 203
147 204 203
201 205 202
204 205 201
205 206 202
205 207 206
207 208 206
147 209 204
147 156 209
210 209 156
204 211 205
207 205 211
207 212 208
213 208 212
204 209 214
214 209 210
210 156 215
215 156 150
207 211 216
216 212 207
213 212 217
218 213 217
204 219 211
204 214 219
211 219 220
220 219 214
211 220 216
216 221 212
217 212 221
218 217 222
223 218 222
223 222 224
220 214 225
225 214 210
226 216 220
225 226 220
226 221 216
225 227 226
225 210 228
227 229 226
226 229 221
227 230 229
217 221 231
231 222 217
231 221 229
232 224 222
231 232 222
232 233 224
234 229 230
231 229 234
232 231 234
234 230 235
234 235 236
233 232 237
232 234 237
234 236 237
233 237 238
236 238 237
236 239 238
240 241 242
240 242 243
244 243 242
245 240 243
244 246 243
247 246 244
245 243 248
246 248 243
247 249 246
246 249 248
250 249 247
250 248 249
250 247 251
252 245 248
250 252 248
252 250 251
252 253 245
252 251 254
253 252 254
253 254 255
256 257 258
256 259 257
259 256 260
261 257 259
261 262 257
262 261 263
262 263 264
265 264 263
265 266 264
267 265 263
267 263 268
268 263 261
268 269 267
268 261 270
268 270 269
260 269 270
259 270 261
259 260 271
260 270 271
259 271 270
272 273 274
272 274 275
276 275 274
277 272 275
276 278 275
279 278 276
277 275 280
278 280 275
279 281 278
278 281 280
279 282 281
282 280 281
279 283 282
277 280 284
282 284 280
284 282 283
277 284 285
284 283 286
285 284 286
285 286 287
288 289 290
288 291 289
291 292 289
293 291 288
291 294 292
294 295 292
293 296 291
294 291 296
294 297 295
294 296 297
293 298 296
298 297 296
293 299 298
295 297 300
298 300 297
295 300 301
301 300 298
301 298 302
302 298 299
302 299 303
304 305 306
304 307 305
308 307 304
309 305 307
309 310 305
308 311 307
311 309 307
312 311 308
312 313 311
311 313 309
312 314 313
314 309 313
312 315 314
310 309 316
314 316 309
316 314 315
310 316 317
316 315 318
317 316 318
317 318 319
320 321 322
320 323 321
324 323 320
323 325 321
324 326 323
326 324 327
323 328 325
326 328 323
328 329 325
326 327 330
330 327 331
330 331 332
328 333 329
333 334 329
326 335 328
330 335 326
335 333 328
336 330 332
330 336 335
336 332 337
333 338 334
338 339 334
335 340 333
340 335 336
340 338 333
337 341 336
340 336 341
337 342 341
338 343 339
343 344 339
340 345 338
341 345 340
345 343 338
346 341 342
341 346 345
346 342 347
348 345 346
345 348 343
347 349 346
348 346 349
347 350 349
349 350 351
349 351 352
348 349 352
351 353 352
343 354 344
354 355 344
343 348 356
348 352 356
343 356 354
355 354 357
355 357 358
357 359 358
360 354 356
352 360 356
360 357 354
353 361 352
352 361 360
362 361 353
362 360 361
362 353 363
362 363 364
357 365 359
365 366 359
365 367 366
357 360 368
362 368 360
357 368 365
362 364 369
369 364 370
369 370 371
362 372 368
362 369 372
372 369 371
365 368 372
372 371 373
365 374 367
365 372 374
374 372 373
374 375 367
374 373 376
374 376 375
377 378 379
377 380 378
381 378 380
377 382 380
377 383 382
381 380 384
384 385 381
383 386 382
383 387 386
388 380 382
388 384 380
384 389 385
385 389 390
384 391 389
384 388 391
392 391 388
391 392 393
382 394 388
382 386 394
392 388 394
395 386 387
395 387 396
396 397 395
396 398 397
399 397 398
386 400 394
386 395 400
400 392 394
391 401 389
389 401 390
390 401 402
390 402 403
402 404 403
391 405 401
402 401 405
391 393 405
395 397 406
395 406 400
402 407 404
408 404 407
402 405 409
393 409 405
408 407 410
410 411 408
412 407 402
412 402 409
410 407 412
393 413 409
413 412 409
410 414 411
414 415 411
414 416 415
417 415 416
410 418 414
418 416 414
410 412 419
410 419 418
413 420 412
419 412 420
413 393 421
420 413 422
421 422 413
420 422 423
421 424 422
425 420 423
419 420 425
425 423 426
419 425 427
427 425 426
419 427 418
427 426 428
427 428 429
427 429 430
418 427 430
430 429 431
418 430 432
418 432 416
430 431 433
432 430 433
434 433 431
435 416 432
432 433 435
436 435 433
434 437 433
436 433 437
437 434 438
435 439 416
439 435 436
417 416 439
437 438 440
436 437 440
440 438 441
442 417 439
439 436 442
442 443 417
444 443 442
444 442 445
445 442 436
446 444 445
436 440 447
445 436 447
440 441 448
447 440 448
448 441 449
446 445 450
450 451 446
452 445 447
447 448 452
452 450 445
448 449 453
453 452 448
454 453 449
450 455 451
455 450 452
454 451 455
454 456 453
453 456 452
455 452 456
454 455 456
457 458 459
457 460 458
460 457 461
460 399 458
460 461 462
462 461 463
460 464 399
462 464 460
462 465 464
399 464 397
397 464 465
462 463 466
465 462 466
466 463 467
466 467 468
468 467 469
397 465 470
397 470 406
471 406 470
465 466 472
468 472 466
468 469 473
474 473 469
465 475 470
475 471 470
471 476 406
476 400 406
468 477 472
477 468 473
474 478 473
479 478 474
465 472 480
465 480 475
472 481 480
481 475 480
472 477 481
477 473 482
478 482 473
479 483 478
484 483 479
481 485 475
471 475 485
486 481 477
485 481 486
486 477 482
485 486 487
471 485 488
487 486 489
486 482 489
487 489 490
478 491 482
491 489 482
491 478 483
492 490 489
491 492 489
492 493 490
492 494 493
495 471 488
496 495 488
491 483 497
497 492 491
492 498 494
497 498 492
471 495 499
471 499 476
499 500 476
496 501 495
499 495 501
501 496 502
497 483 503
484 503 483
504 503 484
494 498 505
494 505 506
507 506 505
508 498 497
497 503 508
508 505 498
504 509 503
508 503 509
510 509 504
507 505 511
511 512 507
513 505 508
508 509 513
513 511 505
510 514 509
514 513 509
514 510 515
514 516 513
514 515 516
512 516 515
516 511 513
511 517 512
512 517 516
516 517 511
518 519 520
518 520 521
522 518 521
520 523 521
520 524 523
525 523 524
522 521 526
523 526 521
527 522 526
527 528 522
527 529 528
523 530 526
530 527 526
525 531 523
531 530 523
527 532 529
533 529 532
533 532 534
530 535 527
535 532 527
534 532 536
535 536 532
534 536 537
535 530 538
531 538 530
525 539 531
525 540 539
541 539 540
542 537 536
542 543 537
544 543 542
536 535 545
535 538 545
536 545 542
546 538 531
546 545 538
546 531 539
541 547 539
548 547 541
549 542 545
546 549 545
544 542 550
549 550 542
544 550 551
549 551 550
544 551 552
553 546 539
553 539 547
554 549 546
549 554 551
554 546 553
548 555 547
553 547 555
556 555 548
556 548 557
558 556 557
553 555 559
559 554 553
556 559 555
552 551 560
552 560 561
560 562 561
551 554 563
551 563 560
559 563 554
560 564 562
563 564 560
559 565 563
563 565 564
566 562 564
566 567 562
568 567 566
569 566 564
569 564 565
568 566 570
570 566 569
571 568 570
559 572 565
556 572 559
573 565 572
573 569 565
556 573 572
570 569 574
573 574 569
556 575 573
558 575 556
576 573 575
573 576 574
558 577 575
576 575 577
558 578 577
578 579 577
576 577 579
578 580 579
581 579 580
574 576 582
576 579 582
583 570 574
574 582 583
581 584 579
582 579 584
583 585 570
571 570 585
571 585 586
583 586 585
571 586 587
586 588 587
582 589 583
583 589 586
586 590 588
590 586 589
591 588 590
582 592 589
582 584 592
581 593 584
581 594 593
595 593 594
591 590 596
597 591 596
597 596 598
590 589 599
599 589 592
599 596 590
584 600 592
599 592 600
584 593 600
601 598 596
599 601 596
600 601 599
601 602 598
601 603 602
600 604 601
593 604 600
601 604 603
593 605 604
603 604 605
595 605 593
603 605 606
606 605 595
606 595 607
608 609 610
608 610 611
612 611 610
612 613 611
611 613 614
615 608 611
615 616 608
611 614 617
617 615 611
618 617 614
618 619 617
620 619 618
617 621 615
619 621 617
622 615 621
615 623 616
622 623 615
624 616 623
622 624 623
624 625 616
620 626 619
626 620 627
626 627 628
629 626 628
619 626 629
629 628 630
619 631 621
622 621 631
619 629 631
630 632 629
630 633 632
634 632 633
629 635 631
629 632 635
622 631 635
634 636 632
636 635 632
636 634 637
622 635 638
636 638 635
636 637 639
639 637 640
639 640 641
642 636 639
641 642 639
642 638 636
641 643 642
622 638 644
642 644 638
622 644 624
643 645 642
642 645 644
645 624 644
643 646 645
645 647 624
647 645 646
647 646 648
649 647 648
624 647 625
649 650 647
625 647 650
625 650 651
652 653 654
652 654 655
652 655 656
657 652 656
656 655 658
658 655 659
657 656 660
658 660 656
657 660 661
662 660 658
658 659 662
663 661 660
662 663 660
663 664 661
665 664 663
665 666 664
665 667 666
668 663 662
663 668 665
659 669 662
669 668 662
670 669 659
670 659 671
670 671 672
669 673 668
673 665 668
673 669 670
670 672 674
674 672 675
673 670 676
676 670 674
665 677 667
667 677 678
678 677 679
677 665 679
673 680 665
679 665 680
680 673 676
674 675 681
681 675 682
681 682 683
683 684 681
684 674 681
683 685 684
685 686 684
685 687 686
686 687 688
684 689 674
676 674 689
686 689 684
689 690 676
680 676 690
686 688 691
692 686 691
691 688 693
691 693 694
692 691 694
692 694 695
696 692 695
686 697 689
689 697 690
692 697 686
692 690 697
696 698 692
692 698 690
699 680 690
699 690 698
700 698 696
699 698 700
700 696 701
702 700 701
699 703 680
679 680 703
704 679 703
704 703 699
704 699 705
705 699 700
705 706 704
707 706 705
702 708 700
705 700 708
705 709 707
705 708 709
702 709 708
709 710 707
702 711 709
712 710 709
712 709 711
712 713 710
712 711 714
715 713 712
716 712 714
715 712 716
716 714 717
718 715 716
717 718 716
718 719 715
717 720 718
721 719 718
720 721 718
721 722 719
720 723 721
724 725 726
724 727 725
724 728 727
729 728 724
728 730 727
730 731 727
732 728 729
730 728 732
732 729 733
734 730 732
730 734 731
735 732 733
734 732 735
735 733 736
737 735 736
737 736 738
737 738 739
740 734 735
735 737 740
731 734 741
741 734 740
742 731 741
742 743 731
742 744 743
741 740 745
745 740 737
745 742 741
742 746 744
746 747 744
745 748 742
748 746 742
737 739 749
739 750 749
749 750 751
749 751 737
745 737 752
752 737 751
752 748 745
746 753 747
753 754 747
753 755 754
755 753 756
756 753 746
755 756 757
757 756 758
757 758 759
758 760 759
756 746 761
748 761 746
758 756 761
761 748 762
752 762 748
752 751 763
764 763 751
765 752 763
764 765 763
765 762 752
758 766 760
767 766 758
766 768 760
766 769 768
767 769 766
767 770 769
771 770 767
758 761 772
761 762 772
767 758 772
767 772 762
767 762 773
771 767 773
765 773 762
774 771 773
765 774 773
774 775 771
776 775 774
777 774 765
764 777 765
777 764 778
779 777 778
776 774 780
777 780 774
777 779 781
777 781 780
776 780 781
781 779 782
776 781 783
784 781 782
784 783 781
784 782 785
784 786 783
787 784 785
788 786 784
787 788 784
788 789 786
790 788 787
789 788 790
790 787 791
789 790 792
793 790 791
792 790 793
793 791 794
792 793 795
796 797 798
796 798 799
796 799 800
801 796 800
801 800 802
796 803 797
801 803 796
802 804 801
802 805 804
806 797 803
806 807 797
801 808 803
808 801 804
808 806 803
809 804 805
809 805 810
809 810 811
812 807 806
812 813 807
813 812 814
813 814 815
816 815 814
816 817 815
812 818 814
818 816 814
819 812 806
812 819 818
817 816 820
817 820 821
818 822 816
822 820 816
821 820 823
821 823 824
825 824 823
819 806 826
808 826 806
808 827 826
819 826 827
828 818 819
822 818 828
822 828 829
822 830 820
830 823 820
822 829 830
808 831 827
808 804 831
832 831 804
832 804 809
833 831 832
833 827 831
819 827 834
828 819 834
809 835 832
833 832 835
827 833 836
827 836 834
837 828 834
837 834 836
838 829 828
838 828 837
809 839 835
809 811 839
840 839 811
840 811 841
839 840 842
839 842 835
843 840 841
843 842 840
843 841 844
845 843 844
845 844 846
845 846 847
848 838 837
849 838 848
849 848 850
848 837 851
850 848 851
851 837 836
849 852 838
852 829 838
843 845 853
843 853 854
843 854 842
845 847 855
856 853 845
856 845 855
847 857 855
856 855 857
847 858 857
859 854 853
856 859 853
860 842 854
859 860 854
861 857 858
861 858 862
862 863 861
862 864 863
865 863 864
856 857 866
866 857 861
856 867 859
866 867 856
866 861 868
868 861 863
860 869 842
869 835 842
870 860 859
870 859 867
866 871 867
871 866 868
869 872 835
833 835 872
836 833 872
869 860 873
870 873 860
836 872 874
851 836 874
872 869 875
872 875 874
851 874 875
869 873 875
851 875 876
876 875 873
850 851 876
876 873 877
877 873 870
850 876 877
850 877 878
877 870 879
878 877 879
879 870 880
870 867 880
880 867 871
879 880 881
878 879 882
882 879 881
880 871 883
883 881 880
884 883 871
883 885 881
884 885 883
884 871 886
871 868 886
868 887 886
884 886 887
868 888 887
868 863 888
889 881 885
884 890 885
890 889 885
884 887 891
891 890 884
888 892 887
892 891 887
893 888 863
888 893 892
894 892 893
893 863 895
895 894 893
865 895 863
896 895 865
895 896 894
896 865 897
898 896 897
894 896 898
898 897 899
898 899 900
898 900 901
901 900 902
894 898 903
901 903 898
901 902 904
902 905 904
905 906 904
905 907 906
908 906 907
908 909 906
910 906 909
904 906 910
910 909 911
912 910 911
912 911 913
914 912 913
904 910 915
901 904 915
915 910 912
901 915 916
901 916 903
916 915 917
915 912 917
914 918 912
918 914 919
903 916 920
916 917 920
917 912 921
918 921 912
918 919 922
922 919 923
917 921 924
920 917 924
925 921 918
925 918 922
924 921 925
903 920 926
926 894 903
926 927 894
894 927 892
928 926 920
927 926 928
920 924 929
928 920 929
924 925 930
930 929 924
931 925 922
930 925 931
932 892 927
892 932 891
927 928 933
932 927 933
934 928 929
934 933 928
930 935 929
934 929 935
936 891 932
936 932 933
934 937 933
936 933 937
938 937 934
935 938 934
935 930 939
930 931 939
940 939 931
936 941 891
890 891 941
942 936 937
938 942 937
942 938 943
935 944 938
935 939 944
944 943 938
942 945 936
941 936 945
890 941 946
890 946 889
947 944 939
944 947 943
946 941 948
941 945 948
949 948 945
946 948 950
950 889 946
949 950 948
945 942 951
942 943 951
947 939 952
940 952 939
945 951 953
949 945 953
953 951 954
954 951 943
943 947 955
955 947 952
949 953 956
953 954 956
954 943 957
943 955 957
957 958 954
959 956 954
959 954 958
960 957 955
957 960 958
955 952 961
960 955 962
962 955 961
952 963 961
952 940 963
964 959 958
964 958 965
965 958 960
965 960 966
967 959 964
960 968 966
968 960 962
966 968 969
970 969 968
967 971 959
972 971 967
972 967 973
956 959 971
972 973 974
956 971 975
972 975 971
949 956 975
968 962 976
962 961 976
970 968 977
968 976 977
978 970 977
976 978 977
978 979 970
949 975 980
972 980 975
981 976 961
976 981 978
982 979 978
981 982 978
982 983 979
982 984 983
982 985 984
986 981 961
981 986 982
986 985 982
986 987 985
986 961 963
963 987 986
963 988 987
940 988 963
940 989 988
940 923 989
940 990 923
940 931 990
922 923 990
931 922 990
991 992 993
993 992 825
991 993 994
994 995 991
993 825 996
825 823 996
994 997 995
998 995 997
998 997 999
1000 999 997
1000 997 1001
1001 997 994
1002 1000 1001
993 1003 994
1001 994 1003
1001 1003 1004
1002 1001 1005
1001 1004 1005
1006 1002 1005
1006 1005 1004
1006 1007 1002
993 1008 1003
1008 993 996
1009 1007 1006
1009 1010 1007
1003 1008 1011
1003 1011 1004
1008 996 1012
1012 1011 1008
1009 1006 1013
1006 1004 1013
1010 1009 1014
1010 1014 1015
1016 1015 1014
1017 1012 996
1017 996 823
830 1017 823
830 1018 1017
1018 1012 1017
830 829 1018
1019 1018 829
1018 1020 1012
1019 1020 1018
1012 1020 1011
1019 829 1021
852 1021 829
1019 1021 852
1022 1011 1020
1022 1004 1011
1019 852 1023
1023 852 849
1019 1024 1020
1022 1020 1024
1022 1025 1004
1025 1013 1004
1019 1023 1026
1019 1026 1024
1024 1027 1022
1027 1025 1022
1024 1026 1027
1023 849 1028
1026 1023 1028
1025 1029 1013
1027 1029 1025
1013 1029 1030
1027 1030 1029
1031 1027 1026
1027 1031 1030
1031 1032 1030
1013 1030 1033
1033 1030 1032
1009 1013 1033
1034 1009 1033
1033 1032 1034
1034 1014 1009
1035 1014 1034
1032 1035 1034
1026 1028 1036
1031 1026 1036
1037 1036 1028
1037 1028 849
1038 1031 1036
1037 1038 1036
1035 1039 1014
1016 1014 1039
1039 1040 1016
1039 1041 1040
1041 1039 1035
1031 1042 1032
1038 1042 1031
1032 1042 1043
1043 1042 1038
1032 1044 1035
1032 1043 1044
1035 1044 1043
1037 849 1045
849 850 1045
1046 1045 850
1037 1045 1046
1046 850 878
1037 1046 1047
1047 1038 1037
1047 1046 878
1043 1038 1048
1047 1048 1038
1043 1048 1049
1049 1048 1047
1035 1043 1050
1043 1049 1050
1035 1050 1051
1051 1050 1049
1035 1051 1041
1047 878 1052
1049 1047 1052
1053 1052 878
1053 1049 1052
1053 878 882
1051 1049 1054
1053 1054 1049
1041 1051 1055
1055 1051 1054
882 1056 1053
1056 1054 1053
1041 1055 1057
1057 1040 1041
1057 1058 1040
1057 974 1058
1057 1059 974
1059 1057 1055
972 974 1059
972 1059 1060
1059 1055 1060
972 1060 980
1055 1054 1061
1056 1061 1054
1060 1055 1061
882 1062 1056
882 881 1062
889 1062 881
1062 1063 1056
1062 889 1063
1063 1061 1056
950 1063 889
1063 1064 1061
1060 1061 1064
1064 1063 950
1060 1065 980
1060 1064 1065
1064 950 1065
949 980 1065
949 1065 950
1066 1067 1068
1066 1069 1067
1066 1070 1069
1071 1070 1066
1071 1072 1070
1066 1068 1073
1071 1066 1073
1072 1071 1074
1072 1074 1075
1076 1073 1068
1076 1068 1077
1071 1073 1078
1078 1074 1071
1078 1073 1076
1079 1075 1074
1079 1080 1075
1079 1081 1080
1082 1076 1077
1082 1077 1083
1083 1084 1082
1083 1085 1084
1086 1084 1085
1086 1085 1087
1082 1084 1088
1088 1084 1086
1089 1076 1082
1082 1088 1089
1087 1090 1086
1087 1091 1090
1088 1086 1092
1092 1086 1090
1091 1093 1090
1091 1094 1093
1095 1093 1094
1089 1096 1076
1078 1076 1096
1078 1096 1097
1089 1097 1096
1098 1089 1088
1092 1098 1088
1092 1099 1098
1092 1090 1100
1100 1090 1093
1092 1100 1099
1078 1097 1101
1078 1101 1074
1102 1074 1101
1102 1079 1074
1103 1102 1101
1103 1101 1097
1089 1104 1097
1098 1104 1089
1079 1102 1105
1103 1105 1102
1097 1104 1106
1097 1106 1103
1107 1104 1098
1107 1106 1104
1108 1098 1099
1108 1107 1098
1079 1105 1109
1079 1109 1081
1110 1081 1109
1110 1111 1081
1109 1112 1110
1109 1105 1112
1113 1111 1110
1113 1110 1112
1113 1114 1111
1103 1115 1105
1106 1115 1103
1116 1112 1105
1116 1105 1115
1117 1114 1113
1117 1118 1114
1117 1119 1118
1106 1120 1115
1121 1120 1106
1121 1106 1107
1115 1120 1122
1115 1122 1116
1121 1122 1120
1123 1121 1107
1124 1121 1123
1125 1124 1123
1123 1107 1108
1125 1123 1108
1121 1126 1122
1124 1126 1121
1116 1122 1127
1126 1127 1122
1125 1108 1128
1128 1108 1099
1124 1129 1126
1126 1129 1127
1124 1130 1129
1116 1127 1131
1131 1112 1116
1129 1132 1127
1132 1131 1127
1131 1133 1112
1113 1112 1133
1134 1133 1131
1132 1134 1131
1113 1133 1135
1134 1135 1133
1113 1135 1117
1136 1135 1134
1136 1117 1135
1130 1137 1129
1129 1137 1132
1132 1138 1134
1136 1134 1138
1136 1139 1117
1117 1139 1119
1119 1139 1140
1136 1140 1139
1119 1140 1141
1136 1142 1140
1142 1136 1138
1143 1141 1140
1142 1143 1140
1143 1144 1141
1144 1143 1145
1144 1145 1146
1147 1146 1145
1132 1148 1138
1137 1148 1132
1142 1138 1149
1148 1149 1138
1142 1150 1143
1150 1145 1143
1149 1150 1142
1137 1151 1148
1148 1152 1149
1152 1148 1151
1151 1137 1153
1130 1153 1137
1154 1149 1152
1149 1155 1150
1154 1155 1149
1150 1155 1156
1154 1156 1155
1150 1157 1145
1150 1156 1157
1152 1151 1158
1154 1152 1158
1159 1145 1157
1157 1156 1160
1157 1160 1159
1161 1159 1160
1159 1162 1145
1162 1159 1161
1147 1145 1162
1163 1147 1162
1162 1161 1163
1163 1164 1147
1165 1164 1163
1161 1165 1163
1165 1166 1164
1165 1167 1166
1154 1168 1156
1160 1156 1168
1154 1158 1169
1168 1154 1169
1165 1170 1167
1170 1171 1167
1161 1172 1165
1170 1165 1172
1169 1158 1173
1173 1158 1151
1170 1174 1171
1171 1174 1175
1173 1151 1176
1151 1153 1176
1175 1174 1177
1175 1177 1178
1179 1178 1177
1179 1177 1180
1181 1180 1177
1174 1181 1177
1181 1182 1180
1183 1182 1181
1183 1184 1182
1185 1184 1183
1174 1186 1181
1186 1183 1181
1170 1186 1174
1170 1187 1186
1170 1172 1187
1187 1188 1186
1186 1188 1183
1185 1183 1189
1189 1190 1185
1172 1191 1187
1187 1191 1188
1188 1192 1183
1189 1183 1192
1189 1193 1190
1193 1194 1190
1188 1195 1192
1191 1195 1188
1196 1189 1192
1196 1193 1189
1195 1196 1192
1172 1197 1191
1197 1172 1161
1197 1161 1198
1161 1160 1198
1199 1191 1197
1198 1199 1197
1191 1200 1195
1199 1200 1191
1195 1201 1196
1201 1195 1200
1202 1193 1196
1201 1202 1196
1203 1198 1160
1160 1168 1203
1198 1204 1199
1203 1204 1198
1205 1200 1199
1205 1199 1204
1201 1200 1206
1205 1206 1200
1207 1203 1168
1207 1204 1203
1205 1204 1208
1207 1208 1204
1209 1205 1208
1206 1205 1209
1206 1210 1201
1201 1210 1202
1211 1202 1210
1207 1168 1212
1212 1168 1169
1213 1208 1207
1209 1208 1213
1213 1214 1209
1206 1209 1215
1206 1215 1210
1215 1209 1214
1213 1207 1216
1212 1216 1207
1212 1169 1217
1169 1173 1217
1218 1210 1215
1215 1214 1218
1217 1219 1212
1212 1219 1216
1220 1216 1219
1217 1221 1219
1221 1217 1173
1220 1219 1221
1216 1222 1213
1213 1222 1214
1218 1223 1210
1211 1210 1223
1216 1224 1222
1220 1224 1216
1224 1225 1222
1225 1214 1222
1214 1226 1218
1226 1223 1218
1221 1173 1227
1176 1227 1173
1220 1228 1224
1224 1228 1225
1225 1229 1214
1214 1229 1226
1176 1230 1227
1153 1230 1176
1153 1231 1230
1130 1231 1153
1232 1221 1227
1227 1230 1233
1227 1233 1232
1232 1234 1221
1220 1221 1234
1235 1234 1232
1235 1232 1233
1230 1236 1233
1230 1231 1236
1231 1237 1236
1220 1234 1238
1235 1238 1234
1239 1238 1235
1220 1238 1240
1239 1240 1238
1220 1240 1228
1235 1233 1241
1241 1233 1236
1228 1240 1242
1239 1242 1240
1228 1242 1243
1243 1225 1228
1231 1244 1237
1130 1244 1231
1245 1244 1130
1237 1244 1245
1246 1235 1241
1239 1235 1246
1247 1236 1237
1241 1236 1247
1248 1243 1242
1239 1248 1242
1239 1249 1248
1239 1250 1249
1239 1246 1250
1248 1251 1243
1252 1250 1246
1246 1241 1252
1252 1253 1250
1252 1254 1253
1251 1255 1243
1243 1255 1225
1251 1256 1255
1229 1225 1255
1257 1252 1241
1252 1257 1254
1257 1241 1247
1258 1257 1247
1257 1258 1259
1259 1254 1257
1259 1260 1254
1256 1261 1255
1229 1255 1261
1256 1262 1261
1261 1226 1229
1260 1259 1263
1258 1263 1259
1260 1263 1264
1265 1264 1263
1261 1262 1266
1262 1267 1266
1268 1266 1267
1261 1269 1226
1266 1269 1261
1265 1263 1270
1270 1271 1265
1269 1272 1226
1226 1272 1223
1266 1273 1269
1269 1273 1272
1268 1274 1266
1266 1274 1273
1275 1274 1268
1273 1274 1275
1275 1268 1276
1273 1275 1277
1277 1272 1273
1278 1275 1276
1277 1275 1278
1278 1276 1279
1278 1279 1280
1278 1280 1281
1277 1278 1282
1282 1278 1281
1282 1272 1277
1282 1281 1283
1223 1272 1284
1282 1284 1272
1284 1282 1283
1284 1283 1285
1223 1284 1211
1211 1284 1285
1211 1285 1286
1211 1286 1194
1211 1194 1287
1211 1287 1202
1193 1287 1194
1202 1287 1193
1288 1289 1290
1289 1095 1290
1288 1291 1289
1291 1288 1292
1289 1293 1095
1095 1293 1093
1291 1292 1294
1295 1294 1292
1295 1296 1294
1297 1294 1296
1297 1298 1294
1298 1291 1294
1299 1298 1297
1289 1291 1300
1298 1300 1291
1298 1301 1300
1299 1302 1298
1298 1302 1301
1303 1302 1299
1303 1301 1302
1303 1299 1271
1270 1303 1271
1289 1300 1304
1304 1293 1289
1300 1305 1304
1300 1301 1305
1304 1306 1293
1306 1304 1305
1270 1307 1303
1303 1307 1301
1308 1293 1306
1308 1093 1293
1100 1093 1308
1100 1308 1309
1309 1308 1306
1100 1309 1099
1310 1099 1309
1309 1306 1311
1306 1305 1311
1310 1309 1311
1312 1305 1301
1312 1311 1305
1310 1313 1099
1128 1099 1313
1310 1128 1313
1314 1301 1307
1312 1301 1314
1312 1315 1311
1310 1311 1315
1310 1316 1128
1316 1125 1128
1317 1312 1314
1315 1312 1317
1310 1315 1318
1310 1318 1316
1315 1317 1318
1314 1307 1319
1317 1314 1319
1307 1320 1319
1317 1319 1320
1316 1321 1125
1318 1321 1316
1322 1318 1317
1317 1320 1322
1322 1320 1323
1307 1324 1320
1324 1323 1320
1270 1324 1307
1325 1324 1270
1324 1325 1323
1325 1270 1263
1258 1325 1263
1323 1325 1258
1318 1326 1321
1322 1326 1318
1327 1125 1321
1327 1321 1326
1328 1326 1322
1327 1326 1328
1322 1323 1329
1328 1322 1329
1323 1330 1329
1330 1328 1329
1323 1258 1331
1323 1331 1330
1258 1330 1331
1327 1332 1125
1125 1332 1124
1333 1124 1332
1327 1333 1332
1333 1130 1124
1245 1130 1333
1327 1245 1333
1245 1327 1328
1245 1328 1334
1330 1334 1328
1237 1245 1334
1330 1237 1334
1258 1335 1330
1330 1335 1237
1258 1247 1335
1247 1237 1335
1336 1337 1338
1338 1337 1339
1340 1338 1339
1340 1341 1338
1341 1340 1342
1336 1338 1343
1336 1343 1344
1345 1336 1344
1346 1343 1338
1346 1338 1341
1346 1344 1343
1346 1347 1344
1345 1344 1348
1348 1344 1347
1348 1349 1345
1349 1348 1350
1348 1347 1350
1349 1350 1351
1352 1351 1350
1347 1352 1350
1352 1353 1351
1353 1352 1354
1353 1354 1355
1355 1356 1353
1357 1346 1341
1347 1346 1357
1347 1357 1358
1347 1359 1352
1359 1354 1352
1358 1359 1347
1359 1360 1354
1358 1360 1359
1361 1356 1355
1361 1362 1356
1363 1357 1341
1341 1342 1363
1355 1364 1361
1355 1354 1364
1362 1361 1365
1364 1365 1361
1362 1365 1366
1367 1366 1365
1367 1368 1366
1369 1368 1367
1370 1357 1363
1357 1370 1358
1371 1363 1342
1363 1371 1370
1371 1342 1372
1364 1373 1365
1373 1367 1365
1374 1371 1372
1374 1372 1375
1376 1374 1375
1371 1377 1370
1374 1377 1371
1376 1378 1374
1379 1378 1376
1380 1358 1370
1377 1380 1370
1374 1381 1377
1381 1374 1378
1382 1373 1364
1354 1382 1364
1379 1383 1378
1379 1384 1383
1385 1383 1384
1385 1384 1386
1387 1378 1383
1385 1387 1383
1377 1388 1380
1381 1388 1377
1381 1378 1389
1387 1389 1378
1386 1390 1385
1386 1391 1390
1392 1390 1391
1392 1385 1390
1392 1391 1393
1385 1394 1387
1392 1394 1385
1395 1392 1393
1395 1393 1396
1397 1395 1396
1392 1395 1398
1397 1398 1395
1392 1398 1394
1399 1398 1397
1400 1387 1394
1400 1394 1398
1399 1400 1398
1400 1389 1387
1399 1401 1400
1400 1401 1402
1400 1402 1389
1403 1402 1401
1402 1403 1404
1389 1402 1405
1402 1404 1405
1389 1405 1381
1381 1405 1388
1404 1388 1405
1404 1406 1388
1406 1380 1388
1406 1407 1380
1408 1380 1407
1380 1408 1358
1408 1407 1409
1410 1358 1408
1358 1410 1360
1410 1411 1360
1409 1412 1408
1409 1413 1412
1414 1410 1408
1414 1408 1412
1415 1412 1413
1415 1413 1416
1417 1415 1416
1410 1414 1418
1418 1411 1410
1419 1414 1412
1419 1412 1415
1418 1414 1419
1417 1420 1415
1417 1421 1420
1422 1419 1415
1422 1415 1420
1418 1419 1423
1422 1423 1419
1420 1421 1424
1424 1421 1425
1426 1422 1420
1426 1420 1424
1425 1427 1424
1425 1428 1427
1427 1428 1429
1424 1427 1430
1424 1430 1426
1429 1431 1427
1431 1430 1427
1432 1431 1429
1426 1433 1422
1422 1433 1423
1432 1434 1431
1432 1435 1434
1431 1436 1430
1434 1436 1431
1437 1426 1430
1426 1437 1433
1438 1434 1435
1438 1435 1439
1440 1434 1438
1434 1440 1436
1441 1438 1439
1440 1438 1441
1441 1439 1442
1443 1441 1442
1440 1441 1443
1443 1442 1444
1445 1443 1444
1445 1446 1443
1440 1443 1446
1446 1445 1447
1440 1446 1448
1446 1447 1448
1440 1448 1436
1449 1448 1447
1450 1436 1448
1450 1448 1449
1450 1430 1436
1451 1450 1449
1437 1430 1450
1451 1437 1450
1451 1452 1437
1453 1437 1452
1433 1437 1453
1433 1453 1454
1454 1423 1433
1454 1455 1423
1423 1455 1456
1423 1456 1418
1456 1411 1418
1456 1457 1411
1458 1411 1457
1458 1457 1459
1458 1459 1460
1458 1460 1461
1462 1461 1460
1411 1458 1463
1461 1463 1458
1462 1464 1461
1465 1464 1462
1466 1464 1465
1411 1463 1467
1360 1411 1467
1466 1468 1464
1469 1468 1466
1463 1470 1467
1467 1470 1360
1468 1469 1471
1471 1469 1472
1472 1473 1471
1472 1474 1473
1474 1475 1473
1473 1475 1476
1474 1477 1475
1477 1476 1475
1477 1478 1476
1479 1476 1478
1471 1473 1480
1473 1476 1480
1481 1468 1471
1471 1480 1481
1479 1482 1476
1483 1482 1479
1484 1476 1482
1483 1484 1482
1484 1480 1476
1484 1483 1485
1480 1484 1486
1484 1485 1486
1480 1486 1481
1487 1486 1485
1487 1488 1486
1488 1481 1486
1487 1489 1488
1489 1490 1488
1489 1491 1490
1491 1492 1490
1488 1493 1481
1493 1488 1490
1481 1493 1468
1493 1464 1468
1493 1494 1464
1493 1490 1494
1494 1461 1464
1494 1495 1461
1490 1495 1494
1461 1495 1463
1490 1492 1496
1490 1496 1495
1497 1496 1492
1495 1498 1463
1495 1496 1498
1497 1498 1496
1497 1499 1498
1463 1498 1470
1498 1499 1500
1498 1500 1470
1500 1501 1470
1500 1502 1501
1501 1360 1470
1503 1501 1502
1504 1501 1503
1503 1502 1505
1506 1503 1505
1501 1507 1360
1504 1507 1501
1354 1360 1507
1506 1508 1503
1508 1504 1503
1509 1508 1506
1509 1510 1508
1511 1510 1509
1512 1510 1511
1354 1507 1513
1513 1507 1504
1354 1513 1382
1508 1514 1504
1510 1514 1508
1512 1515 1510
1515 1512 1516
1515 1516 1517
1517 1516 1518
1519 1510 1515
1517 1519 1515
1510 1520 1514
1519 1520 1510
1504 1514 1521
1520 1521 1514
1518 1522 1517
1518 1523 1522
1524 1522 1523
1517 1525 1519
1525 1517 1522
1519 1526 1520
1520 1526 1521
1504 1521 1527
1513 1504 1527
1525 1528 1519
1519 1528 1526
1521 1526 1529
1530 1521 1529
1527 1521 1530
1529 1526 1531
1531 1526 1528
1527 1530 1532
1527 1532 1533
1527 1533 1513
1531 1528 1534
1513 1533 1535
1536 1534 1528
1513 1535 1382
1537 1536 1528
1525 1537 1528
1538 1536 1537
1535 1539 1382
1535 1540 1539
1382 1539 1373
1541 1537 1525
1525 1522 1541
1538 1537 1542
1541 1542 1537
1538 1542 1543
1544 1543 1542
1544 1542 1541
1544 1545 1543
1546 1545 1544
1544 1541 1546
1546 1547 1545
1524 1547 1546
1524 1548 1522
1548 1541 1522
1548 1546 1541
1524 1546 1548
1549 1373 1539
1373 1549 1367
1549 1539 1550
1540 1550 1539
1540 1551 1550
1550 1551 1552
1367 1549 1553
1550 1553 1549
1552 1554 1550
1550 1554 1553
1555 1554 1552
1367 1553 1556
1367 1556 1369
1369 1556 1557
1555 1558 1554
1555 1559 1558
1558 1559 1560
1561 1553 1554
1556 1553 1561
1561 1554 1558
1557 1556 1562
1556 1561 1562
1557 1562 1563
1563 1562 1564
1558 1560 1565
1565 1560 1566
1558 1567 1561
1562 1561 1567
1558 1565 1567
1568 1564 1562
1562 1567 1568
1569 1564 1568
1570 1565 1566
1567 1565 1570
1570 1566 1571
1572 1569 1568
1572 1573 1569
1568 1567 1574
1567 1570 1574
1568 1574 1572
1571 1575 1570
1574 1570 1575
1571 1576 1575
1577 1575 1576
1574 1575 1578
1577 1578 1575
1578 1572 1574
1578 1577 1579
1573 1572 1580
1578 1580 1572
1573 1580 1579
1578 1579 1580
150 142 1581
1581 142 1582
215 150 1581
1583 215 1581
1582 142 1584
143 1584 142
1585 1584 143
1585 1582 1584
1585 143 171
1583 1581 1586
1581 1582 1586
1587 215 1583
210 215 1587
1582 1588 1586
1583 1586 1588
210 1587 1589
1589 228 210
1590 228 1589
1590 1589 1591
1587 1591 1589
1591 1592 1590
1583 1593 1587
1587 1593 1591
1591 1594 1592
1594 1595 1592
1596 1594 1591
1596 1591 1593
1594 1597 1595
1597 1594 1596
1597 1598 1595
1597 1599 1598
1600 1598 1599
1597 1596 1601
1601 1599 1597
1602 1601 1596
1593 1603 1596
1602 1596 1603
1583 1604 1593
1593 1604 1603
1600 1599 1605
1605 1606 1600
1601 1607 1599
1602 1607 1601
1605 1599 1607
1605 1608 1606
1609 1606 1608
1583 1610 1604
1583 1588 1610
1605 1607 1611
1611 1608 1605
1609 1608 1612
1613 1609 1612
1613 1612 1614
1612 1608 1615
1611 1615 1608
1616 1614 1612
1612 1615 1616
1616 1617 1614
1616 1618 1617
1619 1615 1611
1616 1615 1619
1616 1620 1618
1616 1619 1620
1620 1621 1618
1620 1622 1621
1622 1620 1619
1622 1619 1623
1619 1611 1624
1624 1623 1619
1624 1611 1607
1624 1625 1623
1624 1607 1626
1626 1625 1624
1626 1627 1625
1602 1626 1607
1602 1627 1626
1602 1628 1627
1602 1629 1628
1602 1603 1629
1603 1630 1629
1603 1604 1630
1604 1631 1630
1604 1610 1631
1632 1631 1610
1632 1633 1631
1634 1633 1632
1635 1632 1610
1635 1610 1588
1635 1588 1636
1582 1636 1588
1637 1636 1582
1585 1637 1582
1634 1632 1638
1639 1632 1635
1639 1638 1632
1640 1638 1639
1641 1634 1638
1640 1641 1638
1641 1642 1634
1643 1642 1641
1643 1641 1644
1644 1641 1640
1644 1645 1643
1635 1646 1639
1640 1639 1646
1635 1636 1647
1635 1647 1646
1647 1636 1648
1647 1648 1649
1649 1646 1647
1636 1650 1648
1649 1651 1646
1636 1637 1650
1651 1652 1646
1640 1646 1652
1651 1653 1652
1654 1652 1653
1655 1650 1637
1655 1656 1650
1655 1637 1585
1640 1652 1657
1654 1657 1652
1658 1656 1655
1658 1659 1656
1655 1585 1660
1658 1655 1660
171 1660 1585
1640 1657 1661
1644 1640 1661
1662 1657 1654
1662 1654 1663
1664 1644 1661
1644 1664 1645
1657 1665 1661
1657 1662 1665
1664 1661 1665
1666 1665 1662
1666 1664 1665
1663 1667 1662
1666 1662 1667
1663 1668 1667
1669 1667 1668
1669 1670 1667
1666 1667 1670
1666 1670 1671
1666 1671 1672
1645 1664 1673
1666 1673 1664
1666 1672 1673
1645 1673 1674
1675 1673 1672
1675 1674 1673
174 1676 171
174 1677 1676
1678 1676 1677
171 1676 1660
1660 1676 1678
1678 1677 1679
1678 1679 1680
1660 1678 1681
1678 1682 1681
1658 1660 1681
1682 1658 1681
1678 1680 1683
1678 1683 1682
1683 1680 1684
1683 1684 1685
1682 1683 1685
1685 1684 1686
1685 1686 1687
1687 1686 1688
1682 1689 1658
1659 1658 1689
1659 1689 1690
1691 1690 1689
1682 1685 1692
1687 1692 1685
1682 1693 1689
1691 1689 1693
1682 1692 1693
1691 1693 1694
1692 1694 1693
1691 1694 1695
1687 1688 1696
1697 1687 1696
1698 1696 1688
1698 1699 1696
1699 1697 1696
1699 1700 1697
1701 1697 1700
1687 1702 1692
1692 1702 1694
1697 1702 1687
1697 1694 1702
1695 1694 1703
1697 1703 1694
1701 1703 1697
1695 1703 1704
1705 1703 1701
1705 1704 1703
1706 1707 1708
1707 1709 1708
1710 1709 1707
1710 1707 1711
1711 1712 1710
1706 1713 1707
1706 1714 1713
1715 1714 1706
1716 1707 1713
1716 1711 1707
1714 1716 1713
1714 1717 1716
1715 1718 1714
1718 1717 1714
1718 1715 1719
1719 1720 1718
1718 1720 1717
1719 1721 1720
1722 1720 1721
1717 1720 1722
1722 1721 1723
1723 1724 1722
1723 1725 1724
1725 1723 1726
1727 1711 1716
1717 1727 1716
1717 1728 1727
1717 1722 1729
1729 1722 1724
1728 1717 1729
1729 1724 1730
1728 1729 1730
1731 1725 1726
1731 1726 1732
1733 1711 1727
1711 1733 1712
1725 1731 1734
1725 1734 1724
1732 1735 1731
1734 1731 1735
1732 1736 1735
1737 1735 1736
1737 1736 1738
1739 1737 1738
1740 1733 1727
1727 1728 1740
1741 1712 1733
1733 1740 1741
1741 1742 1712
1734 1735 1743
1743 1735 1737
1744 1742 1741
1744 1745 1742
1746 1745 1744
1741 1740 1747
1744 1741 1747
1746 1744 1748
1749 1746 1748
1750 1740 1728
1747 1740 1750
1744 1747 1751
1751 1748 1744
1752 1734 1743
1724 1734 1752
1749 1748 1753
1749 1753 1754
1755 1754 1753
1755 1756 1754
1757 1753 1748
1757 1755 1753
1747 1750 1758
1751 1747 1758
1751 1759 1748
1757 1748 1759
1756 1755 1760
1756 1760 1761
1762 1761 1760
1762 1760 1755
1762 1763 1761
1757 1764 1755
1762 1755 1764
1765 1763 1762
1765 1766 1763
1767 1766 1765
1768 1765 1762
1767 1765 1768
1768 1762 1764
1769 1767 1768
1770 1764 1757
1770 1768 1764
1769 1768 1770
1770 1757 1759
1769 1770 1771
1770 1772 1771
1770 1759 1772
1773 1771 1772
1772 1774 1773
1759 1775 1772
1772 1775 1774
1759 1751 1775
1751 1758 1775
1774 1775 1758
1774 1758 1776
1776 1758 1750
1776 1750 1777
1778 1777 1750
1750 1728 1778
1778 1779 1777
1780 1778 1728
1728 1730 1780
1780 1730 1781
1779 1778 1782
1779 1782 1783
1784 1778 1780
1784 1782 1778
1785 1783 1782
1785 1786 1783
1787 1786 1785
1780 1788 1784
1788 1780 1781
1789 1782 1784
1789 1785 1782
1788 1789 1784
1787 1785 1790
1787 1790 1791
1792 1785 1789
1792 1790 1785
1788 1793 1789
1792 1789 1793
1790 1794 1791
1794 1795 1791
1796 1790 1792
1796 1794 1790
1795 1794 1797
1795 1797 1798
1797 1799 1798
1800 1797 1794
1800 1794 1796
1799 1797 1801
1801 1797 1800
1802 1799 1801
1796 1792 1803
1792 1793 1803
1802 1801 1804
1802 1804 1805
1801 1800 1806
1804 1801 1806
1807 1800 1796
1796 1803 1807
1808 1805 1804
1808 1809 1805
1808 1804 1810
1804 1806 1810
1811 1809 1808
1808 1810 1811
1811 1812 1809
1813 1812 1811
1810 1813 1811
1813 1814 1812
1813 1815 1814
1813 1816 1815
1810 1816 1813
1816 1817 1815
1810 1818 1816
1816 1818 1817
1810 1806 1818
1819 1817 1818
1820 1818 1806
1820 1819 1818
1820 1806 1800
1821 1819 1820
1807 1820 1800
1821 1820 1807
1821 1807 1822
1823 1822 1807
1803 1823 1807
1803 1824 1823
1824 1803 1793
1824 1793 1825
1793 1826 1825
1793 1788 1826
1826 1788 1781
1826 1781 1827
1828 1827 1781
1828 1829 1827
1828 1830 1829
1828 1831 1830
1832 1830 1831
1781 1833 1828
1831 1828 1833
1832 1831 1834
1835 1832 1834
1836 1835 1834
1781 1837 1833
1730 1837 1781
1836 1834 1838
1839 1836 1838
1833 1837 1840
1837 1730 1840
1838 1841 1839
1841 1842 1839
1842 1841 1843
1842 1843 1844
1844 1843 1845
1843 1846 1845
1844 1845 1847
1847 1845 1846
1847 1846 1848
1849 1848 1846
1841 1850 1843
1843 1850 1846
1851 1841 1838
1841 1851 1850
1849 1846 1852
1852 1853 1849
1846 1854 1852
1852 1854 1853
1846 1850 1854
1854 1855 1853
1850 1856 1854
1854 1856 1855
1850 1851 1856
1857 1855 1856
1857 1856 1858
1858 1856 1851
1857 1858 1859
1860 1859 1858
1860 1861 1859
1861 1860 1862
1858 1851 1863
1863 1860 1858
1851 1838 1863
1863 1838 1834
1863 1834 1864
1863 1864 1860
1864 1834 1831
1864 1831 1865
1860 1864 1865
1831 1833 1865
1860 1866 1862
1860 1865 1866
1867 1862 1866
1868 1865 1833
1868 1866 1865
1867 1866 1868
1867 1868 1869
1833 1840 1868
1868 1870 1869
1868 1840 1870
1870 1840 1871
1870 1871 1872
1871 1840 1730
1873 1872 1871
1874 1873 1871
1873 1875 1872
1876 1875 1873
1871 1730 1877
1874 1871 1877
1877 1730 1724
1876 1873 1878
1878 1873 1874
1879 1876 1878
1879 1878 1880
1881 1879 1880
1882 1881 1880
1877 1724 1883
1883 1874 1877
1724 1752 1883
1878 1874 1884
1880 1878 1884
1882 1880 1885
1885 1886 1882
1885 1887 1886
1887 1888 1886
1880 1889 1885
1887 1885 1889
1880 1884 1890
1880 1890 1889
1874 1891 1884
1890 1884 1891
1888 1887 1892
1888 1892 1893
1892 1894 1893
1883 1895 1874
1874 1895 1891
1887 1889 1896
1896 1892 1887
1889 1890 1897
1890 1891 1897
1896 1889 1898
1889 1897 1898
1891 1899 1897
1900 1899 1891
1895 1900 1891
1899 1901 1897
1901 1898 1897
1895 1902 1900
1895 1903 1902
1895 1883 1903
1901 1904 1898
1883 1905 1903
1906 1898 1904
1883 1752 1905
1907 1898 1906
1896 1898 1907
1908 1907 1906
1905 1752 1909
1905 1909 1910
1752 1743 1909
1911 1896 1907
1896 1911 1892
1908 1912 1907
1911 1907 1912
1908 1913 1912
1914 1912 1913
1914 1911 1912
1914 1913 1915
1916 1914 1915
1914 1916 1911
1916 1915 1917
1894 1916 1917
1892 1918 1894
1911 1918 1892
1911 1916 1918
1894 1918 1916
1919 1909 1743
1743 1737 1919
1919 1920 1909
1910 1909 1920
1910 1920 1921
1920 1922 1921
1737 1923 1919
1920 1919 1923
1922 1920 1924
1920 1923 1924
1925 1922 1924
1737 1926 1923
1737 1739 1926
1739 1927 1926
1925 1924 1928
1925 1928 1929
1928 1930 1929
1931 1924 1923
1926 1931 1923
1931 1928 1924
1927 1932 1926
1926 1932 1931
1927 1933 1932
1933 1934 1932
1928 1935 1930
1935 1936 1930
1928 1931 1937
1932 1937 1931
1928 1937 1935
1938 1932 1934
1932 1938 1937
1939 1938 1934
1940 1936 1935
1937 1940 1935
1940 1941 1936
1942 1938 1939
1942 1939 1943
1938 1944 1937
1937 1944 1940
1938 1942 1944
1941 1940 1945
1945 1940 1944
1941 1945 1946
1947 1946 1945
1945 1944 1948
1947 1945 1948
1942 1948 1944
1948 1949 1947
1950 1942 1943
1942 1950 1948
1950 1943 1949
1948 1950 1949
400 1951 392
1951 1952 392
476 1951 400
500 1951 476
1951 1953 1952
500 1953 1951
1952 1954 392
393 392 1954
1955 393 1954
1955 1954 1952
1955 421 393
500 1956 1953
1952 1953 1956
421 1955 1957
421 1957 1958
1959 1958 1957
424 421 1958
424 1958 1960
1959 1960 1958
1959 1961 1960
1959 1962 1961
1959 1963 1962
1959 1964 1963
1963 1965 1962
1963 1966 1965
1964 1966 1963
1966 1967 1965
1966 1968 1967
1968 1969 1967
1959 1957 1970
1959 1970 1964
1971 1970 1957
1964 1970 1971
1964 1972 1966
1968 1966 1972
1968 1973 1969
1974 1973 1968
1975 1969 1973
1975 1973 1976
1976 1973 1974
1977 1975 1976
1977 1976 1978
1978 1979 1977
1971 1957 1980
1980 1957 1955
1968 1972 1981
1974 1968 1981
1972 1982 1981
1974 1981 1982
1976 1974 1983
1983 1978 1976
1978 1984 1979
1985 1979 1984
1986 1984 1978
1985 1984 1986
1986 1978 1987
1983 1987 1978
1988 1985 1986
1988 1986 1987
1988 1989 1985
1988 1987 1990
1990 1989 1988
1983 1990 1987
1990 1991 1989
1983 1992 1990
1992 1991 1990
1992 1983 1974
1992 1993 1991
1992 1974 1994
1993 1992 1994
1993 1994 1995
1996 1995 1994
1974 1982 1994
1996 1994 1982
1997 1996 1982
1997 1982 1998
1972 1998 1982
1964 1998 1972
1997 1998 1999
1964 1999 1998
1997 1999 2000
2001 2000 1999
1964 1971 1999
2001 1999 1971
1971 2002 2001
1971 1980 2002
1980 2003 2002
1980 2004 2003
1980 1955 2004
1955 1952 2004
2005 2003 2004
2004 1952 2005
2005 2006 2003
1952 1956 2005
2007 2006 2005
2007 2008 2006
2009 2005 1956
2009 2007 2005
2008 2007 2010
2010 2007 2009
2008 2010 2011
2009 1956 2012
500 2012 1956
2011 2010 2013
2014 2013 2010
2011 2013 2015
2016 2015 2013
2010 2009 2017
2014 2010 2017
2016 2013 2018
2014 2018 2013
2019 2017 2009
2009 2012 2019
2020 2016 2018
2020 2021 2016
2014 2017 2022
2019 2022 2017
2021 2020 2023
2024 2023 2020
2021 2023 2025
2026 2025 2023
2026 2023 2027
2024 2027 2023
2027 2028 2026
2018 2029 2020
2024 2020 2029
2027 2030 2028
2030 2031 2028
2018 2032 2029
2014 2032 2018
2033 2029 2032
2024 2029 2033
2034 2032 2014
2033 2032 2034
2024 2035 2027
2035 2030 2027
2030 2036 2031
2037 2031 2036
2036 2030 2038
2035 2038 2030
2037 2036 2039
2036 2038 2039
2037 2039 2040
2040 2039 2038
2037 2040 2041
2040 2038 2042
2042 2041 2040
2035 2042 2038
2042 2043 2041
2035 2044 2042
2044 2043 2042
2024 2044 2035
2044 2045 2043
2024 2046 2044
2045 2044 2046
2045 2046 2047
2024 2033 2046
2048 2047 2046
2048 2046 2033
2034 2048 2033
2034 2049 2048
2049 2034 2050
2049 2050 2051
2034 2014 2050
2014 2022 2050
2050 2052 2051
2050 2022 2052
2019 2052 2022
2019 2053 2052
2019 2054 2053
2019 2012 2054
2055 2054 2012
2055 2056 2054
500 2055 2012
2057 2056 2055
2057 2058 2056
2059 2058 2057
2059 2060 2058
2059 2061 2060
500 2062 2055
2062 2057 2055
500 499 2062
499 501 2062
2062 2063 2057
2063 2062 501
2059 2057 2063
2059 2064 2061
2064 2065 2061
2064 2066 2065
2066 2067 2065
2059 2068 2064
2066 2064 2068
2066 2069 2067
2070 2067 2069
2063 501 2071
501 502 2071
2071 502 2072
2071 2072 2073
2073 2063 2071
2073 2072 2074
2059 2063 2075
2073 2075 2063
2059 2075 2068
2073 2074 2076
2075 2073 2076
2075 2076 2068
2077 2076 2074
2077 2078 2076
2078 2068 2076
2078 2077 2079
2078 2080 2068
2066 2068 2080
2080 2069 2066
2078 2079 2081
2080 2078 2081
2082 2081 2079
2080 2081 2083
2080 2083 2069
2082 2084 2081
2084 2083 2081
2085 2084 2082
2086 2069 2083
2084 2086 2083
2085 2087 2084
2086 2084 2087
2087 2085 2088
2087 2088 2089
2089 2088 2090
2086 2091 2069
2070 2069 2091
2091 2092 2070
2091 2093 2092
2086 2093 2091
2093 2094 2092
2086 2087 2095
2086 2095 2093
2089 2095 2087
2093 2096 2094
2095 2096 2093
2097 2094 2096
2089 2090 2098
2098 2090 2099
2089 2100 2095
2095 2100 2096
2098 2100 2089
2097 2096 2101
2099 2097 2101
2101 2096 2100
2098 2099 2102
2099 2101 2102
2098 2102 2100
2101 2100 2102
