byte offset: 0
first index: 0
index count: 12270
topology: trianglelist
format: DXGI_FORMAT_R16_UINT

0 1 2
3 0 4
5 6 0
7 0 8
9 10 11
10 12 13
14 10 15
16 17 10
18 19 20
21 22 19
23 19 24
19 25 26
27 28 29
30 29 31
29 32 33
34 29 35
36 37 38
39 36 40
41 42 36
43 36 44
45 46 47
46 48 49
50 46 51
52 53 46
54 55 56
57 54 58
59 60 54
61 54 62
63 64 65
64 66 67
68 64 69
70 71 64
72 73 74
75 72 76
77 78 72
79 72 80
81 82 83
82 84 85
86 82 87
88 89 82
90 91 92
91 93 94
95 91 96
97 98 91
99 100 101
100 102 103
104 100 105
106 107 100
108 109 110
111 108 112
113 114 108
115 108 116
117 118 119
118 120 121
122 118 123
124 125 118
126 127 128
127 129 130
131 127 132
133 134 127
135 136 137
136 138 139
140 136 141
142 143 136
144 145 146
145 147 148
149 145 150
151 152 145
153 154 155
154 156 157
158 154 159
160 161 154
162 163 164
165 162 166
167 168 162
169 162 170
171 172 173
172 174 175
176 172 177
178 179 172
180 181 182
183 180 184
185 186 180
187 180 188
189 190 191
190 192 193
194 190 195
196 197 190
198 199 200
199 201 202
203 199 204
205 206 199
207 208 209
208 210 211
212 208 213
214 215 208
216 217 218
219 216 220
221 222 216
223 216 224
225 226 227
226 228 229
230 226 231
232 233 226
234 235 236
237 234 238
239 240 234
241 234 242
243 244 245
244 246 247
248 244 249
250 251 244
252 253 254
253 255 256
257 253 258
259 260 253
261 262 263
262 264 265
266 262 267
268 269 262
270 271 272
271 273 274
275 271 276
277 278 271
279 280 281
280 282 283
284 280 285
286 287 280
288 289 290
291 288 292
293 294 288
295 288 296
297 298 299
298 300 301
302 298 303
304 305 298
306 307 308
309 310 306
311 306 312
313 314 306
315 316 317
317 318 319
320 321 317
322 317 323
324 325 326
327 326 328
329 330 326
326 331 332
333 334 335
336 337 334
334 338 339
340 341 334
342 343 344
345 346 342
347 342 348
349 350 342
351 352 353
353 354 355
356 357 353
358 353 359
360 361 362
363 364 360
365 360 366
367 368 360
369 370 371
371 372 373
374 375 371
376 371 377
378 379 380
381 382 378
383 378 384
385 386 378
387 388 389
389 390 391
392 393 389
394 389 395
396 397 398
398 399 400
401 402 398
403 398 404
405 406 407
407 408 409
410 411 407
412 407 413
414 415 416
417 418 414
419 414 420
421 422 414
423 424 425
425 426 427
428 429 425
430 425 431
432 433 434
434 435 436
437 438 434
439 434 440
441 442 443
443 444 445
446 447 443
448 443 449
450 451 452
452 453 454
455 456 452
457 452 458
459 460 461
461 462 463
464 465 461
466 461 467
468 469 470
471 472 468
473 468 474
475 476 468
477 478 479
479 480 481
482 483 479
484 479 485
486 487 488
489 490 486
491 486 492
493 494 486
495 496 497
497 498 499
500 501 497
502 497 503
504 505 506
506 507 508
509 510 506
511 506 512
513 514 515
515 516 517
518 519 515
520 515 521
522 523 524
525 526 522
527 522 528
529 530 522
531 532 533
533 534 535
536 537 533
538 533 539
540 541 542
543 544 540
545 540 546
547 548 540
549 550 551
551 552 553
554 555 551
556 551 557
558 559 560
560 561 562
563 564 560
565 560 566
567 568 569
569 570 571
572 573 569
574 569 575
576 577 578
578 579 580
581 582 578
583 578 584
585 586 587
587 588 589
590 591 587
592 587 593
594 595 596
597 598 594
599 594 600
601 602 594
603 604 605
605 606 607
608 609 605
610 605 611
612 613 614
613 615 616
613 616 617
615 618 616
619 616 618
617 616 620
620 616 619
615 621 618
619 618 622
621 623 618
618 623 622
624 621 615
624 615 625
625 615 626
625 626 627
621 628 623
629 621 624
629 628 621
625 630 624
627 631 625
625 631 630
632 630 631
633 632 631
627 634 631
633 635 632
632 635 636
637 634 627
637 638 634
624 630 639
624 639 629
636 635 640
636 640 641
632 642 630
642 639 630
629 639 643
629 643 644
644 628 629
644 645 628
623 628 645
646 643 639
642 647 639
646 639 647
648 647 642
648 646 647
642 632 649
648 642 649
650 644 643
646 650 643
632 651 649
632 636 651
648 652 646
646 653 650
652 653 646
649 654 648
654 652 648
651 655 649
636 656 651
651 656 655
649 657 654
655 657 649
650 658 644
644 658 659
644 659 645
650 660 658
658 661 659
658 660 661
650 662 660
653 662 650
645 659 663
659 661 664
659 664 663
645 663 665
623 645 665
666 623 665
666 622 623
665 663 667
665 667 666
663 664 668
663 668 667
669 664 661
669 668 664
670 661 660
671 660 662
671 670 660
670 672 661
669 661 672
672 670 673
671 673 670
674 669 672
672 673 674
669 675 668
674 675 669
676 666 667
677 667 668
676 667 677
678 668 675
677 668 678
679 675 674
678 675 679
680 674 673
679 674 680
666 676 681
666 681 622
622 681 682
622 682 619
683 676 677
678 684 677
683 677 684
679 685 678
678 685 684
686 681 676
686 676 683
687 683 684
687 684 688
685 689 684
685 690 689
679 691 685
691 692 685
691 693 692
680 691 679
694 686 683
694 683 695
680 696 691
696 697 691
696 698 697
699 696 680
680 673 699
699 700 696
700 701 696
700 702 701
699 673 703
671 703 673
704 700 699
699 703 704
705 703 671
662 705 671
704 706 700
706 707 700
706 708 707
704 703 709
705 709 703
662 710 705
653 710 662
711 706 704
704 709 711
705 712 709
705 710 712
711 709 712
713 710 653
713 712 710
652 713 653
711 714 706
714 715 706
714 716 715
712 713 717
652 717 713
711 712 718
718 714 711
712 717 718
652 719 717
654 719 652
718 720 714
720 721 714
720 722 721
718 717 723
723 717 719
718 723 720
720 723 724
720 724 725
726 719 654
723 719 726
727 723 726
727 728 723
726 654 729
730 726 729
730 729 731
729 654 657
729 657 732
733 729 732
733 732 734
732 657 735
655 735 657
732 735 736
737 732 736
737 736 738
739 735 655
656 739 655
736 735 740
739 740 735
736 740 741
742 736 741
742 741 743
741 740 744
745 740 739
745 744 740
746 745 739
656 747 739
746 739 747
741 744 748
749 741 748
749 748 750
751 744 745
751 745 746
748 744 752
751 752 744
748 752 753
754 748 753
754 753 755
753 752 756
753 756 757
758 753 757
758 757 759
760 756 752
760 752 751
760 751 761
751 746 761
760 761 762
761 763 762
761 764 763
746 764 761
763 764 765
763 765 766
767 766 765
767 765 768
765 764 769
746 769 764
770 765 769
770 769 771
769 746 772
773 769 772
773 772 774
746 747 772
747 775 772
775 747 656
772 775 776
772 776 777
775 656 778
779 775 778
779 778 780
636 778 656
781 778 636
781 636 782
783 784 785
786 787 788
789 790 791
792 793 794
795 796 797
798 797 799
800 801 802
803 804 805
806 807 808
635 809 810
635 811 812
813 814 815
617 816 817
818 617 819
820 617 821
820 821 822
617 620 821
620 823 821
620 824 823
824 620 619
821 823 825
821 825 826
825 823 827
827 823 824
825 827 828
824 619 829
619 830 829
619 682 830
827 824 831
832 824 829
832 831 824
829 830 833
829 833 832
834 827 831
835 827 834
835 834 836
837 830 682
838 833 830
838 830 837
837 682 839
839 682 681
839 681 686
840 839 686
840 686 841
842 837 839
842 839 843
844 838 837
844 837 845
846 833 838
847 846 838
847 838 848
846 849 833
832 833 849
832 849 850
831 832 850
831 850 851
834 831 851
852 849 846
850 849 853
852 853 849
854 852 846
854 846 855
856 852 854
856 857 852
857 853 852
857 858 853
850 853 859
859 853 858
851 850 859
859 858 860
861 859 860
851 859 861
861 860 862
863 861 862
864 851 861
864 834 851
863 865 861
864 861 865
865 863 866
834 864 867
834 867 868
865 869 864
865 866 869
870 864 869
870 869 871
872 869 866
872 866 873
874 875 876
877 878 879
880 881 882
883 884 885
886 887 888
889 887 890
889 890 891
892 893 894
895 896 894
895 897 896
898 899 900
901 899 902
903 899 904
905 899 906
907 899 908
909 899 910
911 899 912
913 899 914
915 899 916
917 899 918
919 899 920
921 899 922
923 899 924
925 899 923
926 899 925
927 899 928
929 899 927
930 899 931
931 899 932
932 899 933
934 935 936
937 938 939
940 941 942
943 944 945
946 947 948
948 949 950
948 950 951
949 952 950
952 953 950
951 950 954
953 954 950
949 955 952
956 955 949
956 957 955
952 955 958
959 953 952
952 958 959
955 960 958
955 961 960
960 962 958
962 959 958
960 963 962
962 964 959
965 964 962
966 965 962
966 967 965
959 968 953
969 959 964
969 968 959
965 970 964
964 971 969
964 970 971
968 969 972
953 968 973
968 972 973
969 971 974
969 974 972
975 970 965
965 976 975
965 977 976
970 978 971
971 979 974
971 978 979
975 980 970
970 980 978
981 972 974
982 973 972
981 982 972
983 974 979
983 981 974
984 982 981
984 985 982
982 986 973
987 986 982
987 988 986
989 981 983
989 990 981
991 989 983
991 983 992
992 983 979
992 979 993
978 993 979
978 994 993
980 994 978
980 995 994
996 995 980
996 980 997
975 997 980
997 998 996
997 975 999
997 999 998
1000 999 975
1000 1001 999
1002 998 999
1002 1003 998
1004 1005 1006
1007 1008 1009
1010 1011 1012
1013 1014 1015
1016 1017 1018
1019 1020 1017
1021 1022 1023
1024 1025 1026
1027 1028 1029
1030 1031 1032
1033 1034 1030
1035 1033 1030
1035 1036 1033
1034 1037 1030
1034 1038 1037
1033 1036 1039
1040 1039 1036
1041 1040 1036
1041 1036 1042
1043 1041 1042
1043 1042 1044
1040 1041 1045
1040 1045 951
1046 1040 951
1040 1046 1039
1046 951 1047
951 954 1047
1046 1048 1039
1033 1039 1049
1049 1039 1048
1050 1046 1047
1046 1050 1048
1047 954 1051
1050 1047 1052
1047 1051 1052
954 1053 1051
953 1053 954
1053 953 1054
953 973 1054
986 1054 973
986 1055 1054
1056 1055 986
1056 1057 1055
1053 1054 1058
1055 1058 1054
1059 1051 1053
1059 1053 1058
1055 1060 1058
1061 1060 1055
1061 1062 1060
1060 1063 1058
1059 1058 1063
1060 1064 1063
1065 1064 1060
1065 1066 1064
1059 1067 1051
1063 1068 1059
1067 1059 1068
1064 1069 1063
1063 1069 1068
1051 1067 1070
1051 1070 1052
1067 1068 1071
1070 1067 1071
1072 1052 1070
1072 1050 1052
1064 1073 1069
1074 1073 1064
1074 1075 1073
1069 1076 1068
1071 1068 1076
1070 1071 1077
1072 1070 1077
1078 1069 1073
1069 1078 1076
1050 1072 1079
1050 1079 1048
1071 1076 1080
1077 1071 1080
1078 1073 1081
1081 1073 1082
1081 1082 1083
1072 1077 1084
1085 1079 1072
1085 1072 1084
1086 1048 1079
1086 1079 1085
1077 1080 1087
1084 1077 1087
1088 1080 1076
1088 1087 1080
1078 1089 1076
1088 1076 1089
1090 1078 1081
1078 1090 1089
1091 1088 1089
1090 1091 1089
1090 1081 1092
1092 1081 1093
1092 1093 1094
1095 1090 1092
1090 1095 1091
1091 1096 1088
1088 1096 1087
1084 1087 1097
1085 1084 1097
1096 1091 1098
1095 1098 1091
1099 1087 1096
1099 1097 1087
1096 1098 1099
1095 1092 1100
1100 1092 1101
1100 1101 1102
1103 1097 1099
1103 1099 1098
1085 1097 1104
1103 1104 1097
1095 1105 1098
1105 1095 1100
1103 1098 1106
1105 1106 1098
1105 1100 1107
1107 1100 1108
1107 1108 1109
1110 1105 1107
1105 1110 1106
1111 1103 1106
1104 1103 1111
1112 1085 1104
1086 1085 1112
1110 1107 1113
1113 1107 1114
1113 1114 1115
1110 1116 1106
1111 1106 1116
1104 1111 1117
1112 1104 1117
1118 1110 1113
1110 1118 1116
1111 1116 1119
1111 1119 1117
1118 1119 1116
1120 1112 1117
1120 1117 1119
1118 1113 1121
1121 1113 1122
1121 1122 1123
1124 1112 1120
1124 1086 1112
1119 1125 1120
1124 1120 1125
1118 1126 1119
1126 1118 1121
1119 1126 1125
1126 1121 1127
1127 1121 1128
1127 1128 1129
1126 1130 1125
1126 1127 1130
1127 1131 1130
1127 1132 1131
1124 1125 1133
1130 1133 1125
1134 1086 1124
1135 1124 1133
1135 1134 1124
1130 1136 1133
1136 1135 1133
1137 1136 1130
1137 1130 1138
1134 1139 1086
1086 1139 1048
1049 1048 1139
1134 1049 1139
1134 1140 1049
1140 1134 1135
1049 1140 1033
1136 1141 1135
1142 1141 1136
1142 1143 1141
1141 1144 1135
1140 1135 1144
1033 1140 1145
1033 1145 1034
1145 1140 1146
1146 1140 1144
1141 1147 1144
1148 1147 1141
1148 1149 1147
1147 1150 1144
1146 1144 1150
1145 1146 1151
1034 1145 1151
1147 1152 1150
1153 1152 1147
1153 1154 1152
1155 1146 1150
1151 1146 1155
1152 1156 1150
1155 1150 1156
1152 1157 1156
1158 1157 1152
1158 1159 1157
1157 1160 1156
1161 1155 1156
1161 1156 1160
1162 1155 1161
1151 1155 1163
1162 1163 1155
1157 1164 1160
1165 1164 1157
1165 1166 1164
1167 1161 1160
1167 1162 1161
1164 1168 1160
1167 1160 1168
1164 1169 1168
1170 1169 1164
1170 1171 1169
1169 1172 1168
1169 1173 1172
1174 1173 1169
1174 1175 1173
1176 1168 1172
1176 1167 1168
1176 1177 1167
1167 1177 1162
1176 1178 1177
1177 1178 1179
1177 1179 1180
1162 1177 1180
1179 1181 1180
1179 1182 1181
1183 1181 1182
1183 1184 1181
1181 1185 1180
1162 1180 1185
1186 1185 1181
1186 1187 1185
1185 1188 1162
1189 1188 1185
1189 1190 1188
1162 1188 1163
1163 1188 1191
1191 1151 1163
1188 1192 1191
1188 1193 1192
1191 1194 1151
1195 1194 1191
1195 1196 1194
1034 1151 1194
1197 1034 1194
1197 1198 1034
1030 1199 1200
1201 1202 1203
949 1204 1205
1206 1207 949
1208 1209 1210
1211 1212 1213
1214 1215 1216
1217 1218 1219
1220 1221 1222
1223 1224 1222
1223 1225 1224
1226 1227 1228
1229 1227 1230
1229 1230 1231
1232 1233 1234
1235 1236 1234
1237 1238 1234
1239 1240 1234
1241 1242 1234
1243 1244 1234
1245 1246 1234
1247 1248 1234
1249 1250 1234
1251 1252 1234
1253 1254 1234
1255 1256 1234
1257 1258 1234
1259 1257 1234
1260 1259 1234
1261 1262 1234
1263 1261 1234
1264 1265 1234
1265 1266 1234
1266 1267 1234
1268 1269 1270
1271 1272 1273
1274 1275 1276
1277 1278 1279
1280 1281 1282
1283 1281 1284
1285 1281 1286
1287 1281 1288
1289 1281 1290
1291 1281 1292
1293 1281 1294
1294 1281 1295
1296 1281 1297
1297 1281 1298
1299 1300 1301
1302 1303 1301
1304 1305 1301
1306 1307 1301
1308 1309 1301
1310 1311 1301
1312 1313 1301
1313 1314 1301
1315 1316 1301
1316 1317 1301
1318 1319 1320
1321 1320 1322
1320 1323 1322
1320 1324 1323
1320 1325 1324
1320 1326 1325
1327 1326 1320
1327 1328 1326
1324 1329 1323
1325 1330 1324
1324 1330 1329
1322 1323 1331
1323 1329 1332
1323 1332 1331
1325 1326 1333
1326 1334 1333
1326 1335 1334
1325 1333 1336
1337 1336 1333
1338 1337 1333
1338 1339 1337
1337 1339 1340
1337 1340 1341
1336 1342 1325
1325 1342 1330
1343 1337 1341
1337 1344 1336
1343 1344 1337
1345 1344 1343
1344 1346 1336
1345 1346 1344
1346 1347 1336
1336 1347 1342
1348 1343 1341
1349 1348 1341
1349 1350 1348
1345 1351 1346
1346 1351 1347
1342 1352 1330
1347 1353 1342
1342 1353 1352
1354 1347 1351
1347 1354 1353
1330 1352 1355
1330 1355 1329
1329 1355 1356
1329 1356 1332
1357 1352 1353
1358 1355 1352
1357 1358 1352
1359 1353 1354
1359 1357 1353
1360 1356 1355
1358 1360 1355
1332 1356 1361
1360 1362 1356
1362 1361 1356
1332 1361 1363
1331 1332 1363
1364 1358 1357
1365 1360 1358
1364 1365 1358
1365 1366 1360
1366 1362 1360
1367 1357 1359
1367 1364 1357
1368 1366 1365
1368 1365 1364
1368 1369 1366
1370 1369 1368
1366 1371 1362
1369 1371 1366
1371 1372 1362
1362 1372 1361
1363 1361 1373
1372 1373 1361
1368 1364 1374
1375 1368 1374
1375 1374 1376
1364 1377 1374
1364 1367 1377
1378 1377 1367
1374 1377 1379
1374 1379 1380
1381 1377 1378
1381 1378 1382
1378 1383 1382
1378 1384 1383
1378 1367 1385
1386 1384 1378
1386 1378 1385
1387 1386 1385
1385 1367 1388
1387 1385 1388
1388 1367 1359
1388 1359 1389
1387 1388 1389
1354 1389 1359
1390 1384 1386
1391 1384 1390
1391 1390 1392
1354 1393 1389
1354 1351 1393
1387 1389 1394
1393 1395 1389
1389 1395 1394
1394 1396 1387
1394 1397 1396
1395 1398 1394
1395 1399 1398
1393 1400 1395
1400 1401 1395
1400 1402 1401
1393 1351 1403
1393 1403 1400
1400 1403 1404
1400 1404 1405
1351 1406 1403
1345 1406 1351
1403 1406 1407
1403 1407 1408
1406 1345 1409
1406 1409 1410
1345 1411 1412
1345 1413 1411
1343 1413 1345
1343 1414 1413
1348 1414 1343
1414 1415 1413
1414 1416 1415
1417 1416 1414
1417 1414 1348
1348 1418 1417
1348 1419 1418
1420 1413 1421
1420 1421 1422
1423 1322 1424
1425 1426 1322
1427 1428 1322
1429 1430 1322
1429 1431 1430
1432 1431 1429
1322 1331 1429
1432 1429 1433
1429 1331 1434
1429 1434 1433
1331 1363 1434
1434 1363 1435
1363 1373 1435
1433 1434 1436
1434 1435 1436
1433 1436 1437
1437 1438 1433
1437 1439 1438
1435 1373 1440
1436 1435 1441
1435 1440 1441
1437 1436 1442
1436 1441 1442
1443 1441 1440
1443 1444 1441
1445 1442 1441
1445 1446 1442
1447 1440 1373
1372 1447 1373
1447 1448 1440
1449 1440 1448
1449 1448 1450
1451 1447 1372
1371 1451 1372
1452 1448 1447
1451 1452 1447
1453 1451 1371
1369 1453 1371
1452 1454 1448
1455 1448 1454
1455 1454 1456
1457 1452 1451
1453 1457 1451
1457 1458 1452
1458 1454 1452
1459 1457 1453
1459 1453 1460
1453 1461 1460
1453 1369 1461
1458 1457 1462
1458 1462 1463
1458 1464 1454
1465 1454 1464
1466 1464 1458
1466 1458 1467
1468 1469 1454
1470 1471 1369
1472 1369 1473
1474 1369 1475
1476 1464 1477
1478 1479 1464
1480 1481 1464
1482 1483 1484
1485 1483 1486
1483 1487 1488
1483 1442 1489
1437 1442 1483
1490 1437 1483
1490 1491 1437
1442 1492 1493
1494 1495 1496
1497 1498 1499
1497 1500 1501
1497 1502 1503
1497 1504 1502
1497 1505 1504
1506 1505 1497
1506 1497 1507
1506 1508 1505
1505 1508 1509
1505 1509 1510
1504 1505 1510
1511 1510 1509
1511 1512 1510
1504 1510 1513
1514 1513 1510
1514 1515 1513
1516 1504 1513
1502 1504 1516
1516 1513 1517
1518 1517 1513
1518 1519 1517
1502 1516 1520
1502 1520 1521
1521 1520 1522
1523 1516 1517
1520 1516 1523
1523 1517 1524
1517 1525 1524
1517 1526 1525
1520 1523 1527
1528 1523 1524
1527 1523 1528
1520 1527 1529
1520 1529 1530
1529 1527 1531
1528 1524 1532
1533 1532 1524
1533 1534 1532
1527 1528 1535
1536 1527 1535
1537 1528 1532
1535 1528 1537
1537 1532 1538
1539 1537 1538
1540 1538 1532
1540 1541 1538
1535 1537 1542
1542 1537 1539
1535 1542 1543
1539 1538 1544
1545 1544 1538
1545 1546 1544
1547 1539 1544
1548 1547 1544
1548 1549 1547
1542 1539 1550
1539 1551 1550
1542 1550 1552
1550 1551 1553
1550 1553 1554
1555 1550 1554
1547 1556 1539
1539 1556 1551
1557 1556 1547
1551 1556 1557
1557 1547 1558
1559 1558 1547
1559 1560 1558
1561 1557 1558
1562 1561 1558
1562 1563 1561
1561 1564 1557
1557 1564 1565
1557 1565 1566
1551 1557 1566
1551 1566 1567
1566 1565 1568
1566 1568 1569
1565 1570 1571
1566 1572 1573
1551 1574 1575
1551 1576 1577
1506 1578 1579
1542 1580 1581
1582 1542 1583
1535 1582 1584
1585 1535 1586
1587 1527 1588
1502 1589 1590
1502 1591 1592
1593 1594 1595
1596 1597 1598
1599 1600 1601
1602 1603 1601
1603 1604 1601
1603 1605 1604
1601 1604 1606
1606 1604 1607
1604 1608 1607
1604 1609 1608
1601 1606 1610
1610 1606 1611
1606 1607 1612
1611 1606 1612
1613 1601 1610
1614 1601 1613
1614 1615 1601
1616 1614 1613
1616 1613 1617
1618 1616 1617
1613 1610 1619
1617 1613 1619
1610 1611 1620
1619 1610 1620
1618 1617 1621
1622 1618 1621
1617 1619 1623
1619 1620 1624
1623 1619 1624
1617 1625 1621
1617 1623 1625
1622 1621 1626
1627 1621 1625
1627 1626 1621
1628 1622 1626
1628 1629 1622
1630 1629 1628
1630 1628 1631
1632 1628 1626
1632 1626 1627
1633 1627 1625
1623 1633 1625
1623 1634 1633
1633 1635 1627
1635 1632 1627
1634 1635 1633
1628 1636 1631
1628 1632 1636
1636 1637 1631
1637 1638 1631
1637 1639 1638
1640 1639 1637
1640 1637 1641
1637 1642 1641
1637 1643 1642
1636 1643 1637
1635 1644 1632
1644 1636 1632
1645 1643 1636
1644 1645 1636
1634 1646 1635
1646 1644 1635
1645 1647 1643
1648 1643 1647
1648 1647 1649
1647 1650 1649
1647 1651 1650
1652 1647 1645
1652 1653 1647
1644 1654 1645
1655 1645 1654
1655 1656 1645
1646 1657 1644
1644 1657 1654
1646 1658 1657
1646 1659 1658
1634 1659 1646
1657 1660 1654
1661 1654 1660
1661 1662 1654
1657 1663 1660
1658 1663 1657
1664 1660 1663
1664 1663 1665
1658 1666 1663
1667 1663 1666
1667 1666 1668
1659 1669 1658
1658 1670 1666
1658 1669 1670
1659 1671 1669
1672 1671 1659
1634 1672 1659
1673 1672 1634
1672 1674 1671
1673 1674 1672
1673 1634 1675
1623 1675 1634
1623 1624 1675
1673 1675 1624
1673 1624 1676
1676 1624 1620
1677 1674 1673
1677 1673 1676
1671 1674 1678
1677 1678 1674
1669 1671 1679
1671 1678 1679
1676 1620 1680
1680 1620 1611
1669 1679 1681
1681 1670 1669
1682 1679 1678
1681 1679 1682
1682 1678 1683
1683 1678 1677
1681 1682 1684
1685 1681 1684
1685 1686 1681
1681 1686 1670
1670 1686 1687
1687 1686 1688
1687 1688 1689
1690 1687 1689
1690 1691 1687
1687 1691 1692
1687 1692 1693
1670 1687 1693
1683 1677 1694
1666 1670 1693
1694 1677 1695
1677 1676 1695
1694 1695 1696
1696 1695 1697
1696 1697 1698
1695 1676 1680
1695 1680 1697
1666 1693 1699
1700 1666 1699
1700 1699 1701
1702 1699 1693
1702 1703 1699
1699 1703 1704
1699 1704 1705
1697 1680 1706
1680 1611 1706
1611 1707 1706
1611 1708 1707
1611 1612 1708
1697 1706 1709
1706 1707 1710
1706 1710 1709
1709 1710 1711
1709 1711 1712
1713 1697 1709
1713 1709 1714
1715 1697 1713
1716 1710 1707
1710 1716 1717
1710 1717 1718
1708 1719 1707
1716 1707 1719
1708 1612 1720
1708 1721 1719
1708 1720 1721
1722 1720 1612
1722 1612 1607
1607 1723 1722
1607 1724 1723
1725 1716 1719
1721 1725 1719
1721 1720 1726
1726 1720 1722
1721 1727 1725
1721 1726 1727
1728 1725 1727
1728 1727 1729
1730 1727 1726
1730 1731 1727
1725 1732 1716
1733 1732 1725
1733 1734 1732
1716 1732 1735
1716 1735 1736
1737 1735 1732
1726 1722 1738
1739 1726 1738
1739 1738 1740
1722 1741 1738
1722 1742 1741
1738 1741 1743
1744 1745 1732
1746 1738 1747
1748 1368 1749
1750 1751 1752
1750 1753 1754
1750 1755 1756
1750 1756 1757
1750 1757 1758
1759 1750 1758
1759 1760 1750
1759 1758 1761
1758 1762 1761
1758 1763 1762
1757 1763 1758
1764 1762 1763
1764 1763 1765
1757 1766 1763
1767 1763 1766
1767 1766 1768
1769 1766 1757
1756 1769 1757
1769 1770 1766
1771 1766 1770
1771 1770 1772
1756 1773 1769
1756 1774 1773
1774 1775 1773
1776 1770 1769
1773 1776 1769
1776 1777 1770
1770 1777 1778
1770 1778 1779
1773 1780 1776
1781 1777 1776
1780 1781 1776
1773 1782 1780
1773 1783 1782
1782 1784 1780
1781 1785 1777
1786 1777 1785
1786 1785 1787
1780 1788 1781
1789 1788 1780
1790 1785 1781
1788 1790 1781
1790 1791 1785
1792 1791 1790
1793 1785 1791
1793 1791 1794
1788 1795 1790
1795 1792 1790
1788 1796 1795
1792 1797 1791
1798 1791 1797
1798 1797 1799
1800 1797 1792
1801 1797 1800
1801 1800 1802
1795 1803 1792
1792 1803 1804
1795 1805 1803
1803 1806 1804
1803 1807 1806
1808 1807 1803
1800 1792 1809
1792 1804 1809
1810 1800 1809
1804 1810 1809
1810 1811 1800
1812 1800 1811
1812 1811 1813
1814 1811 1810
1815 1811 1814
1815 1814 1816
1814 1810 1817
1810 1818 1817
1810 1819 1818
1804 1819 1810
1804 1820 1819
1819 1821 1818
1819 1822 1821
1818 1823 1824
1819 1825 1826
1804 1827 1828
1804 1829 1830
1759 1831 1832
1795 1833 1834
1835 1836 1795
1788 1837 1835
1838 1839 1788
1840 1841 1780
1756 1842 1843
1756 1844 1845
1846 1847 1848
1849 1850 1851
1852 1697 1853
1854 1855 1856
1857 1858 1859
1860 1861 1862
1863 1864 1865
1866 1864 1867
1868 1864 1869
1870 1864 1871
1872 1864 1873
1874 1864 1875
1876 1864 1877
1878 1864 1879
1880 1864 1881
1882 1864 1883
1884 1864 1885
1886 1864 1884
1887 1864 1886
1888 1864 1889
1890 1864 1888
1891 1864 1892
1892 1864 1893
1893 1864 1894
1895 1896 1897
1898 1896 1899
1900 1896 1901
1902 1896 1903
1904 1896 1905
1906 1896 1907
1908 1896 1909
1910 1896 1911
1912 1896 1910
1913 1896 1912
1914 1915 1916
1917 1915 1918
1919 1915 1920
1921 1915 1922
1923 1915 1924
1925 1915 1926
1927 1915 1928
1929 1915 1930
1931 1915 1932
1933 1915 1931
1934 1935 1936
1937 1938 1936
1939 1940 1936
1941 1942 1936
1943 1944 1936
1945 1946 1936
1947 1948 1936
1949 1950 1936
1951 1952 1936
1953 1951 1936
1954 1955 1956
1957 1958 1959
1958 1960 1961
1962 1963 1958
1963 1964 1958
1963 1965 1964
1965 1966 1964
1965 1967 1966
1958 1964 1968
1964 1966 1969
1964 1969 1968
1958 1968 1970
1970 1971 1958
1972 1969 1966
1973 1969 1972
1972 1966 1974
1966 1975 1974
1966 1976 1975
1977 1972 1974
1977 1973 1972
1977 1974 1978
1979 1978 1974
1979 1980 1978
1978 1981 1977
1978 1982 1981
1973 1983 1969
1969 1983 1984
1969 1984 1968
1984 1983 1985
1984 1986 1968
1986 1984 1985
1986 1987 1968
1987 1970 1968
1988 1983 1973
1985 1983 1988
1987 1986 1989
1986 1985 1989
1977 1990 1973
1977 1991 1990
1977 1992 1991
1973 1990 1993
1990 1994 1993
1990 1995 1994
1988 1973 1996
1973 1993 1996
1996 1993 1997
1996 1997 1998
1988 1996 1999
1996 2000 1999
1985 1988 2001
2001 1988 1999
1985 2001 2002
1985 2002 1989
2003 2002 2001
2003 2004 2002
2002 2005 1989
2002 2006 2005
2001 1999 2007
2008 2001 2007
2008 2007 2009
1999 2010 2007
1999 2011 2010
2012 2013 1999
2007 2014 2015
2007 2015 2016
2017 2018 1989
2017 2019 2018
1987 1989 2018
2019 2020 2018
2020 1987 2018
2019 2021 2020
2020 2021 2022
2020 2023 1987
2024 2023 2020
1987 2023 1970
2023 2025 1970
2020 2026 2027
1970 2027 2028
2029 2030 2031
2032 2033 2031
2034 2035 2031
2036 2034 2031
2036 2031 2037
2038 2037 2031
2038 2039 2037
2034 2036 2040
2041 2036 2037
2036 2041 2040
2034 2040 2042
2042 2043 2034
2042 2040 2044
2044 2045 2042
2041 2037 2046
2047 2046 2037
2047 2048 2046
2048 2049 2046
2049 2041 2046
2041 2050 2040
2040 2050 2044
2049 2051 2041
2041 2051 2050
2049 2052 2051
2051 2053 2050
2051 2052 2053
2050 2054 2044
2050 2055 2054
2050 2053 2055
2056 2044 2054
2055 2056 2054
2055 2057 2056
2056 2058 2044
2059 2044 2058
2060 2055 2053
2061 2055 2060
2061 2060 2062
2063 2053 2052
2060 2053 2063
2064 2052 2049
2063 2052 2065
2065 2052 2064
2064 2049 2066
2067 2064 2066
2068 2066 2049
2068 2069 2066
2070 2067 2066
2070 2071 2067
2072 2065 2064
2067 2072 2064
2072 2073 2065
2074 2063 2065
2073 2074 2065
2075 2072 2067
2073 2072 2075
2073 2075 2076
2077 2073 2076
2077 2078 2073
2073 2078 2074
2078 2079 2074
2078 2080 2079
2074 2081 2063
2074 2082 2081
2074 2083 2082
2084 2063 2081
2084 2060 2063
2081 2085 2084
2081 2086 2085
2060 2084 2087
2060 2087 2088
2089 2090 2078
2089 2091 2090
2084 2092 2093
2084 2093 2094
2044 2095 2096
2044 2097 2098
2099 2100 2042
2101 2102 2103
2103 2104 2105
2104 2103 2106
2107 2106 2103
2104 2106 2108
2109 2104 2108
2109 2105 2104
2109 2108 2110
2103 2105 2111
2103 2111 2112
2109 2113 2105
2114 2113 2109
2115 2114 2109
2115 2116 2114
2117 2111 2105
2118 2111 2117
2105 2113 2119
2117 2105 2120
2105 2119 2120
2114 2121 2113
2119 2113 2121
2122 2117 2120
2117 2122 2123
2114 2124 2121
2125 2119 2121
2125 2121 2124
2120 2119 2126
2122 2120 2127
2120 2126 2127
2128 2122 2127
2128 2127 2129
2127 2126 2130
2127 2130 2131
2126 2119 2132
2132 2119 2125
2126 2132 2133
2134 2126 2133
2134 2133 2135
2136 2132 2125
2132 2136 2133
2124 2137 2125
2136 2125 2137
2136 2138 2133
2133 2138 2139
2133 2139 2140
2137 2141 2136
2136 2141 2138
2142 2137 2124
2137 2143 2141
2143 2137 2142
2144 2138 2141
2145 2138 2144
2145 2146 2138
2143 2147 2141
2144 2141 2147
2143 2148 2147
2149 2148 2143
2149 2143 2150
2143 2142 2150
2151 2144 2147
2152 2151 2147
2151 2153 2144
2153 2154 2144
2153 2155 2154
2150 2142 2156
2150 2156 2157
2158 2150 2159
2158 2159 2160
2142 2161 2162
2142 2163 2161
2142 2124 2163
2164 2163 2124
2164 2124 2114
2163 2164 2165
2163 2165 2166
2114 2167 2164
2114 2168 2167
2164 2169 2170
2164 2170 2171
2172 2173 2174
2122 2175 2176
2122 2177 2178
2179 2111 2180
2181 2182 2183
2184 2185 2181
2184 2181 2186
2181 2187 2186
2188 2186 2187
2188 2189 2186
2181 2190 2187
2190 2181 2191
2181 2192 2191
2187 2190 2193
2193 2190 2191
2187 2193 2194
2187 2194 2195
2196 2187 2195
2196 2195 2197
2194 2198 2195
2194 2193 2199
2198 2194 2199
2195 2198 2200
2195 2200 2201
2200 2198 2202
2200 2202 2203
2198 2199 2204
2198 2204 2202
2205 2204 2199
2206 2199 2193
2193 2191 2207
2207 2206 2193
2208 2205 2199
2206 2208 2199
2204 2209 2202
2202 2209 2210
2202 2210 2211
2212 2210 2209
2204 2213 2209
2205 2213 2204
2214 2209 2213
2213 2205 2215
2208 2206 2216
2207 2217 2206
2217 2216 2206
2205 2208 2218
2208 2216 2218
2218 2216 2219
2218 2219 2220
2221 2218 2220
2221 2222 2218
2205 2218 2222
2205 2222 2223
2217 2224 2216
2216 2224 2225
2216 2225 2226
2227 2224 2217
2227 2217 2207
2227 2228 2224
2229 2224 2228
2229 2228 2230
2228 2227 2231
2228 2231 2232
2227 2207 2233
2227 2233 2234
2227 2234 2235
2207 2236 2233
2207 2191 2236
2233 2236 2237
2233 2237 2238
2191 2239 2236
2191 2240 2239
2241 2228 2242
2241 2242 2243
2236 2244 2245
2236 2245 2246
2247 2248 2209
2249 2205 2250
2251 2252 2253
2222 2254 2255
2256 2222 2257
2222 2258 2259
2260 2261 2262
2103 2263 2264
2265 2266 2267
2265 2267 2268
2269 2270 2271
2269 2271 2272
2273 2274 2275
2273 2275 2276
2277 2278 2279
2277 2279 2280
2281 2282 2283
2281 2283 2284
2285 2286 2287
2285 2287 2288
2289 2290 2291
2289 2291 2292
2293 2294 2295
2293 2295 2296
2297 2298 2299
2297 2299 2300
2301 2302 2303
2301 2303 2304
2305 2306 2307
2305 2307 2308
2309 2310 2311
2309 2311 2312
2313 2314 2315
2313 2315 2316
2317 2318 2319
2317 2319 2320
2321 2322 2323
2321 2323 2324
2325 2326 2327
2325 2327 2328
2329 2330 2331
2329 2331 2332
2333 2334 2335
2333 2335 2336
2337 2338 2339
2337 2339 2340
2341 2342 2343
2341 2343 2344
2345 2346 2347
2345 2347 2348
2349 2350 2351
2349 2351 2352
2353 2354 2355
2353 2355 2356
2357 2358 2359
2357 2359 2360
2361 2362 2363
2361 2363 2364
2365 2366 2367
2365 2367 2368
2369 2370 2371
2369 2371 2372
2373 2374 2375
2373 2375 2376
2377 2378 2379
2377 2379 2380
2381 2382 2383
2381 2383 2384
2385 2386 2387
2385 2387 2388
2389 2390 2391
2389 2391 2392
2393 2394 2395
2395 2394 2396
2397 2394 2398
2399 2394 2397
2400 2401 2402
2400 2402 2403
2400 2404 2405
2400 2406 2404
2407 2408 2409
2407 2409 2410
2411 2412 2413
2411 2413 2414
2415 2416 2417
2415 2417 2418
2419 2420 2421
2419 2421 2422
2423 2424 2425
2425 2424 2426
2427 2424 2428
2429 2424 2427
2430 2431 2432
2430 2432 2433
2430 2434 2435
2430 2436 2434
2437 2438 2439
2437 2439 2440
2441 2442 2443
2441 2443 2444
2445 2446 2447
2445 2447 2448
2449 2450 2451
2449 2451 2452
2453 2454 2455
2453 2455 2456
2457 2458 2459
2457 2459 2460
2461 2462 2463
2461 2463 2464
2465 2466 2467
2465 2467 2468
2469 2470 2471
2469 2471 2472
2473 2474 2475
2473 2475 2476
2477 2478 2479
2477 2479 2480
2481 2482 2483
2481 2483 2484
2485 2486 2487
2485 2487 2488
2489 2490 2491
2489 2491 2492
2493 2494 2495
2493 2495 2496
2497 2498 2499
2497 2499 2500
2501 2502 2503
2501 2503 2504
2505 2506 2507
2505 2507 2508
2509 2510 2511
2509 2511 2512
2513 2514 2515
2513 2515 2516
2517 2518 2519
2517 2519 2520
2521 2522 2523
2521 2523 2524
2525 2526 2527
2525 2527 2528
2529 2530 2531
2529 2531 2532
2533 2534 2535
2533 2535 2536
2537 2538 2539
2537 2539 2540
2541 2542 2543
2541 2543 2544
2545 2546 2547
2545 2547 2548
2549 2550 2551
2549 2551 2552
2553 2554 2555
2553 2555 2556
2557 2558 2559
2557 2559 2560
2561 2562 2563
2561 2563 2564
2565 2566 2567
2565 2567 2568
2569 2570 2571
2569 2571 2572
2573 2574 2575
2573 2575 2576
2577 2578 2579
2577 2579 2580
2581 2582 2583
2581 2583 2584
2585 2586 2587
2585 2587 2588
2589 2590 2591
2589 2591 2592
2593 2594 2595
2593 2595 2596
2597 2598 2599
2597 2599 2600
2601 2602 2603
2601 2603 2604
2605 2606 2607
2605 2607 2608
2609 2610 2611
2609 2611 2612
2613 2614 2615
2613 2615 2616
2617 2618 2619
2617 2619 2620
2621 2622 2623
2621 2623 2624
2625 2626 2627
2625 2627 2628
2629 2630 2631
2629 2631 2632
2633 2634 2635
2633 2635 2636
2637 2638 2639
2637 2639 2640
2641 2642 2643
2641 2643 2644
2645 2646 2647
2645 2647 2648
2649 2650 2651
2649 2651 2652
2653 2654 2655
2653 2655 2656
2657 2658 2659
2657 2659 2660
2661 2662 2663
2662 2664 2663
2665 2666 2663
2667 2665 2663
2668 2669 2670
2668 2671 2669
2668 2672 2673
2668 2673 2674
2675 2676 2677
2675 2677 2678
2679 2680 2681
2679 2681 2682
2683 2684 2685
2683 2685 2686
2687 2688 2689
2687 2689 2690
2691 2692 2693
2692 2694 2693
2695 2696 2693
2697 2695 2693
2698 2699 2700
2698 2701 2699
2698 2702 2703
2698 2703 2704
2705 2706 2707
2705 2707 2708
2709 2710 2711
2709 2711 2712
2713 2714 2715
2713 2715 2716
2717 2718 2719
2717 2719 2720
2721 2722 2723
2721 2723 2724
2725 2726 2727
2725 2727 2728
2729 2730 2731
2729 2731 2732
2733 2734 2735
2733 2735 2736
2737 2738 2739
2737 2739 2740
2741 2742 2743
2741 2743 2744
2745 2746 2747
2745 2747 2748
2749 2750 2751
2749 2751 2752
2753 2754 2755
2753 2755 2756
2757 2758 2759
2757 2759 2760
2761 2762 2763
2761 2763 2764
2765 2766 2767
2765 2767 2768
2769 2770 2771
2769 2771 2772
2773 2774 2775
2773 2775 2776
2777 2778 2779
2777 2779 2780
2781 2782 2783
2781 2783 2784
2785 2786 2787
2785 2787 2788
2789 2790 2791
2789 2791 2792
2793 2794 2795
2793 2795 2796
2797 2798 2799
2797 2799 2800
2801 2802 2803
2801 2803 2804
2805 2806 2807
2805 2807 2808
2809 2810 2811
2809 2811 2812
2813 2814 2815
2813 2815 2816
2817 2818 2819
2817 2819 2820
2821 2822 2823
2821 2823 2824
2825 2826 2827
2825 2827 2828
2829 2830 2831
2829 2831 2832
2833 2834 2835
2833 2835 2836
2837 2838 2839
2837 2839 2840
2841 2842 2843
2841 2843 2844
2845 2846 2847
2845 2847 2848
2849 2850 2851
2849 2851 2852
2853 2854 2855
2853 2855 2856
2857 2858 2859
2857 2859 2860
2861 2862 2863
2861 2863 2864
2865 2866 2867
2865 627 2866
2868 2869 2870
2868 2870 2871
2872 2873 2874
2872 2874 2875
2876 2877 2878
2876 2878 2879
2880 2881 2882
2880 2882 2883
2884 2885 2886
2884 2886 2887
2888 2889 2890
2888 2890 2891
2892 2893 2894
2892 2894 2895
2896 2897 2898
2896 2898 2899
2900 2901 2898
2900 2902 2901
2903 2904 2905
2903 2906 2904
2906 2907 2908
2906 2908 2909
2910 2911 2912
2910 2913 2911
2914 2915 2913
2914 2913 2916
2917 2918 2914
2917 2919 2918
2920 2921 2922
2920 2922 2923
2924 2925 2926
2924 2926 2927
2928 2929 2930
2928 2930 2931
2932 2933 2934
2932 2934 2935
2936 2937 2938
2936 2938 2939
2940 2941 2942
2940 2942 2943
2944 2945 2946
2944 2946 2947
2948 2949 2950
2948 2950 2951
2952 2953 2954
2952 2954 2955
2956 2957 2958
2956 2958 2959
2960 2961 2962
2960 2962 2963
2964 2965 2966
2964 2966 2967
2968 2969 2970
2968 2970 2971
2972 2970 2973
2972 2973 2974
2975 2976 2977
2975 2977 2978
2979 2980 2981
2979 2981 2982
2983 2984 2985
2983 2985 2986
2987 2988 2989
2987 2989 2990
2991 2990 2992
2993 2987 2992
2993 2992 2994
2995 2996 2997
2995 2997 2998
2999 3000 3001
2999 3001 3002
3003 3004 3005
3003 3005 3006
3007 3008 3009
3007 3009 3010
3011 3012 3013
3011 3013 3014
3015 3016 3017
3015 3017 3018
3019 3020 3021
3019 3021 3022
3023 3024 3025
3023 3026 3024
3027 3028 3026
3027 3026 3029
3030 3031 3032
3030 3032 3033
3034 3035 3030
3034 3036 3035
3037 3038 3039
3037 3039 3040
3041 3037 3042
3041 3042 3043
3044 3045 3046
3047 3046 3045
3047 3048 3046
3049 3048 3047
3049 3050 3048
3051 3050 3049
3051 3052 3050
3053 3052 3051
3053 3054 3052
3055 3054 3053
3055 3056 3054
3057 3056 3055
3057 3058 3056
3059 3058 3057
3059 3060 3058
3061 3060 3059
3061 3062 3060
3063 3062 3061
3063 3064 3062
3065 3064 3063
3065 3066 3064
3067 3066 3065
3068 3069 3070
3068 3070 3071
3071 3070 3072
3073 3068 3071
3071 3072 3074
3074 3072 3075
3073 3071 3076
3076 3071 3074
3077 3073 3076
3077 3078 3073
3079 3077 3076
3076 3074 3080
3079 3076 3080
3074 3075 3081
3080 3074 3081
3082 3079 3080
3080 3081 3082
3082 3083 3079
3084 3083 3082
3075 3085 3081
3075 3086 3085
3085 3086 3087
3081 3088 3082
3084 3082 3088
3081 3085 3088
3085 3087 3089
3088 3085 3089
3089 3087 3090
3089 3090 3091
3092 3084 3088
3088 3089 3092
3092 3089 3091
3092 3093 3084
3092 3091 3094
3094 3093 3092
3094 3095 3093
3096 3097 3098
3096 3098 3099
3100 3101 3102
3100 3102 3103
3104 3105 3102
3104 3106 3105
3107 3108 3109
3107 3109 3110
3111 3112 3113
3111 3113 3114
3114 3115 3116
3114 3116 3117
3118 3119 3120
3118 3120 3121
3122 3123 3124
3122 3124 3125
3126 3127 3128
3126 3128 3129
3130 3131 3126
3130 3132 3131
3133 3134 3135
3133 3135 3136
3133 3136 3137
3133 3137 3138
3139 3140 3141
3139 3141 3142
3142 3143 3144
3142 3144 3145
3146 3147 3148
3146 3148 3149
3150 3151 3146
3150 3152 3151
3153 3154 3155
3153 3156 3154
3157 3156 3158
3157 3159 3156
3160 3161 3159
3160 3159 3162
3163 3164 3165
3163 3165 3166
3167 3168 3169
3167 3169 3170
3171 3172 3173
3171 3173 3174
3175 3176 3177
3175 3178 3176
3179 3180 3178
3179 3178 3181
3182 3183 3184
3182 3184 3185
3186 3187 3188
3186 3188 3189
3190 3191 3192
3190 3192 3193
3194 3195 3196
3194 3196 3197
3197 3198 3199
3197 3199 3200
3201 3202 3203
3201 3203 3204
3205 3206 3207
3205 3207 3208
3209 3210 3205
3209 3211 3210
3212 3213 3214
3212 3214 3215
3216 3217 3215
3216 3215 3218
3219 3220 3221
3219 3221 3222
3223 3224 3225
3223 3225 3226
3227 3228 3229
3227 3229 3230
3231 3232 3233
3231 3233 3234
3235 3236 3237
3235 3237 3238
3239 3240 3241
3239 3241 3242
3243 3244 3245
3243 3245 3246
3247 3248 3249
3247 3249 3250
3251 3252 3253
3251 3253 3254
3255 3256 3257
3255 3257 3258
3259 3260 3261
3259 3261 3262
3263 3264 3265
3263 3265 3266
3267 3268 3269
3267 3269 3270
3271 3272 3273
3271 3273 3274
3275 3276 3277
3275 3278 3276
3279 3280 3278
3279 3278 3281
3282 3283 3284
3282 3284 3285
3286 3287 3288
3286 3288 3289
3290 3291 3286
3290 3292 3291
3293 3294 3295
3293 3295 3296
3297 3298 3299
3297 3299 3300
3301 3302 3303
3301 3303 3304
3305 3306 3307
3305 3307 3308
3309 3307 3310
3309 3310 3311
3312 3313 3314
3312 3314 3315
3316 3317 3318
3316 3318 3319
3320 3321 3322
3320 3322 3323
3323 3324 3325
3323 3325 3326
3327 3328 3329
3327 3329 3330
3331 3332 3333
3331 3333 3334
3335 3336 3337
3335 3337 3338
3339 3340 3341
3339 3341 3342
3343 3344 3345
3343 3346 3344
3347 3348 3346
3347 3346 3349
3350 3351 3352
3350 3353 3351
3354 3355 3353
3354 3353 3356
3357 3358 3359
3357 3359 3360
3361 3362 3363
3361 3363 3364
3365 3366 3367
3365 3367 3368
3369 3367 3370
3369 3370 3371
3371 3372 3373
3371 3373 3374
3375 3376 3377
3375 3378 3376
3379 3378 3375
3379 3380 3378
3381 3382 3383
3381 3383 3384
3385 3386 3387
3385 3387 3388
3389 3390 3391
3389 3391 3392
3393 3394 3395
3393 3395 3396
3396 3397 3398
3396 3398 3399
3400 3401 3402
3400 3402 3403
3404 3405 3406
3404 3406 3407
3408 3409 3410
3408 3410 3411
3412 3413 3414
3412 3414 3415
3416 3417 3418
3416 3418 3419
3420 3421 3422
3420 3422 3423
3424 3425 3426
3424 3426 3427
3428 3429 3430
3428 3430 3431
3432 3433 3434
3432 3434 3435
3436 3437 3438
3436 3438 3439
3440 3441 3442
3440 3443 3441
3444 3443 3440
3445 3441 3443
3445 3446 3441
3444 3447 3443
3448 3447 3444
3448 3449 3447
3447 3449 3450
3443 3447 3451
3447 3450 3451
3443 3451 3445
3451 3450 3452
3451 3452 3453
3453 3445 3451
3453 3452 3454
3455 3446 3445
3453 3455 3445
3455 3456 3446
3453 3454 3457
3455 3453 3457
3457 3454 3458
3459 3456 3455
3455 3457 3459
3459 3460 3456
3457 3458 3461
3459 3457 3461
3461 3458 3462
3463 3460 3459
3459 3461 3463
3463 3464 3460
3461 3462 3465
3463 3461 3465
3465 3462 3466
3467 3464 3463
3463 3465 3467
3467 3468 3464
3469 3468 3467
3465 3466 3470
3467 3465 3470
3470 3466 3471
3469 3467 3472
3467 3470 3472
3473 3469 3472
3470 3473 3472
3473 3474 3469
3475 3474 3473
3475 3473 3476
3473 3477 3476
3477 3471 3478
3470 3479 3473
3473 3479 3477
3470 3471 3479
3477 3479 3471
3480 3481 3482
3480 3482 1041
3483 3484 3485
3483 3485 3486
3487 3488 3489
3487 3489 3490
3491 3492 3493
3491 3493 3494
3495 3496 3497
3495 3497 3498
3499 3500 3501
3499 3501 3502
3503 3504 3505
3503 3505 3506
3507 3508 3509
3507 3509 3510
3511 3512 3513
3511 3513 3514
3515 3513 3516
3515 3516 3517
3518 3519 3520
3518 3520 3521
3521 3522 3523
3521 3523 3524
3525 3526 3527
3525 3527 3528
3529 3530 3528
3529 3528 3531
3532 3529 3533
3532 3533 3534
3535 3536 3537
3535 3537 3538
3539 3540 3541
3539 3541 3542
3543 3544 3545
3543 3545 3546
3547 3548 3549
3547 3549 3550
3551 3552 3553
3551 3553 3554
3555 3556 3557
3555 3557 3558
3559 3560 3561
3559 3561 3562
3563 3564 3565
3563 3565 3566
3567 3568 3569
3567 3569 3570
3571 3572 3573
3571 3573 3574
3575 3576 3577
3575 3577 3578
3579 3580 3581
3579 3581 3582
3583 3584 3585
3583 3585 3586
3587 3588 3585
3587 3589 3588
3590 3591 3592
3590 3592 3593
3594 3595 3596
3594 3596 3597
3598 3599 3600
3598 3600 3601
3602 3603 3604
3602 3605 3603
3606 3607 3605
3608 3607 3602
3608 3609 3607
3610 3611 3612
3610 3612 3613
3614 3615 3616
3614 3616 3617
3618 3619 3620
3618 3620 3621
3622 3623 3624
3622 3624 3625
3626 3627 3628
3626 3628 3629
3630 3631 3632
3630 3632 3633
3634 3635 3636
3634 3636 3637
3638 3639 3640
3638 3640 3641
3642 3643 3641
3642 3641 3644
3645 3646 3647
3645 3647 3648
3649 3645 3650
3649 3650 3651
3652 3653 3654
3652 3654 3655
3656 3657 3652
3656 3658 3657
3659 3660 3661
3662 3661 3660
3662 3660 3663
3664 3662 3663
3664 3663 3665
3666 3664 3665
3666 3665 3667
3668 3666 3667
3668 3667 3669
3670 3668 3669
3670 3669 3671
3672 3670 3671
3672 3671 3673
3674 3672 3673
3674 3673 3675
3676 3674 3675
3676 3675 3677
3678 3676 3677
3678 3677 3679
3680 3678 3679
3680 3679 3681
3682 3680 3681
3683 3684 3685
3683 3686 3684
3686 3687 3684
3688 3686 3683
3686 3689 3687
3689 3690 3687
3688 3691 3686
3691 3689 3686
3692 3691 3688
3692 3688 3693
3694 3691 3692
3691 3695 3689
3694 3695 3691
3689 3696 3690
3695 3696 3689
3697 3695 3694
3695 3697 3696
3697 3694 3698
3699 3697 3698
3690 3696 3700
3690 3700 3701
3700 3702 3701
3696 3697 3703
3699 3703 3697
3696 3703 3700
3700 3704 3702
3703 3704 3700
3704 3705 3702
3704 3706 3705
3707 3703 3699
3703 3707 3704
3707 3706 3704
3707 3699 3708
3707 3709 3706
3709 3707 3708
3709 3708 3710
3711 3712 3713
3711 3713 3714
3715 3716 3717
3715 3717 3718
3719 3717 3720
3719 3720 3721
3722 3723 3724
3722 3724 3725
3726 3727 3728
3726 3729 3727
3729 3730 3731
3729 3731 3732
3733 3734 3735
3733 3735 3736
3737 3738 3739
3737 3739 3740
3741 3742 3743
3741 3743 3744
3745 3741 3746
3745 3746 3747
3748 3749 3750
3748 3751 3749
3748 3752 3751
3748 3753 3752
3754 3755 3756
3754 3757 3755
3757 3758 3759
3757 3759 3760
3761 3762 3763
3761 3763 3764
3765 3761 3766
3765 3766 3767
3768 3769 3770
3768 3770 3771
3772 3773 3771
3772 3771 3774
3775 3776 3774
3775 3774 3777
3778 3779 3780
3778 3780 3781
3782 3783 3784
3782 3784 3785
3786 3787 3788
3786 3788 3789
3790 3791 3792
3790 3792 3793
3794 3795 3793
3794 3793 3796
3797 3798 3799
3797 3799 3800
3801 3802 3803
3801 3803 3804
3805 3806 3807
3805 3807 3808
3809 3810 3811
3809 3812 3810
3812 3813 3814
3812 3814 3815
3816 3817 3818
3816 3818 3819
3820 3821 3822
3820 3822 3823
3824 3820 3825
3824 3825 3826
3827 3828 3829
3827 3830 3828
3831 3832 3830
3831 3830 3833
3834 3835 3836
3834 3836 3837
3838 3839 3840
3838 3840 3841
3842 3843 3844
3842 3844 3845
3846 3847 3848
3846 3848 3849
3850 3851 3852
3850 3852 3853
3854 3855 3856
3854 3856 3857
3858 3859 3860
3858 3860 3861
3862 3863 3864
3862 3864 3865
3866 3867 3868
3866 3868 3869
3870 3871 3872
3870 3872 3873
3874 3875 3876
3874 3876 3877
3878 3879 3880
3878 3880 3881
3882 3883 3884
3882 3884 3885
3886 3887 3888
3886 3888 3889
3890 3891 3892
3890 3892 3893
3894 3895 3893
3894 3893 3896
3897 3898 3899
3897 3899 3900
3901 3902 3903
3901 3903 3904
3905 3901 3906
3905 3906 3907
3908 3909 3910
3908 3910 3911
3912 3913 3914
3912 3914 3915
3916 3917 3918
3916 3918 3919
3920 3921 3922
3920 3922 3923
3924 3925 3922
3924 3926 3925
3927 3928 3929
3927 3929 3930
3931 3932 3933
3931 3933 3934
3935 3936 3937
3935 3938 3936
3938 3939 3940
3938 3940 3941
3942 3943 3944
3942 3944 3945
3946 3947 3948
3946 3948 3949
3950 3951 3952
3950 3952 3953
3954 3955 3956
3954 3956 3957
3958 3959 3960
3958 3960 3961
3962 3963 3961
3962 3961 3964
3965 3966 3967
3965 3967 3968
3969 3970 3968
3969 3968 3971
3972 3973 3974
3972 3974 3975
3976 3977 3978
3976 3978 3979
3980 3981 3982
3980 3982 3983
3984 3985 3982
3984 3986 3985
3986 3987 3988
3986 3988 3989
3990 3991 3992
3990 3992 3993
3994 3990 3993
3994 3993 3995
3996 3997 3998
3996 3998 3999
4000 4001 4002
4000 4002 4003
4004 4005 4006
4004 4006 4007
4008 4009 4010
4008 4011 4009
4011 4012 4013
4011 4013 4014
4015 4016 4017
4015 4017 4018
4019 4020 4021
4019 4021 4022
4023 4024 4025
4023 4025 4026
4027 4028 4029
4027 4029 4030
4031 4032 4033
4031 4033 4034
4035 4036 4037
4035 4037 4038
4039 4040 4041
4039 4041 4042
4043 4044 4045
4043 4045 4046
4047 4048 4049
4047 4049 4050
4051 4052 4053
4051 4053 4054
4055 4056 4057
4055 4057 4058
4059 4055 4058
4060 4058 4057
4060 4057 4061
4059 4058 4062
4063 4059 4062
4063 4062 4064
4062 4065 4064
4058 4066 4062
4062 4066 4065
4058 4060 4066
4066 4067 4065
4066 4068 4067
4068 4066 4060
4068 4069 4067
4070 4060 4061
4068 4060 4070
4070 4061 4071
4068 4072 4069
4070 4072 4068
4072 4073 4069
4074 4070 4071
4070 4074 4072
4074 4071 4075
4072 4076 4073
4074 4076 4072
4076 4077 4073
4078 4074 4075
4074 4078 4076
4078 4075 4079
4076 4080 4077
4078 4080 4076
4080 4081 4077
4082 4078 4079
4078 4082 4080
4082 4079 4083
4084 4082 4083
4080 4085 4081
4082 4085 4080
4085 4086 4081
4084 4087 4082
4082 4087 4085
4088 4087 4084
4085 4087 4088
4088 4084 4089
4090 4088 4089
4090 4091 4088
4088 4091 4092
4092 4093 4086
4085 4088 4094
4088 4092 4094
4085 4094 4086
4092 4086 4094
4095 4096 4097
4095 4097 4098
4098 4099 4095
4098 4097 4100
4098 4101 4099
4101 4102 4099
4098 4100 4103
4103 4101 4098
4101 4104 4102
4105 4102 4104
4100 4106 4103
4100 4107 4106
4106 4107 4108
4103 4109 4101
4109 4104 4101
4106 4109 4103
4105 4104 4110
4111 4105 4110
4106 4108 4112
4112 4108 4113
4109 4114 4104
4114 4110 4104
4106 4115 4109
4112 4115 4106
4115 4114 4109
4112 4113 4116
4116 4113 4117
4112 4118 4115
4116 4118 4112
4115 4119 4114
4118 4119 4115
4116 4117 4120
4120 4117 4121
4116 4122 4118
4120 4122 4116
4120 4121 4123
4123 4121 4124
4119 4125 4114
4114 4125 4110
4122 4126 4118
4118 4126 4119
4127 4119 4126
4127 4128 4119
4119 4128 4125
4129 4127 4126
4122 4129 4126
4120 4130 4122
4123 4130 4120
4130 4129 4122
4123 4124 4131
4131 4124 4132
4110 4125 4133
4128 4133 4125
4134 4128 4127
4128 4134 4133
4123 4135 4130
4131 4135 4123
4131 4132 4136
4136 4132 4137
4136 4137 4138
4136 4139 4131
4131 4139 4135
4138 4140 4136
4136 4140 4139
4138 4141 4140
4141 4142 4140
4141 4143 4142
4142 4143 4144
4140 4145 4139
4140 4142 4145
4139 4146 4135
4139 4145 4146
4135 4147 4130
4135 4146 4147
4148 4147 4146
4130 4147 4149
4147 4148 4149
4130 4149 4129
4150 4129 4149
4148 4150 4149
4129 4150 4127
4151 4146 4145
4148 4146 4151
4152 4145 4142
4151 4145 4152
4142 4144 4153
4152 4142 4153
4144 4154 4153
4152 4153 4154
4144 4155 4154
4156 4154 4155
4156 4155 4157
4156 4157 4158
4154 4159 4152
4154 4156 4159
4160 4151 4152
4160 4152 4159
4156 4158 4161
4161 4158 4162
4163 4159 4156
4163 4156 4161
4161 4162 4164
4163 4161 4164
4165 4159 4163
4165 4160 4159
4166 4151 4160
4166 4148 4151
4167 4166 4160
4167 4160 4165
4168 4148 4166
4168 4166 4167
4169 4164 4162
4169 4162 4170
4163 4164 4171
4171 4165 4163
4168 4172 4148
4148 4172 4150
4150 4172 4127
4127 4172 4168
4173 4164 4169
4173 4171 4164
4174 4169 4170
4174 4170 4175
4176 4174 4175
4176 4175 4177
4178 4169 4174
4178 4173 4169
4179 4178 4174
4179 4174 4180
4181 4127 4168
4181 4182 4127
4182 4134 4127
4181 4168 4183
4183 4168 4167
4134 4182 4184
4134 4184 4133
4183 4167 4185
4185 4167 4165
4186 4185 4165
4171 4186 4165
4187 4186 4171
4187 4171 4173
4188 4187 4173
4188 4173 4178
4189 4188 4178
4189 4178 4190
4191 4183 4185
4186 4192 4185
4192 4191 4185
4193 4186 4187
4193 4192 4186
4194 4187 4188
4194 4193 4187
4195 4183 4191
4195 4181 4183
4192 4196 4191
4195 4191 4196
4197 4194 4188
4197 4188 4198
4199 4194 4197
4199 4200 4194
4200 4193 4194
4201 4192 4193
4201 4196 4192
4200 4201 4193
4202 4181 4195
4202 4182 4181
4195 4196 4203
4203 4202 4195
4204 4196 4201
4204 4203 4196
4205 4201 4200
4205 4204 4201
4206 4205 4200
4206 4200 4207
4208 4182 4202
4203 4209 4202
4208 4202 4209
4210 4203 4204
4210 4209 4203
4211 4204 4205
4211 4210 4204
4212 4211 4205
4212 4205 4213
4208 4214 4182
4214 4184 4182
4215 4214 4208
4215 4184 4214
4208 4209 4216
4216 4215 4208
4217 4209 4210
4217 4216 4209
4218 4210 4211
4218 4217 4210
4219 4218 4211
4219 4211 4220
4215 4221 4184
4221 4133 4184
4221 4222 4133
4110 4133 4222
4111 4110 4222
4222 4223 4111
4222 4221 4223
4224 4223 4221
4224 4221 4215
4225 4224 4215
4225 4226 4224
4216 4225 4215
4227 4226 4225
4228 4225 4216
4227 4225 4228
4228 4216 4217
4229 4227 4228
4230 4228 4217
4229 4228 4230
4231 4229 4230
4231 4230 4232
4230 4217 4218
4233 4230 4218
4233 4218 4234
4235 4236 4237
4235 4237 4238
4239 4240 4235
4239 4241 4240
4242 4237 4243
4242 4243 4244
4245 4246 4247
4245 4247 4248
4248 4249 4250
4248 4250 4251
4252 4253 4254
4252 4254 4255
4256 4254 4257
4256 4257 4258
4259 4260 4261
4259 4261 4262
4262 4263 4264
4262 4264 4265
4266 4264 4267
4266 4267 4268
4269 4270 4271
4269 4271 4272
4273 4274 4269
4273 4275 4274
4276 4272 4277
4276 4277 4278
4279 4280 4281
4279 4281 4282
4283 4284 4285
4283 4285 4286
4287 4288 4289
4287 4289 4290
4291 4292 4293
4291 4293 4294
4295 4296 4297
4295 4297 4298
4299 4300 4301
4299 4301 4302
4303 4304 4305
4303 4305 4306
4307 4308 4309
4307 4310 4308
4310 4307 4311
4310 4312 4308
4310 4311 4313
4313 4311 4314
4310 4315 4312
4315 4310 4313
4313 4314 4316
4317 4316 4314
4312 4315 4318
4312 4318 4319
4318 4320 4319
4315 4313 4321
4321 4313 4316
4318 4315 4321
4317 4322 4316
4323 4322 4317
4318 4324 4320
4324 4325 4320
4321 4316 4326
4326 4316 4322
4318 4321 4327
4324 4318 4327
4327 4321 4326
4324 4328 4325
4328 4329 4325
4324 4327 4330
4328 4324 4330
4327 4326 4331
4330 4327 4331
4328 4332 4329
4332 4333 4329
4328 4330 4334
4332 4328 4334
4332 4335 4333
4335 4336 4333
4326 4322 4337
4331 4326 4337
4334 4330 4338
4330 4331 4338
4339 4338 4331
4339 4331 4340
4331 4337 4340
4341 4338 4339
4334 4338 4341
4332 4334 4342
4335 4332 4342
4342 4334 4341
4335 4343 4336
4343 4344 4336
4322 4345 4337
4340 4337 4345
4346 4339 4340
4340 4345 4346
4335 4342 4347
4343 4335 4347
4343 4348 4344
4348 4349 4344
4348 4350 4349
4348 4343 4351
4343 4347 4351
4350 4348 4352
4348 4351 4352
4350 4352 4353
4353 4352 4354
4353 4354 4355
4354 4356 4355
4352 4351 4357
4352 4357 4354
4351 4347 4358
4351 4358 4357
4347 4342 4359
4347 4359 4358
4360 4358 4359
4342 4361 4359
4359 4361 4360
4342 4341 4361
4362 4361 4341
4360 4361 4362
4341 4339 4362
4363 4357 4358
4360 4363 4358
4364 4354 4357
4363 4364 4357
4362 4339 4365
4360 4362 4365
4366 4360 4365
4339 4366 4365
4367 4363 4360
4366 4367 4360
4367 4368 4363
4368 4364 4363
4364 4369 4354
4354 4369 4356
4356 4369 4370
4364 4370 4369
4356 4370 4371
4370 4364 4372
4368 4372 4364
4373 4371 4370
4370 4372 4373
4373 4374 4371
4373 4375 4374
4376 4368 4367
4366 4376 4367
4377 4372 4368
4376 4377 4368
4373 4378 4375
4378 4379 4375
4380 4373 4372
4380 4378 4373
4377 4380 4372
4378 4381 4379
4380 4381 4378
4382 4380 4377
4380 4382 4381
4383 4379 4381
4383 4384 4379
4385 4381 4382
4385 4383 4381
4386 4384 4383
4386 4387 4384
4388 4387 4386
4388 4389 4387
4390 4386 4383
4390 4383 4385
4391 4386 4390
4391 4392 4386
4382 4377 4393
4394 4385 4382
4394 4382 4393
4395 4390 4385
4395 4385 4394
4396 4390 4395
4396 4397 4390
4393 4377 4398
4398 4377 4376
4399 4398 4376
4399 4376 4366
4400 4399 4366
4400 4366 4339
4400 4339 4401
4401 4339 4346
4346 4402 4401
4346 4345 4402
4393 4398 4403
4404 4398 4399
4403 4398 4404
4405 4399 4400
4405 4404 4399
4406 4400 4401
4406 4405 4400
4405 4407 4404
4403 4404 4407
4408 4393 4403
4408 4394 4393
4409 4405 4406
4405 4409 4407
4410 4403 4407
4410 4408 4403
4411 4394 4408
4411 4395 4394
4412 4395 4411
4412 4413 4395
4414 4412 4411
4414 4411 4415
4415 4411 4408
4415 4408 4410
4416 4410 4407
4416 4407 4409
4417 4415 4410
4417 4410 4416
4418 4415 4417
4418 4419 4415
4420 4416 4409
4421 4417 4416
4421 4416 4420
4422 4417 4421
4422 4423 4417
4420 4409 4424
4409 4406 4424
4425 4424 4406
4425 4406 4401
4425 4401 4426
4426 4401 4402
4427 4425 4426
4427 4426 4402
4425 4428 4424
4428 4425 4427
4429 4420 4424
4429 4424 4428
4430 4421 4420
4430 4420 4429
4431 4421 4430
4431 4432 4421
4427 4402 4433
4433 4402 4345
4433 4345 4434
4322 4434 4345
4323 4434 4322
4434 4323 4435
4434 4435 4433
4436 4433 4435
4436 4427 4433
4437 4427 4436
4437 4436 4438
4428 4427 4437
4439 4437 4438
4440 4428 4437
4439 4440 4437
4440 4429 4428
4441 4440 4439
4442 4429 4440
4441 4442 4440
4443 4442 4441
4443 4444 4442
4442 4430 4429
4445 4430 4442
4445 4446 4430
4447 4448 4449
4447 4449 4450
4451 4447 4452
4451 4452 4453
4454 4455 4449
4454 4456 4455
4457 4458 4459
4457 4460 4458
4460 4461 4462
4460 4462 4463
4464 4465 4466
4464 4466 4467
4468 4469 4466
4468 4470 4469
4471 4472 4473
4471 4474 4472
4474 4475 4476
4474 4476 4477
4478 4479 4476
4478 4480 4479
4481 4482 4483
4481 4484 4482
4485 4481 4486
4485 4486 4487
4488 4489 4484
4488 4490 4489
4491 4492 4493
4491 4493 4494
4495 4496 4497
4495 4497 4498
4499 4500 4501
4499 4501 4502
4503 4504 4505
4503 4505 4506
4507 4508 4509
4507 4509 4510
4511 4512 4513
4511 4513 4514
4515 4516 4517
4515 4517 4518
4519 4520 4521
4519 4521 4522
4523 4521 4524
4523 4524 4525
4525 4526 4527
4525 4527 4528
4529 4527 4530
4529 4530 4531
4532 4533 4534
4532 4534 4535
4536 4534 4537
4536 4537 4538
4539 4540 4541
4539 4541 4542
4543 4544 4545
4543 4545 4546
4547 4548 4549
4547 4549 4550
4550 4551 4552
4550 4552 4553
4554 4555 4556
4554 4556 4557
4558 4559 4560
4558 4560 4561
4562 4558 4563
4562 4563 4564
4565 4566 4564
4565 4564 4567
4568 4569 4570
4568 4570 4571
4572 4573 4574
4572 4574 4575
4576 4577 4578
4576 4578 4579
4580 4581 4582
4580 4582 4583
4584 4585 4583
4584 4583 4586
4587 4588 4589
4587 4589 4590
4591 4592 4593
4591 4593 4594
4595 4596 4597
4595 4597 4598
4599 4598 4600
4599 4600 4601
4602 4603 4604
4602 4604 4605
4606 4607 4608
4606 4608 4609
4610 4606 4611
4610 4611 4612
4613 4614 4615
4613 4615 4616
4617 4618 4615
4617 4619 4618
4620 4621 4622
4620 4622 4623
4624 4625 4626
4624 4626 4627
4628 4629 4626
4628 4626 4630
4631 4632 4628
4631 4633 4632
4634 4633 4635
4634 4635 4636
4637 4638 4636
4637 4639 4638
4640 4641 4642
4640 4642 4643
4644 4643 4645
4644 4645 4646
4647 4648 4649
4647 4649 4650
4651 4652 4653
4651 4654 4652
4654 4655 4656
4654 4656 4657
4658 4659 4660
4658 4660 4661
4662 4663 4661
4662 4661 4664
4665 4666 4667
4665 4668 4666
4668 4669 4670
4668 4670 4671
4672 4673 4674
4672 4674 4675
4676 4677 4678
4676 4678 4679
4680 4681 4682
4680 4682 4683
1387 4684 4683
1387 4685 4684
1386 1387 4683
1386 4683 4686
4686 4683 4687
4686 4687 4688
4689 4686 4688
1390 1386 4686
4689 1390 4686
1390 4689 4690
1390 4690 4691
4692 4693 4694
4692 4694 4695
4696 4697 4698
4696 4698 4699
4700 4701 4702
4700 4702 4703
4704 4705 4700
4704 4706 4705
4707 4708 4709
4707 4709 4710
4711 4709 4712
4711 4712 4713
4714 4715 4716
4714 4716 4717
4718 4719 4720
4718 4720 4721
4722 4723 4724
4722 4724 4725
4726 4727 4728
4726 4728 4729
4730 4731 4732
4730 4732 4733
4734 4735 4736
4734 4736 4737
4738 4739 4740
4738 4740 4741
4742 4743 4744
4742 4744 4745
4746 4747 4744
4746 4748 4747
4748 4749 4750
4748 4750 4751
4752 4753 4750
4752 4754 4753
4755 4756 4757
4755 4757 4758
4759 4760 4757
4759 4761 4760
4762 4763 4764
4762 4764 4765
4766 4767 4768
4766 4768 4769
4770 4771 4772
4770 4773 4771
4773 4774 4775
4773 4775 4776
4777 4778 4779
4777 4779 4780
4781 4782 4783
4781 4783 4784
4785 4786 4781
4785 4787 4786
4788 4789 4787
4788 4787 4790
4791 4792 4793
4791 4793 4794
4795 4796 4797
4795 4797 4798
4799 4800 4801
4799 4801 4802
4803 4804 4805
4803 4806 4804
4807 4808 4806
4807 4806 4809
4810 4811 4812
4810 4812 4813
1993 4814 4815
1993 4815 4816
4817 4818 4819
4817 4819 1978
4820 4821 4822
4820 4822 4823
4824 4825 4826
4824 4826 4827
4828 4829 4830
4828 4830 4831
4832 4833 4834
4832 4834 4835
4836 4837 4832
4836 4838 4837
4839 4840 4841
4839 4842 4840
4843 4844 4842
4843 4842 4845
4846 4847 4848
4846 4849 4847
4850 4851 4849
4850 4849 4852
4853 4854 4855
4853 4855 4856
4857 4858 4859
4857 4859 4860
4861 4862 4863
4861 4863 4864
4865 4866 4867
4865 4867 4868
4869 4870 4871
4869 4871 4872
4873 4874 4875
4873 4875 4876
4877 4878 4879
4877 4879 4880
4881 4882 4883
4881 4883 4884
4885 4886 4887
4885 4887 4888
4889 4890 4891
4889 4891 4892
4893 4894 4895
4893 4895 4896
4897 4898 4899
4897 4899 4900
4901 4902 4903
4901 4903 4904
4905 4906 4907
4905 4907 4908
4909 4910 4911
4909 4911 4912
4913 4909 4914
4913 4914 4915
4916 4917 4918
4916 4918 4919
4920 4921 4919
4920 4919 4922
4923 4924 4925
4923 4925 4926
4927 4928 4926
4927 4926 4929
4930 4931 4932
4930 4932 4933
4934 4935 4936
4934 4936 4937
4938 4939 4940
4938 4940 4941
4942 4943 4944
4942 4944 4945
4946 4947 4948
4946 4948 4949
4950 4951 4952
4950 4952 4953
4954 4955 4956
4954 4956 4957
4958 4959 4960
4958 4960 4961
4962 4963 4964
4962 4964 4965
4966 4967 4968
4966 4968 4969
4970 4971 4972
4970 4972 4973
4974 4975 4976
4974 4976 4977
4978 4977 4976
4978 2075 4977
2075 4978 4979
2075 2067 4977
2067 4980 4977
2067 4981 4980
4982 4983 4984
4982 4984 2186
4985 4986 4987
4988 4986 4985
4987 4986 4989
4989 4986 4988
4990 4991 4992
4990 4993 4991
4990 4992 4994
4990 4994 4993
4995 4996 4997
4998 4996 4995
4997 4996 4999
4999 4996 4998
5000 5001 5002
5000 5003 5001
5000 5002 5004
5000 5004 5003
5005 5006 5007
5008 5006 5005
5007 5006 5009
5009 5006 5008
5010 5011 5012
5010 5013 5011
5010 5012 5014
5010 5014 5013
5015 5016 5017
5018 5016 5015
5017 5016 5019
5019 5016 5018
5020 5021 5022
5020 5023 5021
5020 5022 5024
5020 5024 5023
5025 5026 5027
5028 5026 5025
5027 5026 5029
5029 5026 5028
5030 5031 5032
5030 5033 5031
5030 5032 5034
5030 5034 5033
5035 5036 5037
5038 5036 5035
5037 5036 5039
5039 5036 5038
5040 5041 5042
5040 5043 5041
5040 5042 5044
5040 5044 5043
5045 5046 5047
5048 5046 5045
5047 5046 5049
5049 5046 5048
5050 5051 5052
5050 5053 5051
5050 5052 5054
5050 5054 5053
5055 5056 5057
5058 5056 5055
5057 5056 5059
5059 5056 5058
5060 5061 5062
5060 5063 5061
5060 5062 5064
5060 5064 5063
5065 5066 5067
5068 5066 5065
5067 5066 5069
5069 5066 5068
5070 5071 5072
5070 5073 5071
5070 5072 5074
5070 5074 5073
5075 5076 5077
5078 5076 5075
5077 5076 5079
5079 5076 5078
5080 5081 5082
5080 5083 5081
5080 5082 5084
5080 5084 5083
5085 5086 5087
5088 5086 5085
5087 5086 5089
5089 5086 5088
5090 5091 5092
5090 5093 5091
5090 5092 5094
5090 5094 5093
5095 5096 5097
5098 5096 5095
5097 5096 5099
5099 5096 5098
5100 5101 5102
5100 5103 5101
5100 5102 5104
5100 5104 5103
5105 5106 5107
5108 5106 5105
5107 5106 5109
5109 5106 5108
5110 5111 5112
5110 5113 5111
5110 5112 5114
5110 5114 5113
5115 5116 5117
5118 5116 5115
5117 5116 5119
5119 5116 5118
5120 5121 5122
5120 5123 5121
5120 5122 5124
5120 5124 5123
5125 5126 5127
5128 5126 5125
5127 5126 5129
5129 5126 5128
5130 5131 5132
5130 5133 5131
5130 5132 5134
5130 5134 5133
5135 5136 5137
5138 5136 5135
5137 5136 5139
5139 5136 5138
5140 5141 5142
5140 5143 5141
5140 5142 5144
5140 5144 5143
5145 5146 5147
5148 5146 5145
5147 5146 5149
5149 5146 5148
5150 5151 5152
5150 5153 5151
5150 5152 5154
5150 5154 5153
5155 5156 5157
5158 5155 5157
5156 5159 5157
5159 5158 5157
5160 5161 5162
5160 5162 5163
5160 5164 5161
5160 5163 5164
5165 5166 5167
5168 5165 5167
5166 5169 5167
5169 5168 5167
5170 5171 5172
5170 5172 5173
5170 5174 5171
5170 5173 5174
5175 5176 5177
5178 5175 5177
5176 5179 5177
5179 5178 5177
5180 5181 5182
5180 5182 5183
5180 5184 5181
5180 5183 5184
5185 5186 5187
5188 5185 5187
5186 5189 5187
5189 5188 5187
5190 5191 5192
5190 5192 5193
5190 5194 5191
5190 5193 5194
5195 5196 5197
5198 5195 5197
5196 5199 5197
5199 5198 5197
5200 5201 5202
5200 5202 5203
5200 5204 5201
5200 5203 5204
5205 5206 5207
5208 5205 5207
5206 5209 5207
5209 5208 5207
5210 5211 5212
5210 5212 5213
5210 5214 5211
5210 5213 5214
5215 5216 5217
5218 5215 5217
5216 5219 5217
5219 5218 5217
5220 5221 5222
5220 5222 5223
5220 5224 5221
5220 5223 5224
5225 5226 5227
5228 5225 5227
5226 5229 5227
5229 5228 5227
5230 5231 5232
5230 5232 5233
5230 5234 5231
5230 5233 5234
5235 5236 5237
5238 5235 5237
5236 5239 5237
5239 5238 5237
5240 5241 5242
5240 5242 5243
5240 5244 5241
5240 5243 5244
5245 5246 5247
5248 5245 5247
5246 5249 5247
5249 5248 5247
5250 5251 5252
5250 5252 5253
5250 5254 5251
5250 5253 5254
5255 5256 5257
5258 5255 5257
5256 5259 5257
5259 5258 5257
5260 5261 5262
5260 5262 5263
5260 5264 5261
5260 5263 5264
5265 5266 5267
5268 5265 5267
5266 5269 5267
5269 5268 5267
5270 5271 5272
5270 5272 5273
5270 5274 5271
5270 5273 5274
5275 5276 5277
5278 5275 5277
5276 5279 5277
5279 5278 5277
5280 5281 5282
5280 5282 5283
5280 5284 5281
5280 5283 5284
5285 5286 5287
5288 5285 5287
5286 5289 5287
5290 5288 5287
5289 5291 5287
5292 5290 5287
5291 5293 5287
5294 5292 5287
5293 5295 5287
5295 5294 5287
