byte offset: 0
first index: 0
index count: 4506
topology: trianglelist
format: DXGI_FORMAT_R16_UINT

0 1 2
0 2 3
4 0 3
3 2 5
4 3 6
7 4 6
3 5 8
6 3 8
8 5 9
7 6 10
10 11 7
10 12 11
8 9 13
13 9 14
6 8 15
10 6 15
15 8 13
10 16 12
10 15 16
16 17 12
13 14 18
18 14 19
15 13 20
16 15 20
20 13 18
21 17 16
16 20 21
21 22 17
18 19 23
23 19 24
20 18 25
21 20 25
25 18 23
21 26 22
21 25 26
23 24 27
27 24 28
25 23 29
26 25 29
29 23 27
30 22 26
26 29 30
30 31 22
27 28 32
32 28 33
29 27 34
30 29 34
34 27 32
30 35 31
30 34 35
36 31 35
32 33 37
37 33 38
34 32 39
35 34 39
39 32 37
40 36 35
35 39 40
40 41 36
37 38 42
42 38 43
39 37 44
40 39 44
44 37 42
40 45 41
40 44 45
42 43 46
46 43 47
44 42 48
45 44 48
48 42 46
49 41 45
45 48 49
49 50 41
46 47 51
51 47 52
48 46 53
49 48 53
53 46 51
49 54 50
49 53 54
54 55 50
51 52 56
56 52 57
53 51 58
54 53 58
58 51 56
59 55 54
54 58 59
59 60 55
56 57 61
61 57 62
58 56 63
59 58 63
63 56 61
59 64 60
59 63 64
61 62 65
65 62 66
63 61 67
64 63 67
67 61 65
68 60 64
64 67 68
68 69 60
65 66 70
70 66 71
70 71 72
67 65 73
68 67 73
73 65 70
68 74 69
68 73 74
75 69 74
76 70 72
73 70 76
74 73 76
76 72 77
78 75 74
74 76 78
78 76 77
78 79 75
78 77 80
78 80 79
81 82 83
81 84 82
85 84 81
85 86 84
87 86 85
87 88 86
89 88 87
89 90 88
91 90 89
91 92 90
93 92 91
93 94 92
95 94 93
95 96 94
97 96 95
97 98 96
99 100 101
99 102 100
103 102 99
104 102 103
105 104 103
106 104 105
106 107 104
108 107 106
108 109 107
110 109 108
111 109 110
111 110 112
113 111 112
113 114 111
115 114 113
115 116 114
117 116 115
117 118 116
119 118 117
120 118 119
120 121 118
122 121 120
122 123 121
124 123 122
125 123 124
126 125 124
127 125 126
127 128 125
129 130 131
129 132 130
133 132 129
133 134 132
135 134 133
135 136 134
137 136 135
137 138 136
139 138 137
139 140 138
141 140 139
141 139 142
143 141 142
143 144 141
145 144 143
145 146 144
147 146 145
147 148 146
149 148 147
149 150 148
151 150 149
151 152 150
153 152 151
153 154 152
155 156 157
155 157 158
158 157 159
158 159 160
160 159 161
160 161 162
162 161 163
162 163 164
164 163 165
164 165 166
166 165 167
166 167 168
168 167 169
168 169 170
170 169 171
170 171 172
172 171 173
172 173 174
174 173 175
174 175 176
176 175 177
176 177 178
178 177 179
178 179 180
181 182 183
181 183 184
185 186 187
185 187 188
189 190 191
189 191 192
191 193 192
191 194 193
193 194 195
193 195 196
197 198 199
197 199 200
201 200 199
201 202 200
202 201 203
202 203 204
205 206 207
205 207 208
209 205 208
208 207 210
209 208 211
212 209 211
208 210 213
211 208 213
213 210 214
212 211 215
215 216 212
215 217 216
213 214 218
218 214 219
211 213 220
215 211 220
220 213 218
215 221 217
215 220 221
221 222 217
218 219 223
223 219 224
220 218 225
221 220 225
225 218 223
226 222 221
221 225 226
226 227 222
223 224 228
228 224 229
225 223 230
226 225 230
230 223 228
226 231 227
226 230 231
228 229 232
232 229 233
230 228 234
231 230 234
234 228 232
235 227 231
231 234 235
235 236 227
232 233 237
237 233 238
234 232 239
235 234 239
239 232 237
235 240 236
235 239 240
241 236 240
237 238 242
242 238 243
239 237 244
240 239 244
244 237 242
245 241 240
240 244 245
245 246 241
242 243 247
247 243 248
244 242 249
245 244 249
249 242 247
245 250 246
245 249 250
247 248 251
251 248 252
249 247 253
250 249 253
253 247 251
254 246 250
250 253 254
254 255 246
251 252 256
256 252 257
253 251 258
254 253 258
258 251 256
254 259 255
254 258 259
259 260 255
256 257 261
261 257 262
258 256 263
259 258 263
263 256 261
264 260 259
259 263 264
264 265 260
261 262 266
266 262 267
263 261 268
264 263 268
268 261 266
264 269 265
264 268 269
266 267 270
270 267 271
268 266 272
269 268 272
272 266 270
273 265 269
269 272 273
273 274 265
270 271 275
275 271 276
275 276 277
272 270 278
273 272 278
278 270 275
273 279 274
273 278 279
280 274 279
281 275 277
278 275 281
279 278 281
281 277 282
283 280 279
279 281 283
283 281 282
283 284 280
283 282 285
283 285 284
286 287 288
286 288 289
290 291 292
290 292 293
294 295 296
294 296 297
298 299 300
298 300 301
302 303 304
302 304 305
306 307 308
306 308 309
310 311 312
310 312 313
314 315 316
314 316 317
318 319 320
318 320 321
322 323 324
322 324 325
326 327 328
326 328 329
330 331 332
330 332 333
334 335 336
334 336 337
338 339 340
338 340 341
342 343 344
342 344 345
346 347 348
346 348 349
350 351 352
350 352 353
354 355 356
354 356 357
358 359 360
358 361 359
358 362 361
362 363 361
364 365 366
364 366 367
368 369 370
368 370 371
372 373 374
372 374 375
376 377 378
376 378 379
380 381 382
380 382 383
380 383 384
384 383 385
386 387 388
386 389 387
390 389 386
391 389 390
392 391 390
393 391 392
393 394 391
395 394 393
395 396 394
397 396 395
398 396 397
398 397 399
400 398 399
400 401 398
402 401 400
402 403 401
404 403 402
404 405 403
406 405 404
407 405 406
407 408 405
409 408 407
409 410 408
411 410 409
412 410 411
413 412 411
414 412 413
414 415 412
416 417 418
416 418 419
420 421 422
420 422 423
424 425 426
424 427 425
428 427 424
428 429 427
430 429 428
430 431 429
432 433 434
432 434 435
436 435 434
436 434 437
436 437 438
436 438 439
440 441 442
440 443 441
443 440 444
443 444 445
446 445 444
446 447 445
448 449 450
448 451 449
452 451 448
452 453 451
454 453 452
454 455 453
456 455 454
456 457 455
458 457 456
458 459 457
460 459 458
460 461 459
462 461 460
462 463 461
464 463 462
464 465 463
466 467 468
466 468 469
470 471 472
470 472 473
474 475 476
474 476 477
478 479 480
478 480 481
482 483 484
482 484 485
486 487 488
486 489 487
490 489 486
490 491 489
492 491 490
492 493 491
494 493 492
494 495 493
496 495 494
496 497 495
498 497 496
498 496 499
500 498 499
500 501 498
502 501 500
502 503 501
504 503 502
504 505 503
506 505 504
506 507 505
508 507 506
508 509 507
510 509 508
510 511 509
512 513 514
512 514 515
515 514 516
515 516 517
517 516 518
517 518 519
519 518 520
519 520 521
521 520 522
521 522 523
523 522 524
523 524 525
525 524 526
525 526 527
527 526 528
527 528 529
529 528 530
529 530 531
531 530 532
531 532 533
533 532 534
533 534 535
535 534 536
535 536 537
538 539 540
538 540 541
542 543 544
542 544 545
546 547 548
546 548 549
548 550 549
548 551 550
550 551 552
550 552 553
554 555 556
554 556 557
558 557 556
558 559 557
559 558 560
559 560 561
562 563 564
562 565 563
566 565 562
567 565 566
568 567 566
569 567 568
569 570 567
571 570 569
571 572 570
573 572 571
574 572 573
574 573 575
576 574 575
576 577 574
578 577 576
578 579 577
580 579 578
580 581 579
582 581 580
583 581 582
583 584 581
585 584 583
585 586 584
587 586 585
588 586 587
589 588 587
590 588 589
590 591 588
592 593 594
592 594 595
596 592 595
595 594 597
596 595 598
599 596 598
595 597 600
598 595 600
600 597 601
599 598 602
602 603 599
602 604 603
600 601 605
605 601 606
598 600 607
602 598 607
607 600 605
602 608 604
602 607 608
608 609 604
605 606 610
610 606 611
607 605 612
608 607 612
612 605 610
613 609 608
608 612 613
613 614 609
610 611 615
615 611 616
612 610 617
613 612 617
617 610 615
613 618 614
613 617 618
615 616 619
619 616 620
617 615 621
618 617 621
621 615 619
622 614 618
618 621 622
622 623 614
619 620 624
624 620 625
621 619 626
622 621 626
626 619 624
622 627 623
622 626 627
628 623 627
624 625 629
629 625 630
626 624 631
627 626 631
631 624 629
632 628 627
627 631 632
632 633 628
629 630 634
634 630 635
631 629 636
632 631 636
636 629 634
632 637 633
632 636 637
634 635 638
638 635 639
636 634 640
637 636 640
640 634 638
641 633 637
637 640 641
641 642 633
638 639 643
643 639 644
640 638 645
641 640 645
645 638 643
641 646 642
641 645 646
646 647 642
643 644 648
648 644 649
645 643 650
646 645 650
650 643 648
651 647 646
646 650 651
651 652 647
648 649 653
653 649 654
650 648 655
651 650 655
655 648 653
651 656 652
651 655 656
653 654 657
657 654 658
655 653 659
656 655 659
659 653 657
660 652 656
656 659 660
660 661 652
657 658 662
662 658 663
662 663 664
659 657 665
660 659 665
665 657 662
660 666 661
660 665 666
667 661 666
668 662 664
665 662 668
666 665 668
668 664 669
670 667 666
666 668 670
670 668 669
670 671 667
670 669 672
670 672 671
673 674 675
673 675 676
677 673 676
677 678 673
679 678 677
679 680 678
681 680 679
681 682 680
683 682 681
683 684 682
685 684 683
685 686 684
687 686 685
687 688 686
689 688 687
689 690 688
691 690 689
691 692 690
693 692 691
693 694 692
695 696 697
698 695 697
698 699 695
698 697 700
699 698 701
702 698 700
701 698 703
704 698 702
703 698 705
705 698 704
706 707 708
706 709 707
707 709 710
707 710 711
711 710 712
711 712 713
714 715 716
714 716 717
718 719 720
718 720 721
722 723 724
722 724 725
726 727 728
726 728 729
730 731 732
730 732 733
734 735 736
734 736 737
738 739 740
738 741 739
742 741 738
742 743 741
744 745 746
744 746 747
747 748 744
747 749 748
749 750 748
749 751 750
751 752 750
751 753 752
753 754 752
753 755 754
755 756 754
755 757 756
758 759 760
758 760 761
762 763 764
762 764 765
766 767 768
766 768 769
768 770 769
768 771 770
771 772 770
771 773 772
773 774 772
773 775 774
775 776 774
775 777 776
778 776 777
778 777 779
780 781 782
780 782 783
784 785 786
787 784 786
787 786 788
789 787 788
789 788 790
789 790 791
789 791 792
789 792 793
794 789 793
794 795 789
794 796 795
796 797 795
796 798 797
797 799 795
797 800 799
800 801 799
800 802 801
802 803 801
804 805 806
804 807 805
807 804 808
807 808 809
809 808 810
809 810 811
811 810 812
811 812 813
813 812 814
813 814 815
815 814 816
815 816 817
818 819 820
818 820 821
822 823 824
822 824 825
826 827 828
826 829 827
827 829 830
827 830 831
831 830 832
831 832 833
833 832 834
833 834 835
835 834 836
835 836 837
838 837 836
838 839 837
840 841 842
840 842 843
844 845 846
844 846 847
847 846 848
847 848 849
849 848 850
849 850 851
851 850 852
851 852 853
853 852 854
853 854 855
855 854 856
855 856 857
858 859 860
858 860 861
862 863 864
862 864 865
866 867 868
869 867 866
869 870 867
871 870 869
871 872 870
871 873 872
871 874 873
871 875 874
876 875 871
876 871 877
876 877 878
878 877 879
878 879 880
879 877 881
879 881 882
882 881 883
882 883 884
884 883 885
886 887 888
886 889 887
890 889 886
890 891 889
892 891 890
892 893 891
894 893 892
894 895 893
896 895 894
896 897 895
898 897 896
898 899 897
900 901 902
900 902 903
904 905 906
904 907 905
908 907 904
908 909 907
910 911 912
910 912 913
914 915 916
914 916 917
918 919 920
918 920 921
921 922 918
920 923 921
921 924 922
921 923 925
925 924 921
923 926 925
927 926 923
927 928 926
928 927 929
928 929 930
931 930 929
931 932 930
925 933 924
922 924 934
922 934 935
934 924 936
924 933 936
936 933 937
938 936 937
938 937 939
939 940 938
939 941 940
942 940 941
942 941 943
944 945 946
944 946 947
948 949 950
948 950 951
948 951 952
948 952 953
954 955 956
954 956 957
958 959 960
958 961 959
962 961 958
962 958 963
964 962 963
964 963 965
966 964 965
966 965 967
968 966 967
968 969 966
970 969 968
970 971 969
972 971 970
972 973 971
974 973 972
974 972 975
976 974 975
976 975 977
978 976 977
978 977 979
979 980 978
981 982 983
981 983 984
985 981 984
985 986 981
987 986 985
987 988 986
989 990 991
992 989 991
993 989 992
994 993 992
993 994 995
995 996 993
995 997 996
998 996 997
998 997 999
1000 998 999
1000 999 1001
1002 1000 1001
1002 1001 1003
1004 1002 1003
1004 1003 1005
1004 1005 1006
1005 1007 1006
1007 1008 1006
1007 1009 1008
1009 1010 1008
1010 1011 1008
1011 1012 1008
1013 1012 1011
1013 1011 1014
1014 1015 1013
1016 1017 1018
1018 1019 1016
1018 1020 1019
1019 1020 1021
1022 1019 1021
1020 1023 1021
1021 1024 1022
1025 1022 1024
1025 1026 1022
1021 1023 1027
1023 1028 1027
1023 1029 1028
1028 1030 1027
1029 1031 1028
1029 1032 1031
1031 1033 1028
1028 1033 1030
1031 1034 1033
1035 1033 1034
1035 1034 1036
1037 1033 1035
1037 1030 1033
1038 1030 1037
1039 1038 1037
1040 1038 1039
1041 1040 1039
1041 1042 1040
1042 1041 1043
1044 1038 1040
1038 1044 1045
1046 1045 1044
1046 1044 1047
1048 1049 1050
1051 1048 1050
1051 1050 1052
1051 1052 1053
1051 1053 1054
1054 1053 1055
1054 1055 1056
1057 1056 1055
1057 1058 1056
1059 1058 1057
1059 1060 1058
1060 1059 1061
1060 1061 1062
1062 1061 1063
1062 1063 1064
1064 1063 1065
1064 1065 1066
1066 1065 1067
1066 1067 1068
1069 1068 1067
1069 1067 1070
1071 1069 1070
1071 1072 1069
1072 1071 1073
1072 1073 1074
1073 1075 1074
1073 1076 1075
1077 1078 1079
1077 1079 1080
1081 1080 1079
1081 1079 1082
1082 1083 1081
1082 1084 1083
1085 1086 1087
1085 1087 1088
1089 1088 1087
1089 1087 1090
1091 1092 1093
1091 1094 1092
1091 1095 1094
1091 1096 1095
1097 1098 1099
1097 1099 1100
1101 1097 1100
1101 1102 1097
1103 1102 1101
1103 1104 1102
1105 1104 1103
1105 1106 1104
1107 1106 1105
1107 1105 1108
1109 1107 1108
1109 1108 1110
1111 1109 1110
1111 1110 1112
1113 1111 1112
1113 1114 1111
1115 1114 1113
1115 1116 1114
1117 1116 1115
1117 1118 1116
1118 1117 1119
1120 1121 1122
1120 1123 1121
1124 1123 1120
1124 1120 1125
1126 1124 1125
1126 1125 1127
1128 1129 1130
1131 1129 1128
1131 1132 1129
1131 1133 1132
1131 1134 1133
1134 1135 1133
1134 1136 1135
1137 1135 1136
1137 1136 1138
1139 1137 1138
1139 1138 1140
1140 1141 1139
1140 1142 1141
1142 1143 1141
1142 1144 1143
1144 1145 1143
1144 1146 1145
1146 1147 1145
1146 1148 1147
1149 1147 1148
1149 1150 1147
1151 1150 1149
1151 1149 1152
1152 1153 1151
1152 1154 1153
1153 1154 1155
1153 1155 1156
1157 1158 1159
1157 1160 1158
1161 1158 1160
1161 1162 1158
1162 1161 1163
1162 1163 1164
1165 1166 1167
1165 1168 1166
1169 1166 1168
1169 1170 1166
1171 1172 1173
1172 1171 1174
1172 1174 1175
1174 1176 1175
1177 1176 1174
1178 1176 1177
1179 1176 1178
1179 1180 1176
1181 1180 1179
1182 1180 1181
1182 1181 1183
1182 1183 1184
1184 1183 1185
1184 1185 1186
1186 1185 1187
1186 1187 1188
1188 1187 1189
1188 1189 1190
1191 1190 1189
1191 1192 1190
1192 1191 1193
1193 1194 1192
1192 1194 1195
1194 1196 1195
1196 1197 1195
1198 1199 1200
1198 1201 1199
1202 1201 1198
1202 1203 1201
1204 1203 1202
1204 1205 1203
1206 1205 1204
1206 1207 1205
1208 1207 1206
1208 1209 1207
1210 1209 1208
1210 1208 1211
1212 1210 1211
1212 1213 1210
1214 1213 1212
1214 1215 1213
1216 1215 1214
1216 1217 1215
1218 1217 1216
1218 1219 1217
1220 1219 1218
1220 1221 1219
1222 1221 1220
1222 1223 1221
1224 1225 1226
1224 1226 1227
1227 1226 1228
1227 1228 1229
1229 1228 1230
1229 1230 1231
1231 1230 1232
1231 1232 1233
1233 1232 1234
1233 1234 1235
1235 1234 1236
1235 1236 1237
1237 1236 1238
1237 1238 1239
1239 1238 1240
1239 1240 1241
1241 1240 1242
1241 1242 1243
1243 1242 1244
1243 1244 1245
1245 1244 1246
1245 1246 1247
1247 1246 1248
1247 1248 1249
1250 1251 1252
1250 1252 1253
1254 1255 1256
1254 1256 1257
1258 1259 1260
1258 1261 1259
1259 1261 1262
1259 1262 1263
1262 1264 1263
1262 1265 1264
1266 1267 1268
1266 1269 1267
1267 1269 1270
1267 1270 1271
1270 1272 1271
1270 1273 1272
1274 1275 1276
1277 1275 1274
1278 1274 1276
1278 1276 1279
1278 1279 1280
1281 1277 1274
1281 1282 1277
1281 1283 1282
1284 1278 1280
1284 1280 1285
1284 1285 1286
1281 1287 1283
1287 1288 1283
1287 1289 1288
1290 1284 1286
1290 1286 1291
1290 1291 1292
1287 1293 1289
1293 1294 1289
1293 1295 1294
1296 1290 1292
1293 1296 1295
1296 1292 1297
1296 1297 1295
1298 1287 1281
1298 1281 1299
1300 1287 1298
1300 1293 1287
1299 1281 1274
1301 1293 1300
1301 1296 1293
1299 1274 1302
1303 1296 1301
1303 1290 1296
1302 1274 1278
1304 1290 1303
1302 1278 1305
1304 1284 1290
1305 1278 1284
1305 1284 1304
1306 1307 1308
1309 1307 1306
1308 1307 1310
1311 1307 1309
1310 1307 1312
1313 1307 1311
1312 1307 1314
1315 1307 1313
1314 1307 1316
1317 1307 1315
1316 1307 1318
1318 1307 1317
1319 1320 1321
1322 1320 1319
1323 1319 1321
1323 1321 1324
1323 1324 1325
1326 1322 1319
1326 1327 1322
1326 1328 1327
1329 1323 1325
1329 1325 1330
1329 1330 1331
1326 1332 1328
1332 1333 1328
1332 1334 1333
1335 1329 1331
1335 1331 1336
1335 1336 1337
1332 1338 1334
1338 1339 1334
1338 1340 1339
1341 1335 1337
1338 1341 1340
1341 1337 1342
1341 1342 1340
1343 1332 1326
1343 1326 1344
1345 1332 1343
1345 1338 1332
1344 1326 1319
1346 1338 1345
1346 1341 1338
1344 1319 1347
1348 1341 1346
1348 1335 1341
1347 1319 1323
1349 1335 1348
1347 1323 1350
1349 1329 1335
1350 1323 1329
1350 1329 1349
1351 1352 1353
1354 1352 1351
1353 1352 1355
1356 1352 1354
1355 1352 1357
1358 1352 1356
1357 1352 1359
1360 1352 1358
1359 1352 1361
1362 1352 1360
1361 1352 1363
1363 1352 1362
1364 1365 1366
1367 1365 1364
1368 1364 1366
1368 1366 1369
1368 1369 1370
1371 1367 1364
1371 1372 1367
1371 1373 1372
1374 1368 1370
1374 1370 1375
1374 1375 1376
1371 1377 1373
1377 1378 1373
1377 1379 1378
1380 1374 1376
1380 1376 1381
1380 1381 1382
1377 1383 1379
1383 1384 1379
1383 1385 1384
1386 1380 1382
1383 1386 1385
1386 1382 1387
1386 1387 1385
1388 1377 1371
1388 1371 1389
1390 1377 1388
1390 1383 1377
1389 1371 1364
1391 1383 1390
1391 1386 1383
1389 1364 1392
1393 1386 1391
1393 1380 1386
1392 1364 1368
1394 1380 1393
1392 1368 1395
1394 1374 1380
1395 1368 1374
1395 1374 1394
1396 1397 1398
1399 1397 1396
1398 1397 1400
1401 1397 1399
1400 1397 1402
1403 1397 1401
1402 1397 1404
1405 1397 1403
1404 1397 1406
1407 1397 1405
1406 1397 1408
1408 1397 1407
1409 1410 1411
1412 1410 1409
1411 1410 1413
1414 1410 1412
1413 1410 1415
1416 1410 1414
1415 1410 1417
1417 1410 1416
1418 1419 1420
1421 1419 1418
1420 1419 1422
1423 1419 1421
1422 1419 1424
1425 1419 1423
1424 1419 1426
1427 1419 1425
1426 1419 1428
1429 1419 1427
1428 1419 1430
1430 1419 1429
1431 1432 1433
1434 1432 1431
1433 1432 1435
1436 1432 1434
1435 1432 1437
1438 1432 1436
1437 1432 1439
1440 1432 1438
1439 1432 1441
1442 1432 1440
1441 1432 1443
1443 1432 1442
1444 1445 1446
1447 1445 1444
1446 1445 1448
1449 1445 1447
1448 1445 1450
1451 1445 1449
1450 1445 1452
1452 1445 1451
1453 1454 1455
1456 1454 1453
1455 1454 1457
1458 1454 1456
1457 1454 1459
1460 1454 1458
1459 1454 1461
1462 1454 1460
1461 1454 1463
1464 1454 1462
1463 1454 1465
1465 1454 1464
1466 1467 1468
1466 1468 1469
1470 1467 1466
1469 1468 1471
1470 1472 1467
1469 1471 1473
1474 1472 1470
1473 1471 1475
1474 1476 1472
1473 1475 1477
1478 1476 1474
1477 1475 1479
1478 1480 1476
1477 1479 1481
1482 1480 1478
1481 1479 1483
1482 1484 1480
1481 1483 1485
1486 1484 1482
1485 1483 1487
1486 1488 1484
1485 1487 1489
1490 1488 1486
1489 1487 1491
1490 1492 1488
1489 1491 1493
1494 1492 1490
1493 1491 1495
1494 1496 1492
1493 1495 1497
1497 1496 1494
1497 1495 1496
1498 1499 1500
1498 1500 1501
1502 1499 1498
1501 1500 1503
1502 1504 1499
1501 1503 1505
1506 1504 1502
1505 1503 1507
1506 1508 1504
1505 1507 1509
1510 1508 1506
1509 1507 1511
1510 1512 1508
1509 1511 1513
1514 1512 1510
1513 1511 1515
1514 1516 1512
1513 1515 1517
1518 1516 1514
1517 1515 1519
1518 1520 1516
1517 1519 1521
1522 1520 1518
1521 1519 1523
1522 1524 1520
1521 1523 1525
1526 1524 1522
1525 1523 1527
1526 1528 1524
1525 1527 1529
1529 1528 1526
1529 1527 1528
1530 1531 1532
1530 1532 1533
1534 1531 1530
1533 1532 1535
1534 1536 1531
1533 1535 1537
1538 1536 1534
1537 1535 1539
1538 1540 1536
1537 1539 1541
1542 1540 1538
1541 1539 1543
1542 1544 1540
1541 1543 1545
1546 1544 1542
1545 1543 1547
1546 1548 1544
1545 1547 1549
1550 1548 1546
1549 1547 1551
1550 1552 1548
1549 1551 1553
1554 1552 1550
1553 1551 1555
1554 1556 1552
1553 1555 1557
1558 1556 1554
1557 1555 1559
1558 1560 1556
1557 1559 1561
1561 1560 1558
1561 1559 1560
