byte offset: 0
first index: 0
index count: 8529
topology: trianglelist
format: DXGI_FORMAT_R16_UINT

0 1 2
3 1 4
1 5 4
1 6 5
7 6 1
7 8 6
5 9 4
10 4 9
11 5 6
5 12 9
11 12 5
13 9 12
13 14 9
11 6 15
16 15 6
16 17 15
11 18 12
19 12 18
19 20 12
15 21 11
21 18 11
15 22 21
23 22 15
23 24 22
21 25 18
26 18 25
26 25 27
28 21 22
28 25 21
28 22 29
30 29 22
30 31 29
28 32 25
33 25 32
33 32 34
28 29 35
36 35 29
36 37 35
38 32 28
28 35 38
38 39 32
40 32 39
40 39 41
38 35 42
43 39 38
38 42 43
43 44 39
45 42 35
45 35 46
45 47 42
42 48 43
48 49 43
48 50 49
42 51 48
42 52 51
51 53 48
53 54 48
53 55 54
51 56 53
57 58 51
51 59 60
61 62 53
53 63 64
53 64 65
66 67 65
68 69 70
71 70 72
70 73 72
74 72 73
74 73 75
70 76 73
77 76 70
77 78 76
79 73 76
80 73 79
80 79 81
79 76 82
83 82 76
83 84 82
82 85 79
86 79 85
86 85 87
82 88 85
89 88 82
89 90 88
91 85 88
91 88 92
93 92 88
93 94 92
95 85 96
95 96 97
98 99 92
98 100 99
101 92 99
101 99 102
103 99 100
103 104 99
105 99 106
105 106 107
108 109 107
108 110 109
111 72 112
113 9 114
115 116 117
118 117 119
117 120 119
119 120 121
119 121 122
117 123 120
124 123 117
124 125 123
123 126 120
127 120 126
127 126 128
123 129 126
130 129 123
130 131 129
132 126 129
133 126 132
133 134 126
132 129 135
136 135 129
136 137 135
135 138 132
132 138 139
132 139 140
135 141 138
142 141 135
142 143 141
138 141 144
145 144 141
145 146 144
138 144 147
148 138 147
147 144 149
147 149 150
150 149 151
150 151 152
148 147 153
153 147 150
154 150 152
153 150 154
148 153 155
148 155 156
153 154 157
153 157 155
158 156 155
155 159 158
155 157 159
157 160 159
158 161 156
157 162 160
154 162 157
163 160 162
154 164 162
164 163 162
154 152 164
164 165 163
166 156 161
166 161 167
166 167 168
164 152 169
164 169 165
152 170 169
152 171 170
165 169 172
165 172 173
169 174 172
169 175 174
176 156 166
176 177 156
178 176 166
178 166 179
179 166 180
179 180 181
182 183 179
182 179 184
185 184 179
185 179 186
187 188 184
187 184 189
190 189 184
190 184 191
192 193 189
194 189 195
196 119 197
198 199 200
201 202 199
199 202 203
204 203 202
204 205 203
199 203 206
207 199 206
207 206 208
206 203 209
210 209 203
210 211 209
206 209 212
213 206 212
213 212 214
212 209 215
216 215 209
216 217 215
212 215 218
219 212 218
219 218 220
218 215 221
222 221 215
222 215 223
218 221 224
225 218 224
225 226 218
224 221 227
228 227 221
228 221 229
230 227 228
224 227 231
232 224 231
232 231 233
231 227 234
235 234 227
235 227 236
231 234 237
238 231 237
238 237 239
237 234 240
241 240 234
241 234 242
237 240 243
244 237 243
244 243 245
243 240 246
247 246 240
247 240 248
243 246 249
250 243 249
250 249 251
249 246 252
253 252 246
253 246 254
249 252 255
256 249 255
256 255 257
255 252 258
255 258 259
260 240 261
262 263 252
262 252 264
265 255 266
265 266 267
268 202 269
270 271 272
273 272 274
272 275 274
274 275 276
274 276 277
272 278 275
279 278 272
279 280 278
278 281 275
282 275 281
282 281 283
278 284 281
285 284 278
285 286 284
287 281 284
288 281 287
288 287 289
287 284 290
291 290 284
291 292 290
287 290 293
287 293 294
295 287 294
295 294 296
297 298 290
297 299 298
294 300 301
294 301 302
303 294 302
303 302 304
305 302 306
305 307 302
307 308 302
307 309 308
307 310 311
312 307 313
312 313 314
315 314 316
317 274 318
319 320 321
322 320 323
324 325 326
327 328 326
327 329 328
326 328 330
331 330 328
331 328 332
329 332 328
329 333 332
326 330 334
334 335 326
334 336 335
334 330 337
338 337 330
338 330 339
334 337 340
341 334 340
341 342 334
340 337 343
344 343 337
344 337 345
340 343 346
347 340 346
347 348 340
346 343 349
350 349 343
350 343 351
346 349 352
353 346 352
353 352 354
355 352 349
356 352 357
358 349 359
360 361 362
363 362 364
365 363 364
363 366 362
366 367 362
367 368 362
367 369 368
366 370 367
370 371 367
372 367 371
372 373 367
370 374 371
375 371 374
376 372 371
376 371 375
377 374 370
377 378 374
370 379 377
370 380 379
375 374 381
375 381 382
383 381 374
383 384 381
384 382 381
384 385 382
372 376 386
375 387 376
376 388 386
376 389 388
390 386 388
390 391 386
392 386 391
392 372 386
393 388 387
394 388 393
393 387 395
394 393 396
396 393 397
398 387 375
392 399 372
392 400 399
398 375 401
375 382 401
398 401 402
382 402 401
398 402 403
372 399 404
404 405 372
406 404 399
406 407 404
406 399 408
399 400 409
409 408 399
410 409 400
382 411 402
412 402 411
413 411 382
413 382 414
415 409 410
416 415 410
416 410 417
418 416 417
415 419 409
409 419 408
418 420 416
421 420 418
422 419 415
422 415 416
421 423 420
424 423 421
425 423 424
425 420 423
425 426 420
426 416 420
426 427 416
422 416 427
422 427 428
429 422 428
429 430 422
422 430 419
429 431 430
429 432 431
432 433 431
434 431 433
435 430 431
435 419 430
435 431 434
419 435 436
419 436 408
408 436 437
408 437 438
439 435 434
434 440 439
441 439 440
439 441 442
435 439 443
435 443 436
442 443 439
444 436 443
444 445 436
442 446 443
443 446 447
443 447 448
442 449 446
450 449 442
450 451 449
451 452 449
449 453 446
449 454 453
455 456 446
455 446 457
458 402 459
460 461 462
463 460 464
465 466 467
468 411 469
470 471 472
473 471 474
471 475 474
471 476 475
477 476 471
477 478 476
474 475 479
474 479 480
481 474 480
482 480 479
482 479 483
475 484 479
485 479 484
485 484 486
476 487 475
475 487 484
488 484 487
489 484 488
489 488 490
488 491 490
488 492 491
476 493 487
494 493 476
494 495 493
488 487 496
496 487 493
497 488 496
497 498 488
499 498 497
499 497 500
496 493 501
501 497 496
502 501 493
502 503 501
501 504 497
500 497 504
505 504 501
505 506 504
500 504 507
508 507 504
508 509 507
507 510 500
511 500 510
511 512 500
509 513 507
507 513 510
514 510 513
515 510 514
515 516 510
509 517 513
514 513 518
517 518 513
517 509 519
519 509 520
509 521 520
509 522 521
517 519 523
524 517 523
517 524 518
524 523 525
526 518 524
526 527 518
527 526 528
527 528 529
518 530 514
518 527 530
531 514 530
531 532 514
533 530 527
533 527 529
534 530 533
534 535 530
529 536 533
529 537 536
538 536 537
529 539 537
529 540 539
538 537 541
541 542 538
541 543 542
542 543 544
545 546 533
547 548 537
549 550 551
551 552 553
551 553 554
551 554 555
551 555 556
556 557 551
556 558 557
559 555 554
560 555 559
559 554 561
561 554 562
561 562 563
563 562 564
563 564 565
560 566 555
556 555 566
567 566 560
556 566 568
568 569 556
567 570 566
568 566 570
571 570 567
571 572 570
568 570 573
573 570 572
573 574 568
574 575 568
573 572 576
573 577 574
576 577 573
578 574 577
578 577 579
580 579 577
580 577 581
576 581 577
582 580 581
582 581 583
584 581 576
584 583 581
576 572 585
576 585 584
586 585 572
586 572 587
584 585 588
589 588 585
589 585 590
591 583 584
584 588 591
591 592 583
593 583 592
593 594 583
591 588 595
596 595 588
596 588 597
598 592 591
591 595 598
598 599 592
600 592 599
600 601 592
598 595 602
603 602 595
603 595 604
605 602 603
598 602 606
606 599 598
607 606 602
606 608 599
609 608 606
610 599 608
610 611 599
612 608 613
614 615 616
617 615 618
619 615 620
619 621 615
622 621 619
623 615 621
623 621 624
622 625 621
626 621 625
626 627 621
628 625 629
628 629 630
631 629 625
631 632 629
632 633 629
632 634 633
635 629 636
635 636 637
638 639 634
638 640 639
641 640 638
642 643 644
645 643 646
645 647 643
643 647 648
643 648 649
650 643 649
648 651 649
652 649 651
648 653 651
654 651 653
654 653 655
656 653 648
656 648 647
656 657 653
658 653 657
658 657 659
656 647 660
661 660 647
661 647 662
663 657 656
663 656 660
663 664 657
665 657 664
665 664 666
663 660 667
668 667 660
668 669 667
663 667 670
671 670 667
671 672 670
670 672 673
670 673 674
663 670 675
675 664 663
675 670 674
675 674 676
675 677 664
677 678 664
677 579 678
679 677 675
675 680 679
681 579 677
679 681 677
681 682 579
683 681 679
684 685 679
686 687 674
688 689 674
690 691 681
692 681 693
692 693 694
695 696 694
697 651 698
699 480 700
701 702 703
703 704 705
703 706 707
703 708 706
709 708 703
709 710 708
711 712 708
711 713 712
714 708 715
714 715 716
717 716 718
719 720 721
722 721 723
724 725 721
724 726 725
726 727 728
729 721 730
729 730 731
732 733 731
734 735 736
737 736 738
737 738 739
740 741 742
743 744 742
743 745 744
746 745 747
746 748 745
749 748 750
749 751 748
749 752 751
751 753 754
754 755 751
754 756 755
757 758 759
760 759 761
760 761 762
763 764 765
766 524 767
574 768 769
770 574 771
554 772 773
774 393 775
776 777 778
779 780 778
779 781 780
782 779 778
778 783 782
778 784 783
784 785 783
784 786 785
787 782 783
787 783 788
788 783 785
789 782 787
788 785 790
790 785 791
790 791 792
792 791 793
792 793 794
789 795 782
782 795 779
796 795 789
796 797 795
779 795 797
798 797 796
779 797 799
799 800 779
799 801 800
798 802 797
799 797 802
803 802 798
799 802 804
804 805 799
804 806 805
803 807 802
804 802 807
808 807 803
808 809 807
804 807 810
810 807 809
810 811 804
810 809 812
810 813 811
814 810 812
814 813 810
815 816 785
817 818 819
820 821 819
820 819 822
823 824 825
826 824 827
828 827 824
829 827 828
829 830 827
831 827 830
828 824 832
833 832 824
833 834 832
835 828 832
836 828 835
836 837 828
835 832 838
839 838 832
839 832 840
841 835 838
842 835 841
842 843 835
841 844 842
841 838 845
846 845 838
846 847 845
848 844 841
848 841 845
848 849 844
848 845 850
847 850 845
851 848 850
851 850 852
847 853 850
853 852 850
854 853 847
854 847 855
853 854 856
853 856 857
853 857 852
857 858 852
857 859 858
858 859 860
861 852 858
861 862 852
863 861 858
858 860 864
863 858 864
864 860 865
866 863 864
864 865 867
866 864 867
868 866 867
865 869 867
868 867 869
857 870 871
872 873 869
874 875 876
876 877 878
879 880 876
879 881 880
882 876 883
882 883 884
885 883 886
885 886 887
881 888 889
881 890 888
891 888 890
887 892 893
887 893 894
894 893 895
896 897 898
899 898 900
901 902 898
901 903 902
904 898 905
904 905 906
907 908 909
910 909 911
912 913 909
912 914 913
915 909 916
915 916 917
917 918 919
920 921 922
923 922 924
923 924 925
926 927 928
929 930 931
931 932 933
931 934 932
935 932 934
935 936 932
937 932 936
938 932 937
938 937 939
937 940 939
937 941 940
937 936 942
942 943 937
942 944 943
942 936 945
946 945 936
946 936 947
948 944 942
942 945 949
948 942 949
949 945 950
951 950 945
951 945 952
953 948 949
949 950 953
953 954 948
955 944 948
955 948 954
955 956 944
955 954 957
950 958 953
958 954 953
950 959 958
960 959 950
960 950 961
958 962 954
963 954 962
963 964 954
958 959 965
966 965 959
966 959 967
968 962 958
958 965 968
968 969 962
970 962 969
970 969 971
968 965 972
973 969 968
968 972 973
974 973 972
975 972 965
975 965 976
977 972 975
973 978 969
979 978 973
980 969 978
980 978 981
981 978 982
983 984 985
986 987 848
988 989 990
991 992 993
994 992 995
995 992 996
997 996 992
997 998 996
995 996 999
999 1000 995
1001 995 1000
999 996 1002
1003 1002 996
1003 1004 1002
999 1005 1000
1006 1000 1005
1006 1005 1007
999 1002 1008
1008 1005 999
1008 1002 1009
1010 1009 1002
1010 1011 1009
1008 1012 1005
1013 1005 1012
1013 1012 1014
1015 1012 1008
1008 1009 1015
1015 1016 1012
1017 1012 1016
1017 1016 1018
1009 1019 1015
1019 1016 1015
1009 1020 1019
1021 1020 1009
1021 1022 1020
1019 1023 1016
1024 1016 1023
1024 1023 1025
1020 1026 1019
1026 1023 1019
1020 1027 1026
1028 1027 1020
1028 1029 1027
1026 1030 1023
1031 1023 1030
1031 1030 1032
1032 1030 1033
1032 1033 1034
1026 1035 1030
1026 1036 1035
1036 1026 1027
1036 1027 1037
1038 1037 1027
1038 1039 1037
1039 1040 1037
1039 1041 1040
1042 1036 1037
1042 1037 1043
1044 1036 1042
1044 1045 1036
1042 1046 1047
1042 1047 1048
1048 1049 1042
1050 1051 1048
1052 1000 1053
1054 1055 1056
1057 1055 1058
1057 1058 1059
1058 1060 1061
1058 1062 1060
1063 1060 1062
1063 1062 1064
1063 1064 1065
1063 1065 1066
1066 1065 1067
1066 1067 1068
1068 1067 1069
1068 1069 1070
1069 1071 1070
1072 1073 1074
1075 1073 1076
1073 1077 1076
1073 1078 1077
1079 1078 1073
1079 1080 1078
1077 1081 1076
1082 1076 1081
1077 1078 1083
1084 1083 1078
1084 1085 1083
1077 1086 1081
1077 1083 1087
1087 1086 1077
1088 1081 1086
1089 1081 1088
1088 1086 1090
1087 1083 1091
1092 1091 1083
1092 1093 1091
1087 1094 1086
1095 1086 1094
1095 1094 1096
1097 1094 1087
1087 1091 1097
1097 1098 1094
1099 1094 1098
1099 1098 1100
1097 1091 1101
1102 1101 1091
1102 1091 1103
1104 1098 1097
1097 1101 1104
1104 1105 1098
1106 1098 1105
1106 1105 1107
1104 1101 1108
1109 1108 1101
1109 1101 1110
1104 1108 1111
1111 1105 1104
1111 1112 1105
1113 1105 1112
1113 1112 1114
1115 1116 1117
1118 1117 1119
1117 1120 1121
1117 1122 1120
1123 1122 1117
1123 1124 1122
1122 1125 1126
1122 1127 1125
1128 1127 1122
1128 1122 1129
1130 1127 1131
1130 1132 1127
1133 1127 1132
1133 1134 1127
1132 1135 1136
1132 1137 1135
1138 1137 1132
1138 1139 1137
1139 1140 1137
1139 1141 1140
1137 1140 1142
1137 1142 1143
1144 1145 1146
1147 1148 1144
1147 1144 1149
1147 1149 1150
1147 1150 1151
1152 1153 1150
1152 1154 1153
1155 1152 1150
1155 1150 1156
1157 1152 1155
1155 1156 1158
1155 1158 1159
1160 1161 1152
1162 1155 1163
1164 1165 1166
1166 1167 1168
1166 1168 1169
1169 1168 1170
1169 1170 1171
1169 1172 1166
1169 1173 1172
1171 1173 1169
1171 1174 1173
1166 1172 1175
1166 1175 1176
1177 1176 1175
1177 1178 1176
1179 1178 1177
1180 1181 1171
1181 1182 1171
1181 1183 1182
1184 1185 1181
1184 1181 1186
1184 1186 1187
1188 1186 1181
1188 1181 1189
1188 1189 1190
1188 1191 1186
1192 1193 1186
1194 1184 1195
1196 1184 1197
1196 1197 1198
1199 1198 1197
1199 1200 1198
1199 1201 1200
1199 1202 1201
1203 1201 1202
1203 1204 1201
1205 1200 1201
1205 1206 1200
1206 1198 1200
1207 1205 1201
1207 1201 1204
1206 1208 1198
1209 1198 1208
1207 1204 1210
1207 1210 1211
1212 1210 1204
1212 1204 1213
1214 1215 1198
1216 1208 1217
1218 1219 1207
1220 1210 1221
1220 1222 1210
1223 1210 1222
1223 1222 1224
1225 1222 1226
1225 1227 1222
1228 1222 1227
1228 1227 1229
1230 1227 1231
1232 1227 1233
1234 1207 1235
1234 1235 1236
1237 1235 1207
1238 1235 1237
1238 1239 1235
1240 1235 1239
1240 1239 1241
1242 1239 1243
1242 1244 1239
1245 1239 1244
1245 1244 1246
1247 1244 1248
1249 1244 1250
1251 1252 1253
1253 1254 1255
1253 1255 1256
1257 1253 1256
1257 1256 1258
1259 1258 1256
1259 1256 1260
1261 1260 1256
1259 1260 1262
1263 1258 1259
1264 1263 1259
1264 1265 1263
1263 1266 1258
1267 1258 1266
1267 1268 1258
1269 1267 1266
1269 1266 1270
1271 1266 1263
1271 1270 1266
1271 1263 1265
1272 1270 1271
1271 1265 1273
1274 1271 1273
1275 1273 1265
1275 1265 1276
1277 1278 1259
1279 1270 1280
1281 1273 1282
1283 1265 1284
1283 1284 1285
1286 1287 1288
1289 1288 1290
1291 1292 1288
1291 1293 1292
1294 1288 1292
1294 1292 1295
1296 1292 1297
1296 1297 1298
1299 1292 1296
1299 1296 1300
1300 1296 1301
1302 1303 1304
1305 1306 1304
1305 1307 1306
1308 1307 1305
1308 1305 1309
1310 1308 1309
1310 1309 1311
1312 1310 1311
1313 1312 1311
1309 1313 1311
1309 1314 1313
1305 1314 1309
1305 1315 1314
1304 1315 1305
1304 1316 1315
1317 1316 1304
1317 1318 1316
1319 1318 1317
1319 1320 1318
1321 1322 1323
1324 1322 1325
1326 1322 1327
1326 1328 1322
1329 1322 1328
1329 1328 1330
1326 1331 1328
1326 1332 1331
1333 1328 1331
1333 1331 1334
1335 1336 1331
1335 1331 1337
1338 1337 1331
1338 1339 1337
1340 1337 1341
1340 1342 1337
1343 1337 1342
1343 1342 1344
1345 1342 1346
1345 1347 1342
1348 1342 1347
1348 1347 1349
1350 1351 1347
1350 1347 1352
1353 1352 1347
1353 1347 1354
1355 1356 1352
1355 1352 1357
1358 1357 1352
1358 1352 1359
1360 1357 1361
1360 1362 1357
1363 1357 1362
1363 1364 1357
1365 1366 1362
1365 1362 1367
1368 1367 1362
1368 1362 1369
1370 1367 1371
1370 1372 1367
1372 1373 1367
1372 1374 1373
1375 1372 1376
1375 1377 1372
1377 1378 1372
1377 1379 1378
1380 1381 1377
1380 1377 1382
1383 1384 1377
1383 1385 1384
1386 1387 1388
1389 1387 1390
1390 1387 1391
1390 1391 1392
1393 1391 1387
1393 1394 1391
1395 1391 1396
1395 1396 1397
1398 1396 1391
1398 1399 1396
1400 1401 1396
1400 1396 1402
1403 1402 1396
1403 1404 1402
1404 1405 1402
1406 1402 1405
1406 1407 1402
1404 1408 1405
1408 1404 1409
1404 1410 1409
1404 1411 1410
1412 1405 1408
1408 1409 1413
1412 1408 1413
1414 1409 1410
1413 1409 1415
1414 1415 1409
1416 1415 1414
1416 1414 1417
1410 1418 1414
1419 1414 1418
1419 1420 1414
1410 1421 1418
1422 1421 1410
1422 1423 1421
1421 1424 1418
1425 1418 1424
1425 1424 1426
1413 1415 1427
1428 1427 1415
1428 1415 1429
1427 1430 1413
1412 1413 1430
1427 1431 1430
1432 1431 1427
1432 1433 1431
1421 1434 1424
1435 1434 1421
1435 1421 1436
1437 1424 1434
1438 1424 1437
1438 1437 1439
1437 1434 1440
1441 1440 1434
1441 1442 1440
1443 1430 1431
1444 1430 1443
1444 1412 1430
1443 1445 1444
1443 1446 1445
1444 1447 1412
1444 1448 1447
1412 1447 1405
1449 1405 1447
1449 1450 1405
1451 1447 1448
1451 1448 1452
1444 1453 1448
1444 1454 1453
1443 1431 1455
1456 1443 1455
1456 1455 1457
1458 1455 1431
1458 1431 1459
1460 1457 1455
1460 1455 1461
1462 1463 1443
1464 1465 1457
1466 1467 1457
1466 1468 1467
1469 1470 1471
1472 1470 1473
1472 1473 1474
1475 1476 1474
1475 1474 1477
1478 1475 1479
1480 1481 1482
1482 1483 1484
1482 1484 1485
1484 1486 1485
1487 1488 1489
1490 1491 1488
1490 1488 1492
1490 1493 1494
1494 1495 1496
1494 1496 1497
1498 1499 1497
1498 1497 1500
1501 1500 1497
1501 1497 1502
1502 1497 1503
1502 1503 1504
1505 1506 1500
1505 1500 1507
1508 1507 1500
1508 1500 1509
1510 1511 1507
1512 1507 1513
1514 1515 1516
1517 1518 1515
1519 1515 1518
1520 1519 1518
1520 1518 1521
1521 1518 1522
1519 1523 1515
1524 1515 1523
1524 1523 1525
1526 1523 1519
1527 1526 1519
1527 1519 1528
1526 1529 1523
1530 1523 1529
1530 1529 1531
1440 1529 1526
1532 1529 1440
1532 1440 1533
1440 1526 1437
1534 1437 1526
1534 1535 1437
1536 1537 1538
1539 1540 1536
1539 1541 1540
1542 1541 1539
1542 1543 1541
1544 1541 1543
1544 1545 1541
1545 1546 1541
1547 1544 1543
1547 1543 1548
1549 1548 1543
1549 1550 1548
1551 1548 1550
1551 1550 1552
1553 1551 1552
1554 1548 1551
1555 1554 1551
1554 1556 1548
1557 1558 1559
1560 1558 1561
1558 1562 1561
1558 1563 1562
1564 1563 1558
1564 1565 1563
1566 1561 1562
1567 1561 1566
1563 1568 1562
1566 1562 1569
1569 1562 1568
1570 1566 1569
1570 1569 1571
1563 1572 1568
1573 1572 1563
1573 1574 1572
1569 1568 1575
1576 1569 1575
1576 1575 1577
1568 1572 1578
1579 1578 1572
1579 1580 1578
1575 1568 1581
1568 1578 1581
1575 1581 1582
1583 1575 1582
1583 1582 1584
1585 1581 1578
1582 1581 1585
1585 1578 1586
1587 1586 1578
1587 1588 1586
1582 1585 1589
1590 1582 1589
1590 1589 1591
1586 1592 1585
1589 1585 1592
1586 1593 1592
1594 1593 1586
1594 1595 1593
1589 1592 1596
1597 1589 1596
1597 1596 1598
1599 1592 1593
1596 1592 1599
1599 1593 1600
1601 1600 1593
1601 1602 1600
1596 1599 1603
1604 1596 1603
1604 1603 1605
1600 1606 1599
1599 1607 1603
1599 1606 1607
1608 1603 1607
1608 1609 1603
1610 1608 1607
1610 1607 1611
1611 1607 1606
1600 1612 1606
1613 1612 1600
1613 1614 1612
1611 1606 1615
1615 1606 1612
1616 1611 1615
1617 1611 1616
1617 1616 1618
1615 1612 1619
1620 1619 1612
1620 1621 1619
1618 1616 1622
1618 1622 1623
1616 1615 1624
1624 1615 1619
1624 1622 1616
1624 1619 1625
1626 1625 1619
1626 1627 1625
1625 1628 1624
1624 1628 1622
1625 1629 1628
1630 1622 1628
1631 1622 1630
1631 1632 1622
1630 1628 1633
1633 1628 1634
1633 1634 1635
1636 1630 1633
1636 1633 1637
1638 1639 1625
1630 1640 1641
1642 1643 1633
1642 1644 1643
1645 1566 1646
1647 1648 1649
1650 1649 1651
1652 1653 1649
1654 1649 1653
1654 1653 1655
1653 1656 1655
1652 1657 1653
1657 1658 1653
1657 1659 1658
1659 1660 1661
1659 1662 1660
1659 1663 1662
1663 1664 1662
1663 1665 1664
1666 1667 1665
1668 1669 1670
1671 1672 1673
1672 1674 1675
1672 1675 1676
1677 1672 1676
1678 1672 1677
1679 1678 1677
1679 1677 1680
1678 1681 1672
1682 1672 1681
1682 1681 1683
1684 1681 1678
1685 1684 1678
1685 1686 1684
1684 1687 1681
1688 1681 1687
1688 1687 1689
1690 1687 1684
1691 1690 1684
1691 1692 1690
1690 1693 1687
1694 1687 1693
1694 1693 1695
1696 1693 1690
1696 1690 1697
1698 1693 1696
1698 1699 1693
1700 1684 1701
1702 1703 1690
1704 1696 1705
1704 1706 1696
1707 1696 1706
1707 1706 1708
1709 1710 1706
1709 1706 1711
1712 1711 1706
1712 1706 1713
1714 1715 1711
1714 1711 1716
1717 1716 1711
1717 1711 1718
1719 1716 1717
1719 1720 1716
1721 1720 1719
1721 1722 1720
1723 1716 1720
1723 1720 1724
1725 1720 1726
1725 1726 1727
1728 1729 1730
1731 1730 1732
1733 1734 1730
1733 1730 1735
1735 1730 1736
1735 1736 1737
1735 1738 1739
1735 1740 1738
1741 1740 1735
1741 1742 1740
1743 1744 1740
1743 1740 1745
1746 1745 1740
1746 1747 1745
1745 1748 1749
1745 1749 1750
1751 1752 1745
1751 1753 1752
1753 1754 1752
1753 1755 1754
1755 1756 1754
1757 1758 1759
1760 1758 1761
1760 1762 1758
1762 1763 1758
1764 1758 1763
1762 1765 1763
1766 1763 1765
1766 1765 1767
1768 1765 1762
1769 1768 1762
1769 1770 1768
1768 1771 1765
1772 1765 1771
1772 1771 1773
1774 1771 1768
1775 1774 1768
1775 1776 1774
1774 1777 1771
1778 1771 1777
1778 1777 1779
1780 1777 1774
1781 1780 1774
1781 1782 1780
1779 1777 1783
1780 1783 1777
1779 1783 1784
1785 1783 1780
1786 1785 1780
1786 1787 1785
1785 1676 1783
1788 1783 1676
1788 1676 1789
1677 1676 1785
1790 1677 1785
1790 1791 1677
1792 1763 1793
1794 1795 1796
1797 1798 1795
1797 1795 1799
1800 1801 1802
1803 1804 1805
1806 1807 1803
1806 1803 1808
1809 1810 1811
1812 1813 1810
1812 1810 1814
1810 1815 1814
1810 1816 1815
1817 1816 1810
1818 1815 1816
1818 1816 1819
1819 1816 1820
1814 1815 1821
1822 1821 1815
1822 1815 1823
1814 1821 1824
1825 1814 1824
1825 1824 1826
1824 1821 1827
1828 1827 1821
1828 1821 1829
1824 1827 1830
1831 1824 1830
1831 1832 1824
1830 1827 1833
1827 1834 1833
1827 1835 1834
1830 1833 1836
1837 1830 1836
1837 1836 1838
1836 1833 1839
1833 1840 1839
1833 1841 1840
1836 1839 1842
1842 1843 1836
1842 1844 1843
1842 1839 1845
1839 1846 1845
1839 1847 1846
1845 1846 1848
1845 1848 1849
1849 1848 1850
1849 1850 1851
1842 1845 1852
1852 1845 1849
1853 1842 1852
1853 1854 1842
1852 1849 1855
1855 1849 1851
1856 1852 1855
1856 1857 1852
1855 1851 1858
1851 1859 1858
1851 1860 1859
1851 1861 1860
1851 1862 1861
1863 1864 1855
1865 1866 1860
1860 1867 1868
1860 1869 1870
1871 1872 1873
1874 1875 1873
1876 1873 1877
1878 1877 1873
1879 1880 1881
1882 1880 1883
1884 1880 1885
1884 1885 1886
1887 1885 1880
1887 1888 1885
1888 1889 1885
1888 1890 1889
1891 1885 1889
1891 1892 1885
1893 1889 1894
1893 1895 1889
1896 1889 1895
1896 1895 1897
1897 1895 1898
1899 1898 1895
1899 1900 1898
1897 1898 1901
1897 1901 1902
1903 1897 1902
1903 1902 1904
1905 1902 1901
1906 1904 1902
1906 1902 1905
1898 1907 1901
1905 1901 1908
1908 1901 1907
1909 1905 1908
1906 1905 1910
1909 1910 1905
1908 1907 1911
1911 1909 1908
1912 1904 1906
1913 1904 1912
1913 1914 1904
1898 1915 1907
1916 1915 1898
1916 1898 1917
1907 1915 1918
1919 1918 1915
1919 1920 1918
1911 1907 1921
1907 1918 1921
1912 1906 1922
1923 1922 1906
1906 1910 1923
1911 1921 1924
1924 1925 1911
1911 1925 1909
1926 1910 1909
1925 1926 1909
1923 1910 1927
1926 1927 1910
1928 1927 1926
1928 1929 1927
1925 1930 1926
1931 1926 1930
1931 1930 1932
1924 1933 1925
1930 1925 1933
1934 1924 1921
1934 1933 1924
1923 1927 1935
1936 1935 1927
1936 1937 1935
1930 1933 1938
1939 1930 1938
1939 1938 1940
1935 1941 1923
1923 1941 1922
1942 1938 1933
1934 1942 1933
1934 1921 1943
1943 1921 1918
1935 1944 1941
1945 1944 1935
1945 1946 1944
1942 1947 1938
1948 1938 1947
1948 1947 1949
1950 1942 1934
1943 1950 1934
1943 1918 1951
1952 1951 1918
1952 1953 1951
1947 1942 1954
1950 1954 1942
1951 1955 1943
1943 1955 1950
1951 1956 1955
1957 1956 1951
1957 1958 1956
1950 1955 1959
1959 1955 1956
1947 1954 1960
1961 1947 1960
1961 1960 1962
1963 1954 1950
1950 1959 1963
1959 1956 1964
1965 1964 1956
1965 1966 1964
1967 1960 1954
1963 1967 1954
1963 1959 1968
1964 1968 1959
1967 1969 1960
1970 1960 1969
1970 1969 1971
1972 1967 1963
1963 1968 1972
1964 1973 1968
1974 1973 1964
1974 1975 1973
1969 1967 1976
1972 1976 1967
1972 1968 1977
1973 1977 1968
1969 1976 1978
1979 1969 1978
1979 1978 1980
1981 1976 1972
1972 1977 1981
1982 1978 1976
1981 1982 1976
1973 1983 1977
1984 1983 1973
1984 1985 1983
1977 1986 1981
1986 1982 1981
1982 1987 1978
1988 1978 1987
1988 1987 1989
1983 1990 1977
1977 1990 1986
1983 1991 1990
1992 1987 1982
1986 1992 1982
1993 1986 1990
1993 1992 1986
1992 1994 1987
1995 1987 1994
1995 1994 1996
1997 1994 1992
1993 1997 1992
1993 1990 1998
1999 1998 1990
1999 2000 1998
1997 2001 1994
2002 1994 2001
2002 2001 2003
2004 2001 1997
2005 2001 2004
2006 1997 1993
2004 1997 2006
2007 1993 1998
2006 1993 2007
2007 1998 2008
2009 2008 1998
2009 2010 2008
2006 2011 2004
2012 2004 2011
2012 2013 2004
2007 2014 2006
2006 2014 2011
2015 2011 2014
2007 2016 2014
2016 2007 2008
2017 2014 2016
2016 2008 2018
2017 2016 2019
2019 2016 2020
2019 2020 2021
2022 2011 2023
2024 2025 2008
2026 2027 2019
2028 2019 2029
2028 2029 2030
2031 2032 2033
2034 2032 2035
2036 2032 2037
2036 2038 2032
2039 2032 2038
2039 2038 2040
2041 2042 2038
2041 2038 2043
2044 2043 2038
2044 2038 2045
2046 2043 2047
2046 2048 2043
2049 2043 2048
2049 2050 2043
2051 2048 2052
2051 2053 2048
2054 2048 2053
2054 2055 2048
2056 2057 2053
2056 2058 2057
2059 2053 2057
2059 2057 2060
2061 2057 2062
2061 2062 2063
2064 2062 2057
2064 2065 2062
2062 2066 2067
2062 2067 2068
2069 2062 2068
2069 2068 2070
2068 2071 2072
2068 2072 2073
2074 2068 2073
2074 2073 2075
2073 2076 2077
2073 2077 2078
2079 2073 2078
2079 2078 2080
2078 2081 2082
2078 2083 2084
2078 2084 2085
2086 2087 2088
2089 2088 2090
2091 2088 2092
2091 2092 2093
2094 2088 2091
2094 2091 2095
2096 2091 2097
2096 2097 2098
2099 2091 2096
2099 2096 2100
2101 2102 2096
2103 2096 2102
2103 2102 2104
2101 2105 2102
2106 2102 2105
2107 2102 2106
2107 2106 2108
2106 2105 2109
2109 2110 2106
2106 2110 2111
2106 2111 2112
2113 2111 2110
2109 2105 2114
2115 2114 2105
2115 2105 2116
2117 2114 2115
2117 2118 2114
2109 2114 2119
2120 2119 2114
2120 2121 2119
2109 2122 2110
2119 2122 2109
2113 2110 2123
2122 2123 2110
2119 2124 2122
2125 2124 2119
2125 2126 2124
2124 2127 2122
2122 2127 2123
2126 2128 2124
2124 2128 2127
2126 2129 2128
2128 2129 2130
2128 2130 2131
2132 2113 2123
2132 2123 2133
2133 2123 2127
2134 2127 2128
2134 2128 2131
2133 2127 2134
2134 2135 2133
2133 2135 2136
2133 2136 2137
2134 2138 2135
2131 2138 2134
2139 2135 2138
2139 2138 2140
2140 2141 2139
2140 2142 2141
2131 2143 2138
2138 2143 2144
2131 2145 2143
2131 2146 2145
2147 2148 2143
2149 2150 2151
2152 2153 2150
2150 2153 2154
2150 2154 2155
2156 2150 2155
2156 2155 2157
2155 2158 2159
2155 2159 2160
2161 2155 2160
2161 2160 2162
2163 2160 2164
2163 2115 2160
2165 2160 2115
2165 2115 2166
2167 2168 2169
2170 2169 2171
2172 2173 2169
2172 2174 2173
2175 2169 2173
2175 2173 2176
2177 2173 2178
2177 2178 2179
2180 2178 2173
2180 2181 2178
2182 2183 2178
2182 2184 2183
2185 2178 2183
2185 2183 2186
2187 2188 2183
2189 2183 2188
2189 2188 2190
2187 2191 2188
2191 2192 2188
2191 2193 2192
2194 2188 2192
2194 2192 2195
2192 2196 2195
2192 2197 2196
2198 2197 2192
2198 2192 2199
2200 2201 2197
2200 2197 2202
2203 2202 2197
2203 2204 2202
2202 2205 2206
2202 2207 2205
2208 2207 2202
2208 2209 2207
2210 2211 2207
2210 2207 2212
2213 2212 2207
2213 2214 2212
2215 2216 2212
2215 2212 2217
2218 2217 2212
2219 2220 2212
2219 2221 2220
2222 2223 2224
2225 2226 2227
2228 2229 2227
2228 2227 2230
2231 2232 2233
2233 2234 2235
2233 2235 2236
2237 2238 1983
2239 2240 2241
2242 2243 2241
2241 2243 2244
2241 2244 2245
2246 2241 2245
2246 2247 2241
2248 2245 2249
2248 2249 2250
2251 2249 2245
2251 2252 2249
2253 2249 2254
2253 2254 2255
2254 2249 2256
2254 2256 2257
2257 2258 2254
2259 2254 2258
2259 2260 2254
2257 2261 2258
2262 2261 2257
2262 2263 2261
2261 2264 2258
2265 2258 2264
2265 2266 2258
2261 2267 2264
2268 2267 2261
2268 2269 2267
2267 2270 2264
2271 2264 2270
2271 2272 2264
2269 2273 2267
2267 2273 2270
2269 2274 2273
2274 2269 2275
2274 2275 2276
2273 2277 2270
2278 2270 2277
2278 2279 2270
2280 2273 2274
2281 2274 2276
2281 2280 2274
2273 2282 2277
2280 2282 2273
2283 2281 2276
2283 2276 2284
2285 2282 2280
2286 2280 2281
2286 2285 2280
2287 2286 2281
2287 2281 2288
2277 2282 2289
2285 2289 2282
2290 2289 2285
2290 2291 2289
2292 2285 2286
2292 2293 2285
2294 2293 2292
2294 2292 2295
2296 2292 2286
2296 2286 2297
2298 2295 2292
2298 2292 2299
2277 2289 2300
2300 2289 2291
2301 2277 2300
2301 2302 2277
2300 2291 2303
2304 2300 2303
2304 2305 2300
2303 2291 2306
2307 2306 2291
2307 2291 2308
2303 2306 2309
2310 2303 2309
2310 2311 2303
2309 2306 2312
2313 2312 2306
2313 2306 2314
2309 2312 2315
2316 2315 2312
2317 2309 2315
2317 2318 2309
2319 2312 2320
2321 2315 2322
2323 2295 2324
2325 2326 2295
2327 2328 2329
2330 2328 2331
2331 2328 2332
2333 2332 2328
2333 2334 2332
2331 2332 2335
2335 2336 2331
2337 2331 2336
2335 2332 2338
2339 2338 2332
2339 2340 2338
2335 2341 2336
2342 2336 2341
2342 2341 2343
2335 2338 2344
2344 2341 2335
2344 2338 2345
2346 2345 2338
2346 2347 2345
2344 2348 2341
2349 2341 2348
2349 2348 2350
2344 2345 2351
2351 2348 2344
2351 2345 2352
2353 2352 2345
2353 2354 2352
2351 2355 2348
2356 2348 2355
2356 2355 2357
2358 2355 2351
2351 2352 2358
2354 2359 2352
2354 2360 2359
2358 2361 2355
2362 2355 2361
2362 2361 2363
2352 2364 2358
2364 2361 2358
2352 2359 2364
2364 2365 2361
2366 2361 2365
2366 2365 2367
2359 2368 2364
2368 2365 2364
2367 2365 2369
2368 2369 2365
2367 2369 2370
2359 2371 2368
2372 2371 2359
2372 2373 2371
2374 2369 2368
2375 2369 2374
2375 2376 2369
2371 2377 2368
2374 2368 2377
2371 2378 2377
2379 2378 2371
2379 2380 2378
2377 2381 2374
2382 2374 2381
2382 2383 2374
2378 2384 2377
2377 2384 2381
2378 2385 2384
2386 2385 2378
2386 2378 2387
2388 2381 2384
2389 2381 2388
2390 2384 2385
2388 2384 2390
2390 2385 2391
2392 2391 2385
2392 2385 2393
2390 2394 2388
2395 2388 2394
2395 2396 2388
2390 2397 2394
2391 2397 2390
2398 2394 2397
2398 2397 2399
2399 2400 2398
2391 2401 2397
2397 2401 2399
2402 2401 2391
2402 2391 2403
2404 2399 2401
2404 2401 2405
2406 2388 2407
2408 2394 2409
2410 2411 2399
2412 2413 2414
2414 2415 2416
2417 2418 2414
2417 2419 2418
2420 2414 2418
2420 2418 2421
2422 2418 2423
2422 2423 2424
2425 2426 2418
2425 2427 2426
2428 2336 2429
2430 2431 2432
2432 2433 2434
2432 2435 2436
2432 2436 2437
2438 2439 2432
2438 2440 2439
2441 2440 2442
2443 2444 2436
2443 2445 2444
2445 2446 2444
2445 2447 2446
2448 2449 2450
2451 2452 2450
2451 2450 2453
2454 2455 2456
2457 2454 2458
2457 2459 2454
2459 2460 2454
2461 2454 2462
2461 2462 2463
2464 2465 2463
2466 2467 2269
2468 2469 2470
2470 2471 2472
2470 2473 2471
2473 2474 2471
2473 2475 2474
2476 2477 2257
2478 2479 2276
2480 2481 2482
2483 2484 2485
2486 2484 2487
2488 2484 2489
2488 2490 2484
2491 2484 2490
2491 2490 2492
2493 2490 2494
2493 2494 2495
2496 2494 2490
2496 2497 2494
2497 2498 2494
2499 2494 2498
2499 2498 2500
2501 2500 2498
2501 2498 2502
2497 2503 2498
2503 2502 2498
2497 2504 2503
2505 2504 2497
2505 2506 2504
2504 2507 2503
2506 2508 2504
2504 2508 2507
2503 2509 2502
2510 2503 2507
2510 2509 2503
2509 2511 2502
2512 2502 2511
2512 2513 2502
2509 2514 2511
2514 2515 2511
2514 2516 2515
2509 2517 2514
2509 2510 2517
2518 2516 2514
2518 2514 2517
2519 2516 2518
2519 2518 2520
2510 2521 2517
2521 2518 2517
2507 2522 2510
2510 2522 2521
2521 2523 2518
2520 2518 2523
2524 2521 2522
2524 2522 2525
2526 2523 2521
2526 2527 2523
2507 2528 2522
2529 2522 2528
2529 2528 2530
2507 2531 2528
2507 2508 2531
2532 2528 2531
2532 2533 2528
2534 2531 2508
2535 2531 2534
2535 2536 2531
2534 2508 2537
2506 2537 2508
2538 2537 2506
2506 2539 2538
2506 2540 2539
2541 2534 2537
2538 2541 2537
2541 2542 2534
2543 2534 2542
2543 2544 2534
2545 2541 2538
2538 2546 2545
2538 2547 2546
2548 2542 2541
2545 2548 2541
2548 2549 2542
2550 2542 2549
2550 2551 2542
2552 2548 2545
2553 2552 2545
2553 2545 2554
2555 2549 2548
2556 2549 2555
2556 2557 2549
2552 2558 2548
2555 2548 2558
2559 2558 2552
2560 2555 2558
2561 2552 2562
2563 2555 2564
2565 2566 2567
2567 2568 2569
2567 2570 2571
2572 2573 2567
2574 2575 2567
2574 2567 2576
2577 2567 2578
2577 2578 2579
2579 2580 2581
2579 2581 2582
2582 2581 2583
2584 2585 2586
2587 2588 2589
2589 2590 2591
2591 2592 2589
2593 2592 2594
2595 2589 2596
2595 2596 2597
2598 2599 2593
2598 2600 2599
2601 2602 2598
2601 2603 2602
2604 2605 2606
2607 2606 2608
2607 2609 2606
2607 2610 2609
2606 2611 2612
2606 2612 2613
2614 2606 2613
2614 2613 2615
2520 2613 2612
2520 2616 2613
2617 2613 2616
2617 2616 2618
2520 2523 2616
2619 2616 2523
2619 2620 2616
2621 2622 2520
2623 2624 2511
2625 2626 2627
2628 2629 2627
2628 2630 2629
2283 2631 2632
2633 2634 2635
2636 2637 2638
2639 2638 2640
2641 2642 2638
2641 2638 2643
2643 2638 2644
2643 2644 2645
2643 2646 2647
2643 2648 2646
2649 2648 2643
2649 2650 2648
2648 2651 2652
2648 2653 2651
2654 2653 2648
2654 2655 2653
2653 2656 2651
2653 2657 2656
2651 2656 2658
2651 2658 2659
2659 2660 2651
2659 2658 2661
2659 2661 2662
2659 2663 2660
2664 2663 2659
2664 2659 2665
2666 2667 2653
2666 2668 2667
2669 2661 2670
2669 2670 2671
2671 2670 2672
2671 2672 2673
2673 2672 2674
2673 2674 2675
2675 2674 2676
2677 2671 2673
2678 2671 2677
2678 2679 2671
2680 2673 2675
2677 2673 2680
2675 2676 2681
2680 2675 2682
2682 2675 2681
2682 2681 2683
2676 2684 2681
2685 2681 2684
2676 2686 2684
2685 2684 2687
2686 2688 2684
2686 2689 2688
2690 2684 2688
2690 2687 2684
2691 2687 2690
2691 2692 2687
2693 2687 2692
2693 2694 2687
2695 2692 2696
2695 2697 2692
2698 2692 2697
2698 2699 2692
2700 2698 2697
2701 2697 2702
2703 2704 2705
2706 2707 2704
2706 2704 2708
2704 2709 2708
2704 2710 2709
2711 2710 2704
2712 2709 2710
2712 2710 2713
2708 2709 2714
2708 2714 2715
2716 2708 2715
2716 2715 2717
2718 2714 2709
2718 2709 2719
2715 2714 2720
2721 2714 2718
2721 2720 2714
2715 2720 2722
2723 2715 2722
2723 2722 2724
2722 2720 2725
2726 2720 2721
2726 2725 2720
2722 2725 2727
2728 2722 2727
2728 2727 2729
2730 2729 2727
2730 2727 2731
2732 2730 2731
2727 2725 2733
2727 2733 2731
2731 2733 2734
2732 2731 2735
2731 2734 2735
2736 2732 2735
2734 2737 2735
2736 2735 2738
2735 2739 2738
2740 2733 2725
2740 2734 2733
2740 2725 2726
2740 2726 2741
2726 2742 2741
2726 2721 2742
2721 2743 2742
2721 2718 2743
2718 2744 2743
2718 2745 2744
2746 2742 2743
2744 2746 2743
2740 2747 2734
2740 2741 2748
2747 2740 2748
2742 2749 2741
2746 2750 2742
2742 2750 2749
2741 2749 2751
2741 2751 2748
2752 2749 2750
2752 2751 2749
2753 2750 2746
2752 2750 2753
2753 2746 2754
2744 2755 2746
2756 2746 2755
2756 2755 2757
2758 2755 2744
2759 2758 2744
2759 2760 2758
2758 2761 2755
2762 2761 2758
2763 2755 2761
2763 2761 2764
2752 2753 2765
2753 2766 2765
2753 2767 2766
2767 2768 2766
2767 2769 2768
2770 2765 2766
2766 2771 2770
2766 2768 2771
2770 2772 2765
2752 2765 2773
2765 2772 2774
2765 2774 2773
2773 2774 2775
2776 2752 2773
2752 2776 2751
2772 2777 2774
2775 2774 2777
2776 2773 2778
2773 2775 2778
2779 2776 2778
2775 2779 2778
2776 2780 2751
2779 2780 2776
2748 2751 2780
2748 2780 2781
2747 2748 2781
2772 2782 2777
2783 2782 2772
2783 2784 2782
2779 2785 2780
2781 2780 2785
2786 2747 2781
2786 2734 2747
2781 2785 2787
2786 2781 2787
2787 2785 2788
2787 2788 2789
2786 2787 2789
2786 2790 2734
2734 2790 2791
2786 2789 2792
2792 2790 2786
2792 2793 2790
2794 2792 2789
2794 2795 2792
2792 2795 2796
2792 2796 2797
2798 2799 2790
2800 2801 2789
2795 2802 2803
2795 2804 2805
2806 2807 2795
2808 2809 2807
2810 2710 2811
2812 2813 2814
2815 2814 2816
2817 2814 2818
2817 2818 2819
2820 2818 2814
2820 2821 2818
2818 2680 2822
2818 2677 2680
2823 2677 2818
2823 2824 2677
2825 2680 2682
2825 2682 2826
2827 2825 2826
2828 2826 2682
2828 2829 2826
2827 2826 2830
2830 2826 2831
2830 2831 2832
2833 2834 2830
2835 2830 2836
2837 2758 2838
2839 2840 2785
2841 2785 2842
2779 2842 2785
2779 2843 2842
2844 2842 2843
2779 2845 2843
2775 2845 2779
2846 2843 2845
2846 2845 2847
2775 2847 2845
2844 2843 2848
2849 2844 2848
2850 2848 2843
2850 2843 2851
2775 2852 2847
2775 2777 2852
2853 2852 2777
2853 2854 2852
2852 2854 2855
2852 2855 2847
2855 2856 2847
2857 2858 2855
2847 2858 2859
2860 2861 2848
2860 2848 2862
2863 2777 2864
2782 2864 2777
2782 2865 2864
2784 2865 2782
2866 2864 2865
2866 2867 2864
2784 2868 2865
2869 2865 2868
2869 2868 2870
2871 2868 2784
2872 2871 2784
2872 2784 2873
2871 2874 2868
2875 2868 2874
2875 2876 2868
2877 2874 2871
2878 2877 2871
2878 2871 2879
2877 2880 2874
2881 2880 2877
2882 2874 2880
2882 2880 2883
2884 2877 2885
2886 2880 2887
2888 2761 2889
2890 2891 2892
2893 2892 2894
2892 2895 2894
2896 2894 2895
2896 2895 2897
2892 2898 2895
2899 2898 2892
2899 2900 2898
2901 2895 2898
2902 2895 2901
2902 2901 2903
2901 2898 2904
2905 2894 2906
2907 2908 2898
2907 2909 2908
2910 2901 2911
2910 2911 2912
2913 2911 2901
2913 2914 2911
2911 2915 2916
2911 2916 2917
2918 2911 2919
2918 2919 2920
2921 2922 2923
2924 2922 2925
2924 2771 2922
2922 2771 2768
2922 2768 2926
2927 2922 2926
2928 2926 2768
2928 2929 2926
2930 2926 2929
2931 2932 2771
2931 2933 2932
2934 2935 2936
2937 2936 2938
2938 2936 2939
2938 2939 2940
2939 2936 2941
2939 2941 2942
2943 2663 2939
2943 2944 2663
2945 2939 2663
2945 2663 2946
2947 2948 2738
2949 2950 2738
2951 2952 2949
2951 2949 2953
2954 2951 2953
2516 2955 2956
2957 2958 2959
2381 2960 2961
2962 2963 2964
2965 2966 2967
1448 2968 2969
1448 2970 2971
1448 2972 2973
1448 2974 2975
2976 2842 2977
2978 2979 2980
2978 39 2979
2981 2982 144
2981 144 2983
2984 329 2985
2984 2986 329
2986 2987 329
2986 2988 2987
2989 2988 2986
2986 2990 2991
2986 2991 2992
2993 2992 2991
2994 2995 2996
2997 2995 2994
2998 2999 3000
565 2999 2998
565 3001 2999
3002 3003 3004
3003 3005 3004
3003 3006 3005
3007 3008 3009
3007 3009 3010
3007 3010 3011
3009 3012 3013
3013 3014 3009
3013 3015 3014
3015 3016 3014
3017 3018 3019
3017 3020 3018
3021 3020 3017
3021 3022 3020
3023 3022 3021
3024 3018 3025
3024 3025 3026
3025 3027 3026
3028 3029 3030
3028 3030 3031
3032 3033 3034
3032 3034 522
3035 3036 3037
551 3035 3037
3038 3039 3040
3038 3040 3041
3042 3043 3044
3042 3044 3045
3046 3047 3048
3049 3046 3048
3049 3048 3050
3051 3050 3048
3051 3048 3052
3052 3048 3053
3052 3053 3054
3055 3056 3050
3055 3050 3057
3058 3059 794
794 3059 3060
3061 3062 3063
3061 3064 3062
3061 3065 3064
3066 3067 3065
3066 847 3067
3068 3069 3070
3068 3070 3071
3070 3072 3071
3073 3074 944
3073 944 3075
3076 3077 3078
3077 3079 3078
3080 939 3078
3080 3081 939
939 3082 3078
939 3083 3082
3084 3085 3086
3084 3086 931
3087 3088 3086
3087 3089 3088
3089 3090 3088
3091 3092 3093
3091 3094 3092
3095 3094 3091
3095 3096 3094
3097 3096 3095
3098 3099 3100
3101 3100 3099
3101 3099 3102
3102 3103 3101
3102 3104 3103
3105 3106 3107
3105 3107 3108
3109 3105 3108
3110 3107 3111
3110 3112 3107
3113 3114 3112
3113 3115 3114
3114 3115 3116
3114 3116 3117
3118 3119 3120
3121 3118 3120
3122 3123 3124
3125 3122 3124
3125 3126 3122
3127 3128 3129
3127 3130 3128
3131 3130 3132
3131 3132 3133
3133 3132 3134
3133 3134 3135
3134 3136 3137
3134 3137 3138
3139 3140 3141
3139 3141 3142
3143 3144 3145
3143 3145 3146
3147 3148 3149
3148 3150 3149
3148 3151 3150
3151 3148 3152
3153 3152 3148
3154 3152 3153
3151 3152 3155
3156 3155 3152
3156 3157 3155
3157 1912 3155
3157 3158 1912
1922 3155 1912
1922 3151 3155
1941 3151 1922
1941 3150 3151
1944 3150 1941
1944 3159 3150
3149 3150 3159
3160 3159 1944
3160 3161 3159
3149 3159 3162
3163 3149 3162
3164 3162 3159
3164 3165 3162
3166 3162 3165
3167 2113 3168
3169 3168 2113
3169 2113 3170
3171 3172 3173
3171 3173 3174
3175 3176 3177
3175 3177 3178
3179 3180 3181
3179 3181 3182
3183 3184 3185
3183 3186 3184
3183 3187 3186
3188 3189 3190
3188 3190 2864
3191 3192 3193
3191 3193 3194
3195 3196 3197
3197 3196 3198
3197 3198 3199
3200 3201 3202
3200 3202 3203
3202 3204 3203
