byte offset: 0
first index: 0
index count: 8781
topology: trianglelist
format: DXGI_FORMAT_R16_UINT

0 1 2
3 0 4
3 4 5
6 4 0
6 0 7
7 0 8
7 8 9
6 7 10
9 11 7
11 10 7
12 10 11
12 13 10
14 6 10
15 14 10
16 4 6
14 16 6
14 17 16
14 18 17
16 19 4
19 16 20
19 20 21
22 4 19
23 4 22
22 19 24
22 24 25
22 25 26
22 26 27
28 10 29
30 22 31
32 33 34
35 36 34
37 34 36
38 34 37
38 39 34
37 36 40
41 40 36
41 42 40
37 43 38
40 44 37
37 44 43
38 43 45
38 45 46
40 47 44
40 48 47
49 43 44
50 43 49
50 51 43
49 44 52
52 44 47
49 52 53
52 47 54
55 52 54
56 54 47
56 57 54
58 59 40
60 49 61
62 63 47
54 64 65
34 66 67
68 69 70
70 71 72
70 72 73
74 75 76
77 78 79
79 80 81
79 81 82
83 79 82
84 79 83
83 82 85
82 86 85
87 83 85
88 83 87
88 89 83
90 87 85
90 91 87
83 92 93
94 82 95
85 94 96
97 85 98
99 100 87
99 101 100
102 103 104
105 103 106
107 103 108
107 109 103
109 110 103
109 111 110
109 112 113
109 114 112
109 115 114
109 116 115
117 118 114
114 119 120
114 120 121
122 114 121
123 114 122
121 124 122
122 124 125
121 126 124
121 127 126
121 128 127
126 129 124
126 130 129
129 130 131
129 131 132
129 133 124
133 129 132
133 132 134
36 124 133
36 135 124
36 133 136
36 136 137
138 133 134
138 134 139
140 139 134
134 132 141
132 142 141
132 143 142
144 134 141
144 145 134
134 145 146
141 147 148
141 148 149
149 150 141
149 151 150
149 152 151
149 153 152
149 154 153
153 155 156
153 157 155
158 157 153
158 153 159
157 160 161
157 162 160
163 162 157
163 164 162
165 162 166
165 167 162
168 162 167
168 169 162
170 171 167
172 173 167
167 174 175
9 176 177
178 179 9
9 179 11
180 11 179
180 181 11
182 183 179
184 185 186
187 188 189
190 191 192
193 194 195
196 197 198
199 200 196
201 199 196
201 196 202
203 202 196
203 204 202
201 205 199
206 205 201
207 201 202
206 201 207
206 207 208
206 208 209
207 202 210
210 211 207
210 212 211
213 210 202
214 213 202
213 215 210
213 216 215
217 205 206
206 218 217
219 220 213
221 222 205
223 224 206
223 206 225
226 227 213
226 213 228
229 205 230
229 231 205
231 199 205
232 199 231
199 232 233
234 232 231
234 231 235
236 232 237
238 232 239
240 241 242
243 244 241
245 243 241
246 245 241
246 241 247
245 248 243
249 243 248
249 248 250
245 246 251
248 245 252
245 251 252
246 253 251
246 254 253
248 252 255
248 255 256
257 252 251
258 257 251
258 251 259
257 260 252
260 255 252
257 261 260
260 262 255
263 262 260
264 255 262
264 262 265
266 248 267
268 269 257
270 255 271
262 272 273
241 274 275
276 277 278
279 276 280
276 279 281
282 279 280
282 283 279
280 276 284
276 285 284
276 286 285
280 284 287
288 287 284
289 288 284
288 290 287
280 287 291
280 291 292
287 293 294
295 296 279
297 298 279
280 299 300
301 280 302
303 304 305
306 307 308
308 309 310
311 309 308
311 308 312
312 308 313
312 313 314
315 311 312
316 309 311
317 309 316
317 316 318
316 311 319
320 319 311
321 316 319
321 319 322
323 312 324
319 325 326
309 327 328
329 330 309
331 316 332
331 332 333
334 335 336
337 338 339
340 341 342
343 344 345
346 347 348
348 349 350
348 351 349
351 348 352
352 353 351
354 351 353
354 355 351
352 348 356
348 357 356
348 358 357
357 359 356
356 359 360
352 356 361
361 356 362
352 363 353
361 363 352
363 364 353
353 364 365
353 365 366
361 367 363
367 361 368
367 368 369
367 370 363
363 370 364
367 371 370
372 371 367
373 364 370
371 373 370
373 374 364
375 364 374
375 374 376
371 377 373
378 377 371
378 371 379
380 373 377
381 380 377
381 382 380
383 374 373
380 383 373
383 384 374
384 385 374
384 386 385
387 383 380
388 387 380
388 380 389
390 384 383
387 390 383
387 391 390
390 392 384
391 392 390
391 393 392
387 394 391
387 395 394
387 396 395
397 391 394
394 398 397
394 399 398
397 400 391
401 391 400
401 400 402
403 400 397
404 403 397
404 397 405
403 406 400
406 407 400
406 408 407
406 403 409
409 403 410
409 410 411
406 409 412
413 412 409
414 413 409
415 406 412
416 406 415
412 417 415
415 417 418
413 419 412
417 412 419
417 419 420
421 417 420
421 420 422
423 419 413
420 419 424
423 424 419
425 423 413
425 413 426
424 423 427
427 423 428
427 428 429
430 427 429
424 427 431
427 432 431
420 424 433
431 433 424
433 434 420
433 435 434
431 436 433
437 436 431
438 433 436
438 439 433
440 420 441
436 442 443
444 445 446
447 448 446
446 449 450
451 450 449
451 449 452
451 453 454
453 451 455
456 455 451
456 457 455
453 455 458
459 458 455
459 460 458
461 459 455
461 462 459
463 464 459
463 465 464
464 466 459
464 467 466
468 464 469
468 469 470
469 464 471
469 471 472
469 473 474
469 475 473
469 476 475
477 476 469
476 478 475
477 479 476
476 480 478
479 480 476
479 481 480
480 482 478
480 483 482
483 484 482
485 483 480
485 486 483
487 488 480
489 490 483
489 491 490
490 492 483
490 493 492
490 494 495
490 496 494
496 490 497
496 497 498
499 494 496
499 496 500
501 500 496
501 502 500
503 500 504
503 505 500
506 500 505
506 507 500
507 508 500
509 508 507
507 510 509
507 511 510
506 511 507
506 512 511
513 506 505
513 514 506
505 515 513
505 516 515
517 513 518
519 520 513
521 522 511
521 511 523
524 523 511
524 525 523
523 525 526
523 526 527
528 523 527
528 529 523
530 531 527
532 533 527
534 535 536
537 538 539
539 540 541
539 542 540
543 542 539
543 539 544
545 543 544
545 544 546
539 547 544
548 547 539
544 547 549
542 543 550
543 551 550
543 552 551
542 550 553
542 553 554
542 554 555
556 553 550
556 557 553
558 553 557
558 557 559
550 560 556
561 560 550
561 562 560
563 557 556
564 557 563
564 563 565
566 556 560
563 556 566
566 560 567
568 567 560
568 560 569
566 570 563
563 570 571
563 571 572
566 573 570
573 566 567
573 574 570
573 567 575
576 575 567
576 567 577
575 578 573
578 579 573
578 580 579
578 581 580
578 582 581
575 583 578
583 582 578
584 583 575
584 575 585
585 575 586
587 583 584
587 588 583
583 588 582
588 587 589
588 589 590
582 588 590
591 590 589
582 590 592
592 593 582
592 594 593
591 595 590
595 592 590
595 591 596
595 596 597
595 598 592
598 595 597
598 599 592
598 600 599
598 597 601
601 602 598
601 603 602
603 601 604
601 597 605
606 601 605
607 605 597
608 605 609
608 609 610
611 609 605
611 605 612
613 597 614
597 615 616
609 617 618
609 619 620
609 621 619
621 622 619
609 623 621
609 624 623
621 625 622
623 625 621
623 626 625
627 622 625
627 625 628
625 629 628
625 630 629
631 632 628
633 634 628
635 636 637
638 636 639
638 640 636
640 641 636
642 636 641
642 643 636
641 644 642
641 645 644
640 646 641
646 647 641
646 648 647
649 646 640
650 649 640
650 651 649
649 652 646
653 646 652
654 652 649
655 654 649
655 656 654
654 657 652
658 657 654
659 658 654
659 660 658
652 657 661
652 661 662
658 663 657
663 664 657
663 665 664
658 666 663
663 667 668
658 669 670
658 671 669
671 672 669
673 671 658
674 673 658
673 675 671
675 676 671
671 676 672
675 677 676
677 678 676
677 679 678
680 678 679
680 679 681
676 678 682
672 676 683
676 682 683
672 683 684
672 684 685
672 685 686
683 682 687
683 687 688
678 689 682
678 680 689
682 689 690
682 690 691
692 689 680
689 692 693
689 693 694
692 680 695
680 696 695
697 696 680
695 696 698
696 699 698
692 695 700
695 698 700
692 700 701
701 702 692
700 698 703
704 703 698
704 705 703
700 703 706
707 701 700
707 700 706
706 703 708
708 703 709
708 709 710
707 711 701
701 711 712
707 713 711
714 707 706
715 707 714
715 716 707
706 708 717
714 706 717
718 717 708
719 718 708
719 708 720
714 717 721
717 718 721
718 722 721
723 714 721
723 721 724
718 725 726
727 728 714
729 730 721
731 732 733
734 731 735
735 731 736
735 736 737
735 737 738
739 736 731
740 739 731
740 741 739
739 742 736
742 743 736
742 744 743
745 742 739
746 745 739
746 747 745
745 748 742
749 748 745
748 750 742
748 751 750
749 745 752
749 752 753
749 754 748
754 755 748
754 756 755
757 754 749
757 758 754
757 759 758
757 749 760
761 757 760
749 762 760
749 763 762
761 760 764
764 760 762
765 764 762
765 766 764
761 767 757
767 768 757
767 769 768
761 764 770
771 770 764
771 772 770
773 767 761
774 767 773
774 775 767
761 770 776
776 770 777
776 777 778
761 776 779
773 761 779
779 776 780
780 776 781
780 781 782
783 773 779
784 773 783
784 785 773
779 780 786
783 779 786
787 786 780
786 788 783
789 790 770
791 792 780
793 794 783
795 796 797
798 796 799
800 796 801
800 801 802
803 804 796
803 805 804
806 796 804
806 804 807
808 804 809
808 810 804
810 811 804
810 812 811
813 814 810
813 815 814
816 813 810
816 817 813
818 819 813
818 820 819
818 813 821
818 822 820
818 821 823
818 824 822
823 824 818
823 825 824
824 825 826
822 824 827
828 824 826
827 824 828
829 827 828
830 827 829
830 829 831
832 831 829
832 829 833
829 828 834
834 833 829
834 828 835
834 835 836
834 837 833
837 834 838
837 838 839
833 837 288
840 288 837
840 841 288
243 833 288
243 288 842
243 843 833
243 844 843
827 845 846
847 827 848
849 850 851
852 851 853
852 853 854
855 851 852
851 855 856
857 851 856
855 852 858
859 855 858
859 860 855
852 861 858
862 858 861
862 863 858
852 864 861
865 864 852
865 852 866
864 867 861
868 861 867
868 869 861
870 867 864
864 871 870
864 872 871
870 873 867
874 867 873
874 875 867
876 870 871
870 877 873
876 877 870
878 876 871
878 871 879
876 880 877
881 880 876
881 882 880
883 877 880
884 883 880
884 885 883
877 886 873
883 886 877
883 887 886
888 873 886
888 889 873
890 891 883
892 886 893
894 895 896
897 898 894
898 899 894
898 900 899
898 901 900
902 894 899
903 894 902
903 902 904
902 899 905
905 899 906
905 906 907
908 902 905
909 902 908
909 908 910
908 905 911
912 908 911
911 905 913
911 913 914
915 908 912
915 912 916
912 911 917
917 911 918
917 918 919
920 912 917
920 917 921
920 921 922
920 923 912
924 923 920
912 923 925
912 925 926
924 927 923
927 925 923
928 925 927
928 927 929
924 920 930
931 930 920
931 932 930
930 932 933
930 933 934
934 924 930
924 935 927
936 927 935
936 935 937
924 938 935
939 935 938
939 938 940
924 941 938
934 941 924
941 942 938
943 938 942
943 942 944
945 941 934
934 946 945
934 947 946
941 948 942
945 948 941
948 949 942
945 950 948
935 951 952
953 954 942
955 956 945
957 958 959
960 961 959
959 962 963
959 963 964
964 965 959
964 966 965
967 968 965
969 970 959
969 959 971
972 973 964
972 964 974
975 974 964
975 976 974
976 977 974
978 979 974
980 971 981
980 981 982
983 984 981
983 985 984
986 985 987
986 988 985
989 988 990
356 991 992
993 994 995
692 996 997
998 999 1000
1001 1002 999
1003 1002 1001
1004 1005 1003
1005 1006 1003
1005 1007 1006
1008 1003 1006
1003 1008 1009
1008 1006 1010
1006 1011 1010
1012 1006 1013
1006 1012 1014
1006 1014 1015
1015 1016 1006
1015 1017 1016
1018 1017 1015
1014 1019 1015
1018 1015 1019
1014 1020 1019
1021 1020 1014
1021 1022 1020
1018 1023 1017
1018 1024 1023
1025 1024 1018
1025 1018 1026
1018 1019 1027
1020 1027 1019
1018 1027 1026
1028 1026 1027
1029 1026 1028
1030 1029 1028
1031 1028 1027
1031 1032 1028
1031 1027 1033
1020 1033 1027
1033 1034 1031
1033 1035 1034
1036 1033 1020
1036 1020 1037
1026 1038 1039
1031 1040 1041
1042 1043 1020
1044 1045 1046
1045 1047 1048
1045 1049 1050
1051 1049 1045
1052 1053 1045
1052 1054 1053
570 1055 1056
1057 1058 1014
1059 1060 1061
1062 1059 1063
1062 1064 1059
1064 1065 1059
1065 1066 1059
1065 1067 1066
1059 1066 1068
1059 1068 1069
1069 1068 1070
1064 1071 1065
1071 1064 1072
1073 1072 1064
1074 1065 1071
1071 1075 1074
1071 1076 1075
1071 1072 1077
1078 1077 1072
1071 1077 1079
1077 1078 1079
1078 1072 1080
1080 1072 1081
1080 1081 1082
1083 1078 1080
1083 1084 1078
1074 1085 1065
1086 1065 1085
1086 1087 1065
1085 1088 1086
1085 1074 1089
1085 1089 1090
1074 1091 1089
1074 1092 1091
1093 1078 1094
1095 1078 1093
1095 1093 1096
1097 1078 1098
1099 1093 1100
1089 1101 1102
1089 1102 1103
1089 1103 1104
1089 1104 1105
1103 1106 1107
1108 1103 1109
1093 1110 1111
1093 1112 1110
1093 1113 1112
1093 1114 1113
1112 1115 1116
1112 1117 1115
1118 1117 1112
1118 1112 1119
1117 1120 1121
1122 1123 1117
1124 1125 698
696 1126 1127
1128 1129 1130
1131 1132 1133
1131 1134 1135
1131 1135 1136
1131 1136 1137
1131 1137 1138
1131 1138 1139
1140 1138 1137
1141 1138 1140
1142 1137 1136
1140 1137 1143
1142 1143 1137
1143 1144 1140
1143 1145 1144
1142 1136 1146
1146 1136 1147
1146 1147 1148
1149 1142 1146
1149 1146 1150
1142 1151 1143
1142 1152 1151
1151 1153 1143
1151 1154 1153
1151 1155 1154
1151 1156 1155
1157 1146 1158
1159 1160 1142
1151 1161 1162
1163 1164 1156
1163 1156 1165
1166 1167 1168
1169 1170 1171
1172 1173 1174
1175 1176 1177
1175 1178 1179
1180 1181 1182
1183 1184 1185
1186 1187 1188
1189 1190 1191
1192 1193 1194
1195 1196 1192
1197 1192 1196
1198 1197 1196
1196 1199 1198
1197 1200 1192
1200 1201 1192
1200 1202 1201
1197 1203 1200
1198 1204 1197
1205 1197 1204
1205 1204 1206
1198 1207 1204
1198 1208 1207
1209 1197 1210
1198 1211 1212
1213 1200 1214
1215 1216 1200
1217 1204 1218
1219 1204 1220
1221 1222 1223
1224 1064 1225
1226 1064 1227
1072 1228 1229
1230 1231 1232
1233 1234 1235
1236 1237 1238
1239 1236 1240
1239 1240 1241
1242 1243 1244
1245 1246 1247
1248 1249 1247
1248 1250 1249
1251 1252 1253
1254 1251 1255
1256 1251 1254
1254 1257 1256
1258 1254 1259
1260 1251 1261
1261 1251 1262
1261 1262 1263
1260 1261 1264
1264 1261 1265
1266 1265 1261
1266 1267 1265
1264 1265 1268
1269 1265 1267
1270 1268 1265
1269 1270 1265
1270 1271 1268
1272 1270 1269
1272 1273 1270
1270 1273 1274
1270 1274 1275
1273 1276 1277
1278 1273 1279
1280 1281 1282
1283 1284 1285
1286 1287 1284
1286 1284 1288
1289 1288 1284
1289 1290 1288
1291 1292 1288
1288 1293 1294
1288 1295 1296
1288 1296 1297
1298 1299 1284
1298 1284 1300
1301 1300 1284
1302 1303 1300
1303 1304 1300
1303 1305 1306
1303 1307 1308
1309 1310 1303
1309 1303 1311
1309 1311 1312
1309 1313 1314
1309 1314 1315
1316 1309 1317
1316 1317 1318
1319 1320 1321
1322 1323 126
384 1324 1325
1326 1327 1328
1329 1326 1330
1329 1330 1331
1332 1333 1331
1332 1331 1334
1332 1335 1336
1332 1336 1337
391 1338 1339
1340 415 1341
1342 1080 1343
1344 1345 1080
1346 1347 1348
1349 1350 1351
1352 1353 1354
1355 1356 1357
1358 1356 1359
1358 1359 1360
1361 1359 1356
1361 1362 1359
1359 1363 1364
1359 1364 1365
1359 1365 1366
1365 1367 1366
1365 1368 1367
1369 1368 1365
1369 1365 1370
1364 1370 1365
1364 1371 1370
1372 1371 1364
1373 1368 1374
1373 1374 1375
1376 1368 1373
1376 1373 1377
1378 1377 1373
1378 1373 1379
1379 1373 1380
1381 1373 1382
1383 1364 1384
1379 1385 1386
1379 1387 1385
1379 1388 1387
1379 1389 1388
1390 1387 1391
1387 1392 1393
1379 1394 1395
1379 1395 1396
1397 1364 1398
1399 1364 1397
1399 1397 1400
1401 1397 1402
1403 1404 1397
1356 1405 1406
1356 1407 1408
1409 1410 1411
1359 1412 1413
1414 1415 1416
1417 1418 1419
1420 1421 1422
1420 1423 1424
1420 1424 1425
1420 1425 1426
1427 1428 1420
1427 1420 1429
1425 1430 1431
1425 1432 1430
1432 1425 1433
1432 1433 1434
1434 1435 1432
1432 1435 1436
1437 1435 1438
1439 1440 1435
1439 1435 1441
1442 1441 1435
1442 1443 1441
1443 1444 1441
1444 1445 1441
1444 1446 1445
1444 1443 1447
1444 1447 1448
1447 1443 1449
1449 1443 1450
1449 1450 1451
1452 1447 1449
1447 1452 1453
1452 1449 1454
1454 1449 1455
1454 1455 1456
1457 1452 1454
1457 1458 1452
1456 1459 1454
1456 1460 1459
1461 1444 1462
1452 1463 1464
1465 1456 1466
1467 1468 1456
1469 1456 1470
1471 1472 1473
1474 1471 1475
1476 1477 1471
1478 1471 1479
1478 1479 1480
1479 1471 1481
1482 1481 1471
1482 1483 1481
1479 1481 1484
1484 1481 1485
1485 1481 1486
1485 1486 1487
1484 1485 1488
1484 1488 1489
1485 1490 1488
1485 1491 1490
1485 1492 1491
1493 1488 1490
1493 1494 1488
1488 1495 1496
1490 1497 1498
1499 1490 1500
1501 1502 1503
1504 1505 1506
1507 1508 1509
1510 1511 1512
1512 1513 1514
1512 1515 1513
1513 1515 1516
1517 1512 1518
1517 1518 1519
1518 1512 1520
1518 1520 1521
1521 1522 1518
1521 1523 1522
1524 1518 1522
1524 1522 1525
1526 1525 1522
1526 1527 1525
1528 1526 1522
1528 1522 1529
1530 1526 1528
1531 1526 1530
1532 1526 1531
1532 1531 1533
1528 1534 1530
1530 1534 1535
1530 1535 1536
1531 1530 1536
1528 1537 1534
1538 1537 1528
1538 1539 1537
1531 1536 1540
1540 1536 1541
1540 1541 1542
1531 1540 1543
1543 1544 1531
1543 1545 1544
1543 1546 1545
1547 1543 1540
1547 1548 1543
1540 1549 1547
1540 1550 1549
1537 1551 1552
1553 1536 1554
1555 1547 1556
1547 1557 1558
1559 1560 1536
1559 1561 1560
1562 1563 1564
1565 1564 1566
1565 1566 1567
1568 1567 1569
1568 1569 1570
1571 1572 1573
1574 1575 1572
1572 1576 1577
1578 1579 1572
1580 1572 1579
1580 1579 1581
1579 1582 1583
1584 1585 1579
1584 1586 1585
1587 1588 409
1589 1590 1591
1592 1593 1522
1594 1528 1595
1596 413 1597
1598 413 1599
1600 1601 1602
1603 1604 1602
1603 1605 1604
1605 1606 1604
1603 1607 1605
1608 1605 1607
1605 1609 1610
1611 1605 1610
1612 1605 1611
1605 1612 1613
1611 1610 1614
1615 1611 1614
1615 1614 1616
1614 1617 1616
1614 1618 1617
1614 1610 1619
1614 1619 1618
1610 1620 1619
1610 1621 1620
1622 1618 1619
1622 1623 1618
1622 1624 1623
1622 1619 1625
1625 1619 1626
1625 1626 1627
1628 1622 1625
1622 1628 1629
1622 1629 1630
1628 1625 1631
1625 1632 1631
1625 1633 1632
1631 1634 1628
1635 1628 1634
1635 1636 1628
1631 1637 1634
1631 1638 1637
1637 1639 1634
1631 1640 1641
1637 1642 1643
1644 1645 1634
1646 1647 1648
1611 1649 1650
1651 1611 1652
1653 1654 1655
1618 1656 1657
1658 1610 1659
1660 1610 1661
1660 1661 1662
1663 1664 1665
1666 1667 1668
1669 1670 1667
1667 1670 1671
1667 1671 1672
1673 1667 1672
1673 1672 1674
1671 1670 1675
1675 1670 1676
1672 1671 1677
1672 1677 1678
1679 1672 1678
1679 1678 1680
1678 1677 1681
1678 1681 1682
1683 1677 1671
1683 1684 1677
1683 1685 1684
1671 1675 1686
1686 1683 1671
1687 1686 1675
1687 1688 1686
1689 1683 1686
1689 1690 1683
1689 1686 1691
1689 1691 1692
1693 1675 1694
1695 1683 1696
1697 1689 1698
1699 1689 1700
1701 1702 1703
1704 1705 1706
1707 1704 1708
1709 1710 1704
1704 1710 1711
1704 1711 1712
1713 1704 1712
1713 1714 1704
1715 1704 1716
1715 1716 1717
1718 1719 1712
1718 1712 1720
1712 1721 1720
1712 1722 1721
1720 1723 1724
1725 1726 1720
1727 1728 1729
1730 1728 1731
1728 1730 1732
1728 1732 1733
1734 1728 1733
1734 1733 1735
1736 1733 1732
1736 1737 1733
1737 1738 1733
1737 1739 1738
1730 1740 1732
1741 1740 1730
1742 1732 1740
1742 1743 1732
1744 1740 1741
1744 1741 1745
1741 1730 1746
1741 1746 1747
1748 1730 1749
1750 1737 1751
1752 1753 1737
1754 1755 1737
1756 1757 1737
1756 1737 1758
1759 1760 1741
1759 1741 1761
1762 1763 1741
1762 1764 1763
1765 1766 1767
1765 1768 1769
1765 1770 1768
1771 1770 1765
1771 1772 1770
1773 1768 1770
1770 1774 1773
1770 1775 1774
1773 1776 1768
1773 1777 1776
1773 1778 1777
1779 1778 1773
1779 1780 1778
1777 1778 1781
1782 1781 1778
1782 1783 1781
1784 1777 1781
1784 1781 1785
1776 1786 1768
1768 1786 1787
1768 1787 1788
1789 1776 1777
1786 1789 1790
1791 1789 1777
1791 1777 1792
1789 1793 1776
1776 1793 1786
1786 1793 1789
1781 1794 1795
1796 1786 1797
1789 1798 1799
1800 1801 1802
1802 1803 1804
1802 1804 1805
1806 1802 1805
1806 1807 1802
1806 1808 1807
1806 1805 1809
1806 1809 1810
1811 1806 1810
1811 1810 1812
1809 1813 1810
1814 1810 1813
1814 1813 1815
1805 1816 1809
1809 1817 1813
1809 1816 1817
1817 1818 1813
1819 1817 1816
1819 1816 1820
1805 1821 1816
1822 1816 1821
1822 1821 1823
1805 1804 1821
1821 1804 1824
1824 1804 1825
1826 1821 1824
1826 1824 1827
1828 1825 1804
1828 1829 1825
1824 1825 1830
1831 1824 1830
1831 1830 1832
1825 1833 1830
1833 1834 1830
1833 1835 1834
1825 1836 1833
1833 1836 1837
1836 1838 1837
1825 1839 1836
1825 1840 1839
1839 1841 1836
1839 1842 1841
1839 1843 1842
1844 1842 1843
1833 1845 1846
1847 1848 1833
1847 1849 1848
1850 1851 14
1852 1853 14
1852 1854 1853
1855 1856 1857
1855 1858 1859
1855 1860 1858
1855 1861 1860
1855 1862 1861
1862 1855 1863
1861 1864 1860
1861 1865 1864
1862 1866 1861
1867 1866 1862
1867 1862 1868
1869 1861 1866
1869 1870 1861
1866 1871 1869
1866 1872 1871
1873 1870 1869
1873 1874 1870
1875 1873 1869
1875 1869 1876
1866 1877 1878
1879 1873 1880
1881 1882 1873
1873 1883 1884
1885 1886 1887
1886 1888 1889
1886 1889 1890
1886 1890 1891
1892 1886 1891
1892 1891 1893
1894 1891 1890
1895 1890 1889
1896 1895 1889
1895 1897 1890
1898 1890 1897
1898 1899 1890
1898 1900 1899
1901 1897 1895
1901 1902 1897
1903 1898 1897
1903 1897 1904
1905 1898 1903
1906 1905 1903
1906 1907 1905
1905 1908 1898
1895 1909 1910
1898 1911 1912
1913 1914 1905
1905 1915 1916
1905 1917 1918
1919 1920 1898
1919 1921 1920
1922 1923 1924
1922 1925 1926
1922 1927 1925
1928 1927 1922
1928 1929 1927
1926 1930 1922
1926 1931 1930
1932 1933 1926
1934 1935 1926
1926 1936 1937
1926 1938 1936
1939 1938 1926
1939 1940 1938
1938 1940 1941
1938 1941 1942
1943 1938 1942
1943 1944 1938
1945 1942 1946
1947 1948 1942
1949 1950 1951
1952 1953 1954
1953 1955 1956
1953 1957 1958
1953 1959 1957
1959 1953 1960
1959 1960 1961
1953 1962 1960
1963 1964 1960
1963 1960 1860
1965 1860 1960
1965 1966 1860
1967 1968 1969
1970 1969 1971
1970 1972 1969
1973 1969 1972
1973 1974 1969
1975 1969 1974
1976 1973 1972
1976 1972 1977
1978 1974 1973
1979 1974 1978
1978 1973 1980
1980 1981 1978
1980 1982 1981
1983 1980 1973
1983 1973 1984
1985 1978 1986
1972 1987 1988
1972 1988 1989
1990 1989 1991
1980 1992 1993
1980 1993 1994
1995 1996 1997
1995 1998 1999
2000 1995 2001
1995 2002 2003
1995 2003 1922
1995 1922 2004
1995 2004 2005
2006 2004 1922
2004 1930 2007
2004 2007 2008
2009 2010 2011
2010 2012 2013
2010 2013 2014
2010 2014 2015
2015 2016 2010
2015 2017 2016
2014 2018 2015
2014 2019 2018
2013 2020 2014
2013 2021 2020
2022 2021 2013
2020 2023 2014
2014 2023 2024
2020 2021 2025
2021 2026 2025
2023 2020 2027
2027 2020 2028
2020 2025 2028
2029 2028 2025
2029 2030 2028
2025 2031 2032
2033 2034 2028
2035 2036 2028
2023 2037 2038
2023 2038 2039
2040 2023 2039
2040 2041 2023
2042 2043 2039
2039 2044 2045
2039 2045 2046
2047 2048 2049
2050 2015 2051
2052 2015 2053
2052 2053 2054
2055 2056 2057
2058 2055 2059
2055 2060 2061
2055 2062 2060
2062 2063 2060
2063 2062 2064
2065 2062 2055
2066 2065 2055
2065 2066 2067
2065 2067 2068
2065 2069 2062
2070 2069 2065
2070 2071 2069
2069 2072 2062
2069 2073 2072
2071 2074 2069
2071 2075 2074
2066 2055 2076
2077 2076 2055
2077 2078 2076
2079 2066 2076
2080 2066 2079
2080 2081 2066
2079 2076 2082
2083 2079 2082
2076 2084 2082
2076 2085 2084
2079 2086 2087
2082 2088 2089
2062 2090 2091
1140 2092 2093
2094 2095 2096
2095 2097 2098
2095 2098 2099
2100 2095 2101
2095 2102 2101
2103 2102 2095
2103 2104 2102
2102 2104 2105
2102 2105 2106
2106 2101 2102
2106 2107 2101
2101 2107 2108
2107 2106 2109
2107 2109 2110
2111 2101 2112
2107 2113 2114
2115 2116 2106
2106 2117 2118
2119 2120 2121
2122 2123 2121
2122 2121 2124
2125 2121 2123
2125 2123 2126
2126 2127 2125
2126 2123 2128
2129 2121 2130
2129 2130 2131
2132 2133 2121
2132 2134 2133
2135 2136 2123
2135 2137 2136
2138 2135 2123
2138 2139 2135
2135 2140 2141
2135 2141 2142
2142 2143 2135
2142 2144 2143
2142 2145 2146
2142 2146 2147
2148 2142 2147
2148 2149 2142
2150 2151 2147
2152 2153 2147
2154 2155 2156
2157 2158 2159
2160 2161 2162
2163 2160 2164
2163 2165 2160
2165 2166 2160
2160 2166 2167
2165 2168 2166
2169 2166 2168
2170 2166 2169
2165 2171 2168
2169 2168 2172
2171 2172 2168
2169 2172 2173
2169 2173 2174
2171 2175 2172
2175 2176 2172
2165 2177 2171
2178 2175 2171
2177 2178 2171
2177 2165 2179
2165 2180 2179
2177 2181 2178
2182 2177 2179
2182 2179 2183
2178 2181 2184
2178 2184 2185
2178 2186 2175
2185 2186 2178
2175 2186 2187
2185 2188 2186
2189 2186 2190
2191 2192 2179
2191 2179 2193
2175 2194 2195
2175 2195 2196
2197 2185 2198
2197 2199 2185
2200 2185 2199
2200 2199 2201
2202 2201 2199
2202 2203 2201
2199 2204 2202
2199 2205 2204
2199 2206 2205
2207 2169 2208
2209 2210 2211
2212 2104 2213
2214 2215 2104
2216 2217 2104
2216 2104 2218
2104 2219 2218
2104 2220 2219
2221 2218 2219
2222 2223 2218
2222 2218 2224
2225 2226 2227
2228 2229 2227
2228 2230 2229
2231 2228 2227
2231 2232 2228
2233 2234 2227
2228 2235 2236
2228 2237 2235
2228 2238 2237
2228 2239 2238
2240 2241 2237
2237 2242 2240
2237 2243 2242
2237 2244 2243
2237 2245 2244
2246 2243 2247
2248 2243 2249
2250 2249 2243
2250 2251 2249
2248 2249 2252
2252 2249 2253
2252 2253 2254
2255 2253 2249
2255 2256 2253
2257 2258 2253
2259 2253 2260
2259 2260 2261
2262 2263 2253
2262 2264 2263
2265 2266 2267
2268 2265 2269
2268 2270 2265
2265 2270 2271
2265 2271 2272
2273 2265 2272
2272 2271 2274
2272 2274 2275
2270 2276 2271
2277 2276 2270
2277 2270 2278
2279 2271 2276
2280 2279 2276
2279 2281 2271
2271 2281 2282
2271 2282 2283
2279 2284 2281
2285 2281 2284
2285 2286 2281
2279 2287 2284
2288 2287 2279
2288 2279 2289
2285 2284 2290
2290 2284 2287
2285 2290 2291
2290 2287 2292
2287 2293 2292
2294 2285 2291
2294 2291 2295
2287 2296 2297
2292 2298 2299
2300 2301 2285
2302 2272 2303
2304 2305 2306
2307 2308 2304
2309 2310 2311
2312 2313 2314
2312 2315 2316
2317 2312 2318
2317 2318 2319
2320 2312 2317
2320 2317 2321
2322 2323 2317
2322 2317 2324
2324 2317 2325
2324 2325 2326
2327 2328 2324
2327 2324 2329
2329 2324 2330
2329 2330 2331
2329 2332 2333
2329 2333 2334
2335 2336 2329
2337 2335 2329
2337 2338 2335
2339 2340 2335
2339 2335 2341
2342 2343 2335
2342 2335 2344
2345 2346 2347
2348 2346 2349
2350 2351 2346
2350 2352 2351
2351 2353 2346
2351 2354 2353
2351 2355 2356
2351 2356 2357
2357 2358 2351
2357 2359 2358
2360 2357 2361
2360 2362 2357
2357 2362 2363
2357 2363 2364
2362 2365 2366
2362 2367 2365
2368 2367 2362
2368 2362 2369
2370 2367 2371
2372 2367 2373
2372 2373 2374
2375 2376 2367
2377 2376 2375
2376 2378 2367
2376 2379 2378
2376 2380 2381
2382 2383 2376
2384 2385 1813
2386 2387 1817
2388 2389 2390
2389 2391 2392
2389 2392 2393
2394 2389 2393
2393 2395 2394
2393 2396 2395
2396 2397 2395
2398 2396 2393
2398 2393 2399
2400 2394 2395
2401 2400 2395
2400 2402 2394
2394 2402 2403
2402 2400 2404
2402 2404 2405
2403 2402 2406
2403 2406 2407
2394 2408 2389
2394 2403 2408
2389 2408 2409
2410 2408 2403
2410 2409 2408
2410 2411 2409
2403 2412 2410
2403 2413 2412
2389 2409 2414
2389 2414 2415
2389 2415 2416
2417 2414 2409
2417 2418 2414
2419 2417 2409
2419 2420 2417
2403 2421 2422
2423 2410 2424
2425 2426 2414
2427 2428 2409
2429 2427 2410
2430 2431 2417
2430 2432 2431
2433 2434 2414
2433 2435 2434
2436 2396 2437
2438 2400 2439
2440 2441 2442
2442 2443 2444
2442 2444 2445
2446 2442 2445
2446 2445 2447
2448 2449 2442
2448 2442 2450
2451 2450 2442
2452 2450 2453
2454 2455 2450
2456 2445 2457
2456 2457 2458
2457 2459 2460
2457 2461 2459
2462 2463 2461
2462 2461 2464
2450 2465 2466
2467 2450 2466
2467 2468 2450
2467 2466 2469
2466 2470 2471
2472 2467 2473
2474 2475 2467
2474 2467 2476
2477 2478 2479
2479 2480 2481
2482 2480 2479
2483 2482 2479
2483 2484 2482
2482 2485 2480
2485 2482 2486
2486 2482 2487
2486 2487 2488
2489 2480 2485
2490 2480 2489
2485 2486 2491
2492 2485 2491
2489 2485 2493
2492 2493 2485
2489 2493 2494
2489 2494 2495
2492 2496 2493
2492 2497 2496
2486 2498 2491
2491 2499 2492
2491 2498 2499
2492 2499 2500
2492 2500 2501
2498 2502 2499
2498 2503 2502
2486 2504 2498
2504 2505 2498
2506 2504 2486
2506 2486 2507
2492 2508 2509
2510 2486 2511
2512 2499 2513
2499 2514 2515
2504 2516 2517
2504 2518 2519
2520 2521 2504
2522 2523 2489
2524 2525 2526
2527 2528 2525
2527 2525 2529
2530 2529 2525
2530 2531 2529
2532 2525 2533
2532 2534 2525
2535 2525 2534
2536 2537 2534
2538 2539 2534
2540 2529 2541
2540 2541 2542
2543 2540 2544
2543 2545 2540
2545 2543 2546
2545 2546 2547
2534 2548 2549
2534 2550 2548
2534 2551 2550
2550 2552 2548
2548 2553 2554
2555 2556 2550
2550 2557 2558
2550 2558 2559
2560 2561 2562
2563 2561 2564
2563 2564 2565
2565 2564 2566
2565 2566 2567
2568 2569 2570
2571 2572 2573
2574 2572 2575
2572 2576 2577
2572 2577 2578
2579 2580 2572
2581 2572 2580
2582 2583 2580
2583 2584 2580
2583 2585 2586
2587 2583 2588
2587 2589 2583
2589 2590 2583
2589 2591 2590
2589 2592 2593
2594 2595 2589
2594 2589 2596
2597 2598 2599
2600 2601 2598
2598 2601 2602
2603 2598 2602
2603 2604 2598
2605 2598 2604
2605 2604 2606
2607 2608 2604
2608 2609 2604
2608 2610 2609
2611 2608 2612
2611 2613 2608
2613 2614 2608
2613 2615 2614
2616 2608 2617
2616 2617 2618
2619 2620 2618
2621 2613 2622
2621 2623 2613
2613 2623 2624
2613 2624 2625
2623 2626 2627
2628 2623 2629
2630 2631 2632
2632 2633 2634
2634 2635 2632
2634 2636 2635
2635 2637 2632
2635 2638 2637
2639 2636 2634
2640 2639 2634
2636 2641 2635
2642 2635 2641
2636 2643 2641
2639 2644 2636
2639 2645 2644
2639 2646 2645
2647 2636 2644
2647 2648 2636
2649 2650 2639
2651 2636 2652
2653 2654 2644
2655 2644 2656
2657 2655 2658
2657 2658 2659
2660 2661 2662
2662 2663 2664
2662 2664 2665
2666 2667 2668
2669 2670 2666
2669 2666 2671
2672 2671 2666
2672 2666 2673
2673 2666 2674
2673 2674 2675
2673 2676 2677
2673 2678 2676
2679 2678 2673
2679 2680 2678
2678 2680 2681
2678 2681 2682
2683 2678 2682
2683 2682 2684
2682 2685 2686
2687 2688 2682
2689 2687 2682
2682 2690 2689
2691 2687 2689
2692 2689 2693
2689 2694 2695
2696 2687 2697
2687 2698 2699
2700 2701 2687
2702 2703 2704
2705 2706 2707
2708 2709 2710
2709 2711 2712
2709 2713 2711
2714 2713 2709
2714 2709 2715
2715 2709 2716
2715 2716 2717
2714 2715 2718
2715 2719 2718
2720 2714 2718
2720 2718 2721
2722 2721 2718
2721 2723 2720
2721 2724 2723
2721 2725 2724
2714 2726 2713
2714 2720 2727
2714 2727 2726
2720 2728 2727
2726 2729 2713
2713 2729 2730
2727 2731 2726
2726 2731 2729
2727 2732 2731
2733 2732 2727
2733 2727 2734
2735 2731 2732
2735 2732 2736
2735 2736 2737
2735 2738 2731
2739 2731 2738
2739 2729 2731
2740 2739 2738
2741 2729 2739
2741 2739 2742
2743 2739 2740
2743 2740 2744
2729 2745 2746
2747 2748 2749
2750 2749 2751
2750 2751 2641
2752 2641 2753
2752 2753 2754
2755 2715 2756
2757 2758 2759
2757 2720 2760
2720 2761 2762
2271 2763 2764
2765 2766 2767
2768 2769 2770
2771 2772 2773
2774 2775 2776
2777 2778 2779
2778 2780 2781
2778 2781 2782
2783 2778 1017
1017 2778 2784
1017 2784 2785
2786 2787 2788
2787 2789 2790
2787 2791 2789
2792 2791 2787
2792 2787 2793
2793 2787 2794
2795 2792 2793
2795 2793 2796
2796 2793 2797
2792 2798 2791
2791 2798 2799
2791 2799 2800
2792 2801 2798
2802 2801 2792
2802 2803 2801
2804 2798 2801
2798 2804 2805
2798 2805 2806
2804 2801 2807
2808 2807 2801
2808 2809 2807
2807 2810 2804
2807 2811 2810
2812 2811 2807
2812 2813 2811
2814 2815 2804
2816 2811 2817
2816 2817 2818
2819 2816 2818
2819 2820 2816
2821 2820 2819
2821 2822 2820
2823 2824 2825
2826 2827 2824
2824 2828 2829
2824 2829 2830
2831 2824 2830
2831 2830 2832
2833 2830 2834
2830 2835 2836
2824 2837 2838
2824 2839 2837
2837 2839 2840
2841 2839 2824
2842 2839 2841
2842 2841 2843
2844 2839 2845
2846 2847 2839
2846 2839 2848
2846 2849 2850
2851 2852 2853
2854 2855 2856
2857 2858 2859
2860 2858 2861
2860 2862 2858
2863 2858 2862
2863 2864 2858
2865 2858 2864
2864 2863 2866
2864 2866 2867
2866 2863 2868
735 2863 2862
735 2869 2863
2870 735 2862
2870 2862 2871
2872 2863 2873
2874 2875 2876
2874 2877 898
2874 898 2878
2879 2878 898
2879 2880 2878
2874 2878 2881
2882 2881 2878
2882 2883 2881
2874 2881 2884
2884 2881 2885
2884 2886 2874
2884 2887 2886
2888 2874 2886
2889 2881 2890
2891 2892 2893
2893 2894 2895
2893 2895 2896
2893 2896 2897
2897 2898 2893
2897 2899 2898
2900 2901 2897
2900 2897 2902
2903 2900 2902
2904 2902 2897
2904 2905 2902
2906 2902 2907
2902 2908 2909
2902 2909 2910
2911 2912 2910
2911 2913 2912
2914 2915 2916
2914 2917 2918
2918 2919 2914
2919 2920 2914
2919 2921 2920
2918 2922 2919
2923 2922 2918
2923 2918 2924
2925 2919 2922
2926 2925 2922
2926 2922 2927
2925 2928 2919
2928 2929 2919
2928 2930 2929
2931 2928 2925
2932 2931 2925
2932 2925 2933
2931 2934 2928
2935 2928 2934
2935 2934 2936
2934 2931 2937
2934 2937 2938
2938 2939 2934
2938 2940 2939
2938 2941 2940
2938 2942 2941
2943 2931 2944
2945 2944 2931
2942 2946 2947
2942 2948 2946
2948 2949 2950
2948 2950 2951
2918 2952 2953
2954 2955 2956
2956 2957 2958
2959 2960 2956
2959 2956 2961
2962 2961 2956
2963 2961 2962
2962 2956 2964
2965 2966 2961
2967 2956 2968
2967 2969 2956
2969 2970 2956
2969 2971 2972
2969 2973 2974
2973 2975 2976
2977 2978 2979
2980 2981 2982
2983 2984 2985
2986 2987 2988
2989 2987 2990
2989 2990 2991
2992 2993 2994
2995 2996 2997
2998 2999 3000
3001 3002 3003
3002 3004 3005
3005 3004 3006
3005 3006 3007
3008 3007 3006
3008 3006 3009
3010 3011 3012
3013 3014 3015
3016 3017 3018
3019 3020 3021
3022 3023 1443
3024 3025 3026
1770 3027 3028
3029 3030 3031
1891 3032 3033
1891 3034 3035
3036 3037 3038
3039 3040 3041
361 3042 3043
3044 3045 3046
3047 122 3048
2713 3049 3050
3051 3052 3053
3054 3051 3055
3054 3055 3056
3057 417 3058
3059 3060 3061
3062 3063 3061
3062 3061 3064
3065 3066 3067
3068 3069 3066
3068 3070 3069
3071 3072 3073
3074 855 3075
3076 3077 855
3076 3078 3077
871 3079 3080
3081 3082 871
3081 3083 3082
3084 3085 3086
3084 3087 3088
3084 3088 3089
3084 3089 3090
3084 3090 3091
3084 3091 3092
3093 3090 3094
3095 3094 3090
3096 3095 3090
3096 3097 3095
3094 3095 3098
3099 3098 3095
3099 3100 3098
3098 3100 3101
3098 3101 3102
3098 3103 3094
3103 3098 3102
3104 3094 3103
3104 3103 3105
3103 3102 3106
3106 3107 3103
3106 3108 3107
3109 3106 3102
3102 3110 3109
3102 3111 3110
3109 3112 3106
3106 3112 3113
3106 3113 3114
3115 3112 3109
3109 3116 3115
3109 3117 3116
3115 3118 3112
3119 3112 3118
3119 3118 3120
3118 3115 3121
3121 3115 3122
3121 3122 3123
3118 3121 3124
3125 3118 3124
3125 3124 3126
3127 3124 3121
3127 3128 3124
3127 3129 3128
3127 3121 3130
3127 3130 3131
3132 3133 3134
3135 3136 3132
3132 3137 3138
3132 3138 3139
3140 3132 3139
3140 3139 3141
3142 3139 3143
3142 3144 3139
3145 3139 3144
3145 3144 3146
3144 3147 3148
3144 3148 3149
3150 3144 3149
3150 3149 3151
3152 3151 3149
3152 3149 3153
3149 3154 3153
3149 3155 3154
3153 3156 3157
3153 3157 3158
3159 3153 3158
3159 3160 3153
3158 3161 3162
3158 3162 3163
3158 3163 3164
3158 3164 3165
3166 3163 3167
3166 3168 3163
3169 3163 3168
3169 3170 3163
3168 3171 3172
3168 3172 3173
3174 3168 3173
3174 3175 3168
3176 3177 3178
3179 3180 3178
3181 3178 3180
3181 3182 3178
3178 3182 3183
3178 3183 3184
3182 3185 3186
3182 3187 3185
3188 3187 3182
3188 3182 3189
3190 3191 3187
3190 3187 3192
3187 3193 3192
3187 3194 3193
3192 3195 3196
3192 3196 3197
3198 3192 3197
3198 3197 3199
3197 3200 3201
3197 3201 3202
3203 3197 3202
3203 3204 3197
3205 3203 3202
3205 3202 3206
3206 3202 3207
3206 3207 3208
3209 3206 3210
3209 3210 3211
3210 3206 3212
3210 3212 3213
3214 3215 3216
3217 3218 3216
3219 3216 3220
3219 3220 3221
3219 3222 3216
3219 3223 3222
3224 3225 3219
3224 3226 3225
3227 3224 3219
3227 3228 3224
3229 3224 3230
3230 3224 3231
3230 3231 3232
3229 3230 3233
3233 3230 3234
3233 3234 3235
3234 3230 3236
3234 3236 3237
3238 3239 3234
3238 3234 3240
3234 3241 3240
3234 3242 3241
3243 3244 3240
3243 3240 3245
3240 3246 3245
3240 3247 3246
3248 3249 3245
3248 3245 3250
3245 3251 3250
3245 3252 3251
3253 3094 3254
3255 3256 3257
3256 3258 3259
3256 3259 3260
3261 3256 3260
3260 3262 3261
3260 3263 3262
3263 3260 3264
3263 3264 3265
3266 3261 3262
3266 3267 3261
3261 3268 3256
3269 3268 3261
3269 3270 3268
3271 3256 3268
3272 3256 3271
3271 3268 3273
3271 3273 3274
3263 3275 3262
3275 3276 3262
3275 3277 3276
3263 3278 3275
3278 3263 3279
3278 3279 3280
3281 3275 3278
3275 3281 3282
3275 3282 3283
3281 3278 3284
3284 3278 3285
3284 3285 3286
3287 3284 3286
3287 3288 3284
3284 3289 3281
3289 3284 3288
3290 3281 3289
3290 3291 3281
3288 3292 3289
3293 3289 3292
3294 3292 3288
3294 3288 3295
3296 3297 3289
3298 3292 3299
3298 3299 3300
3298 3300 3301
3298 3302 3292
3298 3303 3302
3298 3304 3305
3306 3307 3308
3309 3306 3310
3306 3311 3312
3306 3313 3311
3314 3313 3306
3314 3315 3313
3316 3317 3313
3316 3313 3318
3319 3318 3313
3319 3320 3318
3318 3321 3322
3318 3323 3321
3324 3323 3318
3324 3325 3323
3326 3323 3325
3326 3327 3323
3323 3327 3328
3323 3328 3329
3327 3330 3331
3327 3332 3330
3333 3332 3327
3333 3327 3334
3332 3335 3336
3332 3337 3335
3332 3338 3337
3332 3339 3338
3340 3341 3337
3340 3337 3342
3343 3342 3337
3343 3337 3344
3342 3345 3346
3342 3347 3345
3348 3347 3342
3348 3342 3349
3350 3351 3352
3353 3351 3354
3355 3354 3351
3355 3351 3356
3351 3357 3356
3351 3358 3357
3356 3359 3360
3356 3360 3361
3362 3356 3361
3362 3363 3356
3364 3361 3365
3364 3366 3361
3361 3366 3367
3361 3367 3368
3366 3369 3370
3366 3371 3369
3372 3371 3366
3372 3373 3371
3374 3371 3375
3374 3376 3371
3371 3376 3377
3371 3377 3378
3379 3376 3380
3379 3381 3376
3381 3382 3376
3381 3383 3382
3384 3385 3381
3384 3386 3385
3385 3387 3381
3385 3388 3387
3389 3390 3391
3392 3390 3393
3394 3395 3390
3394 3396 3395
3394 3390 3397
3394 3397 3398
3399 3394 3400
3399 3400 3401
3402 3394 3399
3402 3399 3403
3404 3405 3399
3405 3406 3399
3405 3407 3406
3404 3408 3405
3408 3409 3405
3408 3410 3409
3409 3411 3405
3409 3412 3411
3409 3413 3412
3409 3414 3413
3415 3414 3409
3415 3409 3416
3417 3414 3418
3417 3419 3414
3414 3419 3420
3414 3420 3421
3422 3419 3423
3422 3424 3419
3419 3424 3425
3419 3425 3426
3427 3428 3429
3430 547 3431
3432 3433 3434
3434 3435 3436
3437 3436 3435
3437 3438 3436
3439 3434 3436
3440 3434 3439
3441 3434 3440
3441 3440 3442
3440 3439 3443
3444 3439 3436
3443 3439 3444
3436 3438 3445
3445 3444 3436
3446 3443 3444
3446 3447 3443
3446 3448 3447
3444 3449 3446
3444 3445 3449
3448 3446 3449
3445 3438 3450
3449 3445 3451
3445 3450 3451
3449 3452 3448
3449 3451 3452
3448 3452 3453
3448 3453 3454
3452 3455 3453
3452 3451 3455
3456 3455 3451
3456 3451 3450
3438 3457 3450
3457 3456 3450
3458 3457 3438
3457 3459 3456
3457 3437 3460
3461 3457 3462
3463 3464 3465
3466 3467 3468
3469 3470 3471
3472 3473 3474
3473 3475 3476
3477 3476 3475
3477 3475 3478
3479 3475 3473
3480 3479 3473
3480 3473 3481
3480 3481 3482
3480 3483 3479
3484 3475 3479
3483 3484 3479
3475 3485 3478
3485 3475 3484
3486 3484 3483
3486 3483 3487
3486 3487 3488
3484 3486 3489
3484 3489 3485
3488 3489 3486
3485 3490 3478
3489 3491 3485
3485 3491 3490
3489 3488 3492
3489 3492 3491
3488 3493 3492
3488 3494 3493
3492 3493 3495
3492 3495 3491
3496 3491 3495
3496 3490 3491
3478 3490 3497
3497 3490 3496
3498 3478 3497
3497 3496 3499
3497 3500 3477
3501 3502 3497
3503 3504 3505
3506 3507 3508
3509 3510 3511
3512 3513 38
3512 38 3514
3515 3516 3517
3516 3515 3518
3519 3520 246
3519 246 3521
3522 3523 3524
3522 3524 3525
3526 3527 3528
3526 642 3527
3527 642 3529
642 3530 3529
642 3531 3530
3532 3533 3534
3534 3535 3532
3534 3536 3535
3537 3535 3536
3537 3538 3535
3537 3539 3538
3540 3541 3542
3540 3542 3543
762 3544 3545
762 3545 3546
3547 3548 3549
3547 3549 3550
3551 3550 3549
3552 3553 3554
3554 3553 3555
3554 3555 3556
3557 3556 3555
3557 3555 3558
3557 3558 3559
3560 3561 3562
3560 3562 3563
925 3564 3565
925 3565 3566
3567 3568 3569
3567 3569 701
3570 3571 3572
3570 3572 3573
3574 3575 3576
3574 3576 3577
3578 3579 3580
3578 3580 3581
3582 3583 3584
3582 3584 3585
3586 3587 3588
3586 3588 3589
3590 3591 3586
3590 3592 3591
3593 3594 3595
3593 3595 3596
3597 3598 3599
3597 3599 3600
3601 3602 3603
3601 3603 3604
3605 3606 3607
3605 3607 3608
3609 3610 3611
3609 3611 3612
3613 3614 3615
3613 3615 3616
3617 3618 3619
3617 3619 3620
3621 3622 3623
3621 3624 3622
3625 3624 3626
3625 3626 3627
3628 3629 3630
3628 3630 3631
1678 3632 3633
1678 3633 3634
3635 3636 3637
3635 3637 3638
3639 3640 3641
3639 3641 1065
3642 3643 3644
3642 1765 3643
3645 3646 3647
3645 3647 3648
3649 3650 3651
3649 3651 3652
3653 3654 3655
3653 3655 3656
3657 3658 3659
3657 3659 3660
3661 3662 3663
3661 3663 2123
3663 3664 2123
3663 3665 3664
3666 3665 3663
3666 3667 3665
3668 3669 2276
3668 2276 3670
3671 3672 3673
3671 3673 3674
3675 3676 3677
3675 3677 1802
3678 3679 3680
3678 3680 2498
3681 3682 3683
3681 3683 3684
3685 3686 3687
3685 3687 3688
3689 3690 3691
3689 3691 3692
3693 3694 3695
3693 3695 3696
3697 3698 3699
3697 3699 3700
3701 3702 3703
3701 3703 3704
3705 3706 3707
3705 3707 3708
3709 3710 3711
3709 3711 3712
3713 3714 3715
3713 3716 3714
3717 3716 3713
3718 3719 3720
3718 3720 3721
3722 3723 3724
3722 3724 3725
3726 3727 3728
3726 3728 3729
3730 3731 3732
3730 3732 3733
3734 3735 3736
3734 3736 3737
3738 3739 3740
3738 3741 3739
3741 3742 3739
3741 3743 3742
3744 3745 3746
3744 3746 3747
3748 3749 3750
3748 3750 3751
3752 3753 3754
3752 3754 3755
3756 3757 3758
3756 3758 3759
3760 3761 3762
3760 3762 3763
3764 3765 3766
3764 3766 3767
3768 3769 3770
3768 3770 3771
3772 3773 3774
3772 3774 3775
3776 3777 3778
3776 3778 3779
3780 3781 3782
3780 3782 3783
3784 3785 3786
3784 3786 3787
3788 3789 3790
3788 3790 3791
3792 3793 3794
3792 3794 3795
3796 3797 3794
3796 3798 3797
3797 3799 3800
3797 3800 3801
3802 3803 3804
3802 3804 3805
3806 3807 3808
3806 3808 3809
3810 3811 3812
3810 3812 3813
3814 3815 3816
3814 3816 3817
3818 3819 3820
3818 3820 3821
3822 3823 3824
3822 3824 3825
3826 3827 3828
3826 3828 3829
3830 3831 3832
3830 3832 3833
3834 3835 3836
3834 3836 3837
3838 3839 3840
3838 3840 3841
3842 3843 3844
3842 3844 3845
3846 3847 3848
3846 3848 3849
3850 3848 3851
3850 3851 3852
3851 3853 3854
3851 3854 3855
3856 3857 3858
3856 3858 3859
3860 3861 3862
3860 3862 3863
3864 3865 3866
3864 3866 3867
3868 3869 3870
3868 3870 3871
3872 3873 3874
3872 3874 3875
3876 3877 3878
3876 3878 3879
3880 3881 3882
3880 3882 3883
3884 3885 3886
3884 3886 3887
3888 3889 3890
3888 3890 3891
3892 3893 3894
3892 3894 3895
3896 3897 3898
3896 3898 3899
