byte offset: 0
first index: 25494
index count: 8502
topology: trianglelist
format: DXGI_FORMAT_R16_UINT

7811 7812 7813
7812 7814 7815
7815 7816 7817
7818 7815 7819
7820 7821 7812
7822 7820 7823
7824 7825 7820
7826 7824 7827
7828 7829 7824
7830 7828 7831
7832 7833 7828
7834 7832 7835
7836 7837 7832
7838 7836 7839
7836 7840 7841
7842 7836 7841
7843 7844 7845
7846 7843 7847
7848 7847 7849
7847 7850 7851
7852 7853 7843
7853 7854 7855
7856 7857 7853
7858 7859 7857
7857 7860 7861
7862 7863 7864
7865 7866 7867
7868 7869 7870
7871 7872 7873
7874 7875 7876
7877 7878 7879
7880 7881 7882
7883 7884 7885
7886 7887 7888
7889 7890 7891
7892 7893 7894
7895 7896 7897
7898 7899 7900
7901 7902 7903
7904 7905 7906
7907 7908 7909
7910 7911 7912
7913 7914 7915
7916 7917 7918
7919 7920 7921
7922 7923 7924
7925 7926 7927
7928 7929 7930
7931 7932 7933
7931 7934 7935
7931 7935 7936
7936 7935 7937
7938 7931 7936
7938 7936 7939
7936 7937 7940
7940 7939 7936
7937 7941 7940
7942 7937 7935
7935 7943 7942
7940 7944 7939
7945 7944 7940
7945 7946 7944
7944 7947 7939
7948 7939 7947
7942 7949 7937
7949 7950 7937
7949 7942 7951
7942 7952 7951
7952 7942 7953
7949 7951 7954
7955 7949 7954
7955 7956 7949
7952 7957 7951
7957 7954 7951
7952 7958 7957
7952 7959 7958
7957 7958 7960
7958 7961 7960
7957 7962 7954
7963 7954 7962
7957 7960 7964
7964 7962 7957
7965 7964 7960
7960 7966 7965
7967 7966 7960
7964 7968 7962
7969 7962 7968
7965 7970 7964
7970 7968 7964
7970 7971 7968
7965 7972 7970
7972 7971 7970
7966 7973 7965
7965 7973 7972
7971 7974 7968
7975 7968 7974
7974 7971 7976
7966 7977 7973
7972 7973 7978
7977 7978 7973
7972 7979 7971
7972 7978 7980
7980 7979 7972
7971 7979 7981
7971 7981 7982
7980 7983 7979
7983 7981 7979
7984 7980 7978
7984 7983 7980
7983 7985 7981
7985 7986 7981
7985 7987 7986
7984 7988 7983
7985 7983 7988
7984 7978 7989
7977 7990 7978
7990 7989 7978
7991 7988 7984
7991 7984 7989
7985 7988 7992
7985 7992 7993
7985 7993 7994
7991 7995 7988
7992 7988 7995
7992 7995 7996
7997 7992 7996
7997 7998 7992
7996 7995 7999
7991 7999 7995
7996 7999 8000
8000 8001 7996
8000 8002 8001
8003 8000 7999
8003 8004 8000
8003 8005 8004
7991 8006 7999
8003 7999 8007
8007 7999 8006
8008 8006 7991
7991 7989 8008
8009 8008 7989
7990 8009 7989
7990 8010 8009
8009 8011 8008
8009 8010 8011
7990 8012 8010
8012 7990 7977
8012 8013 8010
8010 8014 8011
8015 8011 8014
8008 8011 8016
8011 8017 8016
8008 8018 8006
8008 8016 8018
8018 8019 8006
8007 8006 8019
8012 7977 8020
8021 8012 8020
8020 7977 7966
8022 8020 7966
8023 8018 8016
8018 8023 8019
8019 8024 8007
8023 8025 8019
8025 8024 8019
8023 8016 8026
8026 8025 8023
8026 8027 8025
8016 8028 8026
8029 8027 8026
8007 8024 8030
8007 8030 8003
8003 8030 8031
8003 8031 8032
8025 8033 8024
8030 8024 8033
8030 8033 8034
8033 8025 8035
8027 8035 8025
8033 8035 8036
8036 8037 8033
8027 8038 8035
8039 8038 8027
8035 8040 8036
8038 8041 8035
8035 8041 8040
8038 8042 8041
8043 8042 8038
8044 8036 8040
8036 8044 8045
8046 8040 8041
8042 8047 8041
8046 8041 8047
8048 8044 8040
8046 8048 8040
8048 8049 8044
8046 8050 8048
8047 8051 8046
8051 8052 8046
8051 8053 8052
8042 8054 8047
8051 8047 8055
8055 8047 8054
8056 8051 8055
8051 8056 8057
8051 8057 8058
8054 8059 8055
8056 8055 8060
8055 8059 8060
8061 8060 8059
8061 8059 8062
8059 8054 8063
8063 8064 8059
8065 8054 8042
8054 8065 8063
8065 8042 8066
8063 8065 8067
8068 8056 8060
8060 8061 8069
8060 8069 8068
8068 8070 8056
8070 8068 8071
8072 8056 8070
8073 8068 8069
8073 8071 8068
8074 8071 8073
8069 8075 8073
8075 8076 8073
8069 8061 8077
8075 8069 8077
8077 8061 8078
8079 8075 8077
8070 8071 8080
8080 8081 8070
8071 8082 8080
8071 8083 8082
8084 8080 8082
8084 8082 8085
8086 8087 8073
8077 8088 8089
8070 8090 8091
8070 8092 8093
8094 8095 8080
8082 8096 8097
8098 8099 8080
8098 8100 8099
8101 8102 8082
8103 8082 8102
8103 8102 8104
8105 8102 8106
8107 8108 8102
8102 8109 8110
8111 8112 8102
8113 8111 8114
8115 8116 8117
8116 8118 8119
8120 8121 8116
8121 8122 8116
8123 8116 8122
8116 8123 8124
8125 8116 8124
8122 8126 8123
8126 8122 8127
8121 8128 8122
8129 8122 8128
8130 8124 8123
8123 8131 8130
8128 8121 8132
8121 8133 8132
8134 8128 8132
8134 8135 8128
8132 8136 8134
8136 8132 8137
8124 8130 8138
8139 8124 8138
8130 8140 8138
8138 8140 8141
8140 8130 8142
8143 8142 8130
8142 8144 8140
8144 8145 8140
8144 8142 8146
8147 8146 8142
8146 8147 8148
8146 8149 8144
8149 8150 8144
8144 8150 8151
8152 8149 8146
8146 8153 8152
8149 8152 8154
8155 8149 8154
8152 8156 8154
8157 8156 8152
8154 8156 8158
8142 8159 8160
8161 8144 8162
8163 8146 8164
8163 8165 8152
8166 8149 8167
8149 8168 8169
7971 8170 8171
8172 8173 8174
8173 8175 8176
8177 8178 8173
8177 8173 8179
8180 8177 8179
8181 8180 8179
8182 8179 8173
8173 8183 8182
8181 8179 8184
8179 8182 8185
8185 8184 8179
8181 8184 8186
8187 8181 8186
8188 8181 8187
8189 8188 8187
8188 8189 8190
8189 8191 8190
8192 8187 8186
8187 8192 8189
8184 8193 8186
8193 8192 8186
8184 8185 8194
8193 8184 8194
8195 8185 8182
8182 8196 8195
8185 8197 8194
8185 8195 8197
8198 8197 8195
8198 8199 8197
8197 8199 8200
8200 8194 8197
8194 8200 8193
8200 8201 8193
8201 8200 8199
8192 8193 8202
8193 8201 8202
8203 8189 8192
8202 8203 8192
8201 8204 8202
8203 8202 8204
8189 8203 8205
8191 8189 8205
8206 8191 8205
8191 8206 8207
8208 8205 8203
8205 8208 8206
8209 8207 8206
8208 8209 8206
8207 8209 8210
8203 8204 8211
8208 8203 8211
8204 8201 8212
8212 8211 8204
8209 8208 8213
8213 8208 8211
8214 8210 8209
8214 8209 8213
8210 8214 8215
8201 8216 8212
8216 8201 8199
8211 8212 8217
8216 8217 8212
8218 8213 8211
8211 8217 8218
8219 8214 8213
8218 8219 8213
8220 8215 8214
8215 8220 8221
8222 8214 8219
8220 8214 8222
8223 8221 8220
8221 8223 8224
8223 8225 8224
8226 8220 8222
8220 8226 8223
8217 8216 8227
8218 8217 8228
8227 8228 8217
8229 8228 8227
8230 8218 8228
8218 8230 8219
8230 8228 8229
8231 8219 8230
8229 8231 8230
8219 8232 8222
8219 8231 8232
8232 8233 8222
8233 8226 8222
8231 8233 8232
8234 8227 8216
8216 8199 8234
8235 8223 8226
8233 8236 8226
8236 8235 8226
8235 8236 8237
8236 8233 8238
8237 8236 8238
8233 8231 8239
8239 8238 8233
8223 8235 8240
8225 8223 8240
8235 8241 8240
8241 8225 8240
8237 8242 8235
8241 8235 8242
8239 8231 8243
8244 8239 8243
8245 8244 8243
8243 8231 8229
8229 8245 8243
8238 8239 8246
8239 8244 8246
8247 8238 8246
8237 8238 8247
8244 8247 8246
8225 8241 8248
8225 8248 8249
8248 8250 8249
8248 8251 8250
8251 8248 8241
8252 8250 8251
8241 8253 8251
8253 8252 8251
8253 8241 8242
8254 8242 8237
8242 8254 8253
8247 8255 8237
8244 8255 8247
8252 8253 8256
8256 8257 8252
8258 8253 8254
8253 8258 8256
8257 8256 8259
8259 8260 8257
8261 8256 8258
8256 8261 8259
8260 8259 8262
8262 8263 8260
8237 8264 8254
8264 8237 8255
8254 8265 8258
8265 8261 8258
8266 8259 8261
8259 8266 8262
8267 8254 8264
8254 8267 8265
8261 8265 8268
8266 8261 8268
8265 8267 8268
8255 8269 8264
8264 8269 8267
8267 8270 8268
8270 8267 8269
8271 8266 8268
8270 8271 8268
8262 8266 8272
8272 8266 8271
8255 8273 8269
8255 8244 8273
8270 8269 8274
8270 8274 8275
8269 8273 8276
8269 8276 8277
8271 8270 8278
8278 8270 8279
8278 8279 8280
8281 8272 8271
8278 8281 8271
8282 8281 8278
8283 8273 8244
8283 8244 8245
8272 8281 8284
8272 8284 8262
8285 8273 8283
8285 8286 8273
8283 8287 8285
8283 8288 8287
8245 8288 8283
8289 8284 8281
8281 8290 8289
8290 8291 8289
8284 8292 8262
8263 8262 8292
8292 8293 8263
8284 8289 8294
8294 8292 8284
8295 8294 8289
8296 8293 8292
8296 8292 8294
8293 8296 8297
8298 8296 8294
8299 8296 8300
8294 8301 8302
8195 8303 8304
8305 7981 8306
8307 8182 8308
7974 8309 8310
8311 8312 7974
8313 8314 7974
8315 8316 8317
8318 8319 8317
8319 8320 8321
8322 8323 8319
8324 8323 8325
8323 8326 8325
8323 8327 8328
8328 8329 8323
8330 8329 8328
8331 8330 8328
8328 8332 8331
8332 8328 8333
8330 8331 8334
8334 8335 8330
8336 8331 8332
8336 8332 8337
8338 8334 8331
8338 8331 8336
8334 8339 8335
8338 8339 8334
8335 8339 8340
8339 8341 8340
8341 8339 8338
8342 8340 8341
8340 8342 8343
8341 8344 8342
8341 8345 8344
8338 8345 8341
8346 8344 8345
8345 8338 8347
8347 8338 8336
8346 8345 8348
8348 8345 8347
8346 8348 8349
8346 8349 8350
8348 8347 8351
8349 8348 8351
8347 8336 8352
8352 8351 8347
8336 8353 8352
8336 8354 8353
8351 8352 8355
8355 8352 8356
8355 8356 8357
8349 8351 8358
8355 8358 8351
8359 8355 8357
8358 8355 8359
8359 8357 8360
8361 8349 8358
8361 8350 8349
8362 8358 8359
8361 8358 8362
8362 8359 8363
8359 8364 8363
8359 8365 8364
8362 8366 8361
8363 8367 8362
8362 8367 8366
8350 8361 8368
8361 8366 8369
8361 8369 8368
8363 8370 8367
8363 8371 8370
8363 8372 8371
8368 8373 8350
8374 8350 8373
8374 8375 8350
8376 8375 8374
8376 8377 8375
8378 8377 8376
8379 8374 8373
8376 8374 8379
8378 8376 8380
8381 8378 8380
8381 8380 8382
8380 8376 8383
8376 8379 8383
8382 8380 8384
8380 8383 8384
8382 8384 8385
8385 8384 8386
8385 8386 8387
8384 8383 8388
8384 8388 8386
8387 8386 8389
8387 8389 8390
8386 8391 8389
8386 8388 8391
8388 8392 8391
8383 8393 8388
8388 8393 8392
8383 8379 8393
8393 8394 8392
8393 8395 8394
8379 8395 8393
8395 8396 8394
8379 8397 8395
8379 8373 8397
8396 8395 8398
8397 8398 8395
8373 8399 8397
8398 8397 8399
8368 8399 8373
8368 8400 8399
8398 8399 8400
8368 8369 8400
8396 8398 8401
8398 8400 8401
8396 8401 8402
8401 8403 8402
8400 8404 8401
8401 8404 8403
8403 8404 8405
8403 8405 8406
8369 8407 8400
8400 8407 8404
8408 8404 8407
8408 8409 8404
8369 8410 8407
8366 8410 8369
8411 8407 8410
8411 8412 8407
8366 8413 8410
8413 8414 8410
8413 8415 8414
8367 8413 8366
8367 8416 8413
8417 8413 8416
8417 8418 8413
8367 8419 8416
8419 8420 8416
8419 8421 8420
8367 8370 8419
8370 8422 8419
8370 8423 8422
8419 8424 8425
8419 8425 8426
8427 8428 8429
8430 8431 8427
8427 8431 8432
8433 8427 8432
8433 8434 8427
8435 8427 8434
8434 8433 8436
8436 8433 8437
8435 8434 8438
8435 8438 8439
8434 8436 8440
8434 8440 8438
8436 8437 8441
8441 8440 8436
8441 8437 8442
8443 8441 8442
8441 8443 8440
8442 8444 8443
8444 8442 8445
8444 8446 8443
8446 8440 8443
8444 8447 8446
8446 8447 8448
8446 8449 8440
8438 8440 8449
8446 8448 8450
8449 8446 8450
8450 8448 8451
8438 8449 8452
8438 8452 8453
8438 8453 8454
8455 8452 8449
8449 8450 8455
8452 8455 8456
8457 8452 8456
8457 8456 8458
8450 8459 8455
8459 8456 8455
8458 8456 8460
8456 8459 8460
8458 8460 8461
8450 8451 8462
8450 8462 8459
8459 8462 8463
8451 8463 8462
8460 8459 8464
8459 8463 8464
8460 8464 8465
8460 8465 8466
8460 8466 8467
8464 8463 8468
8465 8464 8469
8464 8468 8469
8463 8451 8470
8463 8471 8468
8463 8470 8471
8465 8469 8472
8465 8472 8473
8465 8473 8474
8470 8451 8475
8476 8475 8451
8477 8475 8476
8478 8477 8476
8476 8451 8479
8478 8476 8479
8478 8479 8480
8481 8478 8480
8481 8482 8478
8483 8482 8481
8483 8484 8482
8485 8482 8484
8485 8486 8482
8486 8478 8482
8487 8486 8485
8486 8488 8478
8478 8488 8477
8487 8489 8486
8489 8488 8486
8490 8489 8487
8490 8491 8489
8489 8492 8488
8491 8492 8489
8492 8477 8488
8491 8493 8492
8493 8494 8492
8492 8494 8477
8493 8495 8494
8495 8496 8494
8477 8494 8496
8495 8497 8496
8498 8496 8497
8477 8496 8499
8477 8499 8475
8496 8498 8500
8500 8499 8496
8475 8499 8501
8499 8500 8501
8470 8475 8501
8470 8501 8502
8502 8501 8500
8470 8502 8471
8503 8500 8498
8502 8500 8503
8503 8498 8504
8503 8504 8505
8502 8503 8506
8503 8505 8506
8505 8507 8506
8505 8508 8507
8471 8502 8509
8502 8506 8509
8506 8510 8509
8506 8511 8510
8471 8509 8512
8468 8471 8512
8513 8512 8509
8513 8509 8514
8468 8512 8515
8515 8512 8516
8515 8516 8517
8469 8468 8515
8469 8515 8518
8519 8518 8515
8519 8515 8520
8469 8518 8521
8522 8521 8518
8522 8523 8521
8469 8521 8472
8472 8521 8524
8472 8524 8525
8521 8526 8527
8521 8527 8528
8529 8530 8531
8532 8529 8533
8534 8529 8535
8534 8536 8529
8537 8536 8534
8538 8536 8537
8536 8539 8529
8540 8529 8539
8538 8541 8536
8539 8536 8542
8541 8542 8536
8538 8543 8541
8544 8543 8538
8545 8544 8538
8545 8546 8544
8546 8545 8547
8548 8546 8547
8544 8549 8543
8549 8544 8546
8550 8541 8543
8549 8550 8543
8542 8541 8551
8541 8550 8551
8542 8552 8539
8553 8539 8552
8554 8542 8551
8552 8542 8554
8554 8555 8552
8556 8555 8554
8556 8554 8557
8551 8557 8554
8557 8551 8550
8550 8558 8557
8557 8558 8556
8550 8549 8559
8558 8550 8559
8546 8560 8549
8559 8549 8560
8561 8558 8559
8560 8561 8559
8560 8546 8562
8546 8548 8562
8548 8563 8562
8563 8548 8564
8562 8565 8560
8565 8562 8563
8564 8566 8563
8566 8565 8563
8566 8564 8567
8560 8568 8561
8565 8568 8560
8558 8561 8569
8568 8569 8561
8565 8566 8570
8570 8568 8565
8567 8571 8566
8571 8570 8566
8571 8567 8572
8573 8558 8569
8558 8573 8556
8569 8568 8574
8574 8573 8569
8575 8568 8570
8568 8575 8574
8576 8570 8571
8575 8570 8576
8577 8571 8572
8572 8578 8577
8579 8576 8571
8577 8579 8571
8578 8580 8577
8580 8578 8581
8582 8580 8581
8577 8583 8579
8583 8577 8580
8573 8574 8584
8575 8585 8574
8584 8574 8585
8586 8584 8585
8587 8585 8575
8575 8576 8587
8587 8586 8585
8576 8588 8587
8586 8587 8588
8576 8579 8589
8588 8576 8589
8589 8579 8590
8590 8579 8583
8590 8588 8589
8584 8591 8573
8556 8573 8591
8580 8592 8583
8590 8583 8593
8593 8583 8592
8592 8594 8593
8593 8595 8590
8594 8595 8593
8588 8590 8596
8595 8596 8590
8592 8580 8597
8580 8582 8597
8598 8592 8597
8582 8598 8597
8594 8592 8599
8592 8598 8599
8596 8600 8588
8596 8601 8600
8602 8600 8601
8600 8586 8588
8602 8586 8600
8596 8595 8603
8601 8596 8603
8604 8603 8595
8594 8604 8595
8601 8603 8604
8598 8582 8605
8582 8606 8605
8605 8606 8607
8608 8605 8607
8605 8608 8598
8609 8608 8607
8610 8598 8608
8609 8610 8608
8598 8610 8599
8599 8611 8594
8611 8599 8610
8604 8594 8612
8612 8601 8604
8610 8609 8613
8614 8613 8609
8610 8615 8611
8615 8610 8613
8613 8614 8616
8617 8616 8614
8613 8618 8615
8618 8613 8616
8616 8617 8619
8620 8619 8617
8594 8621 8612
8621 8594 8611
8611 8615 8622
8622 8615 8618
8618 8616 8623
8623 8616 8619
8611 8624 8621
8624 8611 8622
8618 8625 8622
8623 8625 8618
8622 8625 8624
8612 8621 8626
8621 8624 8626
8627 8624 8625
8624 8627 8626
8628 8625 8623
8628 8627 8625
8623 8619 8629
8629 8628 8623
8612 8626 8630
8601 8612 8630
8627 8631 8626
8627 8632 8631
8626 8633 8630
8626 8634 8633
8627 8628 8635
8636 8627 8635
8636 8635 8637
8638 8628 8629
8635 8628 8638
8638 8639 8635
8640 8601 8630
8640 8602 8601
8629 8641 8638
8629 8619 8641
8642 8640 8630
8642 8630 8643
8640 8642 8644
8640 8644 8645
8602 8640 8645
8641 8646 8638
8647 8638 8646
8648 8647 8646
8641 8619 8649
8619 8620 8649
8649 8620 8650
8646 8641 8651
8651 8641 8649
8651 8652 8646
8653 8649 8650
8653 8651 8649
8650 8654 8653
8655 8651 8653
8656 8651 8657
8653 8658 8659
8552 8660 8661
8539 8662 8663
8044 8664 8665
8666 8044 8667
8668 8669 8044
8670 8026 8671
8672 8026 8673
8016 8674 8675
8676 7944 8677
8678 8679 7944
8678 7944 8680
8678 8680 8681
8678 8682 8683
8678 8684 8685
8686 8678 8687
8688 8689 8678
8689 8690 8691
7939 8692 8693
8694 7939 8695
8696 7935 8697
8012 8698 8699
8700 8012 8701
8702 8010 8703
8704 8010 8705
8706 8707 8708
8431 8709 8707
8707 8710 8711
8431 8712 8713
8714 8431 8713
8715 8716 8711
8711 8717 8715
8718 8719 8720
8721 8722 8720
8723 8722 8724
8725 8722 8726
8726 8727 8725
8727 8728 8725
8728 8727 8729
8725 8728 8730
8731 8730 8728
8730 8731 8732
8731 8733 8732
8728 8734 8731
8734 8728 8735
8733 8731 8736
8736 8737 8733
8731 8738 8736
8738 8731 8739
8737 8736 8740
8741 8737 8740
8742 8741 8740
8736 8743 8740
8743 8736 8744
8745 8746 8741
8740 8747 8748
8747 8740 8749
8075 8750 8751
8752 8753 8075
8075 8754 8755
8756 8757 8758
8759 8760 8761
8762 8763 8059
8063 8764 8765
8063 8766 8767
8065 8768 8769
8770 8771 8065
8065 8772 8773
8774 8775 8776
8777 8776 8778
8779 8780 8781
8782 8783 8784
8784 8785 8786
8787 8788 8789
8790 8042 8791
8042 8792 8793
8038 8794 8795
8038 8796 8797
8798 8027 8799
8027 8800 8801
8027 8802 8803
8804 8036 8805
8806 8030 8807
8020 8808 8809
8020 8810 8811
8812 8813 7962
7962 8814 8815
7954 8816 8817
8818 7960 8819
8820 7960 8821
8822 7960 8823
8823 7958 8824
7958 8825 8826
8827 8828 7958
7968 8829 8830
7966 8831 8832
7966 8833 8834
8835 8836 8837
8838 8839 7942
8840 7952 8841
8056 8842 8843
8844 7949 8845
8846 8847 7937
8848 8849 7937
7940 8850 8851
8852 8853 7940
8852 8854 8853
8855 8856 8046
8857 8048 8858
8048 8859 8860
8071 8861 8862
8071 8863 8864
8132 8865 8866
8122 8867 8868
8869 8870 8128
8871 8872 8124
8873 8874 8124
8875 8876 8140
8877 8878 8140
8879 8138 8880
8138 8881 8882
8883 8123 8884
8885 8886 8887
8888 8889 8890
8891 8892 8890
8892 8891 8893
8894 8895 8896
8897 8898 8899
8900 8901 8902
8903 8904 8900
8904 8905 8906
8904 8907 8908
8909 8907 8904
8910 8909 8904
8911 8910 8904
8910 8911 8912
8909 8910 8913
8914 8913 8910
8913 8914 8915
8916 8914 8910
8914 8916 8917
8914 8918 8915
8918 8914 8919
8920 8919 8914
8919 8921 8918
8919 8922 8921
8922 8919 8923
8921 8922 8924
8921 8924 8925
8919 8926 8927
8928 8925 8929
8928 8930 8925
8931 8932 8933
8934 8935 8936
8937 8938 8939
8940 8941 8907
8942 8199 8943
8199 8944 8945
8946 8199 8945
8946 8234 8199
8234 8946 8947
8946 8948 8947
8945 8949 8946
8946 8949 8948
8234 8947 8950
8951 8950 8947
8227 8234 8950
8950 8952 8227
8952 8950 8951
8952 8229 8227
8229 8952 8953
8245 8229 8953
8954 8953 8952
8952 8951 8954
8245 8953 8955
8953 8954 8955
8956 8947 8948
8951 8947 8956
8245 8955 8957
8245 8957 8288
8954 8958 8955
8955 8959 8957
8955 8958 8959
8951 8960 8954
8954 8960 8958
8961 8288 8957
8961 8957 8959
8959 8958 8962
8958 8960 8963
8958 8963 8962
8961 8959 8964
8959 8962 8964
8951 8965 8960
8951 8956 8966
8951 8966 8965
8960 8965 8967
8960 8967 8963
8965 8966 8968
8965 8968 8967
8961 8969 8288
8288 8969 8970
8288 8970 8971
8972 8969 8961
8961 8964 8972
8973 8969 8972
8973 8974 8969
8975 8963 8967
8967 8968 8976
8967 8976 8975
8975 8977 8963
8977 8962 8963
8964 8962 8978
8977 8978 8962
8964 8979 8972
8980 8972 8979
8980 8981 8972
8964 8978 8982
8964 8982 8979
8983 8977 8975
8984 8978 8977
8983 8984 8977
8975 8976 8985
8975 8985 8983
8982 8978 8986
8984 8986 8978
8982 8987 8979
8979 8987 8988
8979 8988 8989
8982 8986 8990
8982 8990 8987
8984 8983 8991
8986 8984 8992
8984 8991 8992
8983 8985 8993
8983 8993 8991
8985 8994 8993
8995 8991 8993
8995 8996 8991
8997 8992 8991
8997 8998 8992
8994 8999 8993
8994 9000 8999
8986 8992 9001
9002 9001 8992
9002 9003 9001
8990 8986 9001
8985 9004 8994
8976 9004 8985
8976 9005 9004
8968 9005 8976
8968 9006 9005
8966 9006 8968
8966 9007 9006
8956 9007 8966
8956 9008 9007
8956 8948 9008
9007 9008 9009
8948 9009 9008
9010 9006 9007
9007 9009 9010
9011 9010 9009
9012 9005 9006
9010 9012 9006
9013 9004 9005
9012 9013 9005
8948 9014 9009
9014 9011 9009
9015 9012 9010
9011 9015 9010
9015 9016 9012
9016 9013 9012
9013 9017 9004
8994 9004 9017
8948 9018 9014
8948 8949 9018
9011 9019 9015
9019 9016 9015
9016 9020 9013
9020 9017 9013
9019 9021 9016
9020 9016 9021
8994 9017 9022
9023 8994 9022
9023 9024 8994
9020 9025 9017
9022 9017 9025
9020 9021 9026
9025 9020 9026
9022 9025 9027
9028 9022 9027
9028 9027 9029
9030 9027 9025
9025 9026 9030
9030 9031 9027
9032 9027 9031
9032 9031 9033
9026 9021 9034
9030 9026 9035
9026 9034 9035
9036 9031 9030
9030 9035 9036
9037 9034 9021
9037 9021 9019
9036 9038 9031
9039 9031 9038
9039 9038 9040
9037 9019 9041
9011 9041 9019
9042 9036 9035
9043 9035 9034
9043 9042 9035
9044 9034 9037
9044 9043 9034
9045 9038 9036
9042 9045 9036
9037 9041 9046
9046 9044 9037
9011 9047 9041
9041 9048 9046
9048 9041 9047
9011 9049 9047
9014 9049 9011
8591 9049 9014
8591 9014 9018
8591 8584 9049
9047 9049 8584
8586 9047 8584
9047 8586 9048
8586 8602 9048
8602 9046 9048
9018 8556 8591
8602 9050 9046
9046 9050 9044
8602 8645 9050
9051 9044 9050
9051 9050 8645
9051 9043 9044
9018 9052 8556
9053 8556 9052
8949 9052 9018
8949 9054 9052
9052 9054 9055
8945 9054 8949
8945 9056 9054
9051 8645 9057
8645 9058 9057
8645 9059 9058
9051 9060 9043
9060 9051 9057
9061 9060 9057
9061 9057 9062
9063 9043 9060
9063 9042 9043
9064 9063 9060
9064 9060 9065
9066 9042 9063
9066 9045 9042
9067 9066 9063
9067 9063 9068
9069 9045 9066
9066 9070 9069
9066 9071 9070
9069 9072 9045
9045 9072 9038
9073 9038 9072
9073 9074 9038
9072 9069 9075
9072 9075 9076
9069 9077 9078
9069 9078 9079
8945 9080 9081
8556 9082 9083
8061 9084 9085
9086 9087 8061
9088 8061 9089
8061 9090 9089
9091 9092 9093
9094 9095 9096
9096 9097 9098
9096 9099 9100
9096 9101 9102
9103 9096 9102
9103 9102 9104
9096 9103 9105
9106 9096 9105
9106 9105 9107
9103 9108 9105
9108 9109 9105
9110 9105 9109
9111 9108 9103
9111 9103 9112
9113 9108 9111
9102 9114 9115
9105 9116 9117
9108 9118 9119
9120 9111 9121
9111 9122 9123
9124 9111 9125
9126 9127 9128
9129 9130 9131
9132 9133 9134
9135 9132 9136
9132 9135 9137
9138 9132 9139
9140 9141 9132
9142 9135 9143
9135 9144 9145
9135 9146 9147
9148 9149 9147
9150 9149 9148
9149 9135 9151
9135 9149 9152
9153 9135 9152
9152 9149 9154
9152 9155 9156
9149 9157 9158
9149 9159 9160
9161 9162 9163
9164 9165 9166
9167 9168 9169
9170 9171 9168
9172 9173 9168
9168 9174 9175
9176 9168 9177
9176 9178 9168
9176 9179 9180
9181 9176 9182
9176 9183 9184
9185 9176 9186
9187 9188 9189
9190 9191 9192
9193 9190 9194
9195 9190 9196
9197 9198 9190
9199 9200 9190
9200 9201 9190
9200 9202 9203
9204 9205 9200
9206 9200 9205
9207 9208 9205
9209 9210 9205
9211 9205 9212
9213 9214 9215
9216 9217 9218
9219 9220 9221
9222 9223 9224
9223 9225 9226
9223 9227 9228
9229 9223 9230
9223 9231 9232
9233 9223 9232
9234 9235 9236
9237 9238 9239
9240 9241 9237
9242 9240 9243
9244 9240 9245
9240 9246 9247
9248 9240 9249
9240 9250 9251
9252 9240 9253
9254 9255 9256
9257 9258 9259
9260 9261 9262
9263 9264 9265
9266 9267 9268
9269 9270 9271
9272 9273 9274
9275 9276 9277
9278 9279 9280
9281 9282 9283
9284 9285 9286
9287 9288 9289
9290 9291 9292
9293 9294 9295
9296 9297 9298
9299 9296 9300
9301 9296 9302
9303 9296 9301
9296 9303 9304
9296 9305 9306
9307 9305 9296
9308 9309 9310
9310 9311 9312
9313 9314 9315
9316 9317 9318
9319 9320 9321
9322 9323 9324
9325 9326 9327
9328 9329 9330
9328 9331 9332
9333 9334 9335
9336 9337 9338
9339 9340 9341
9342 9343 9344
9345 9346 9347
9348 9349 9350
9351 9348 9352
9353 9352 9354
9352 9353 9355
9356 9355 9353
9357 9352 9355
9355 9358 9357
9355 9359 9360
9361 9362 9352
9352 9363 9364
9365 9353 9366
9367 9368 9353
9369 9370 9353
9353 9371 9369
9372 9371 9353
9371 9372 9373
9371 9374 9369
9369 9375 9376
9369 9377 9378
9379 9369 9380
9381 9382 9371
9382 9383 9371
9382 9384 9385
9386 9387 9382
9388 9382 9387
9382 9388 9389
9390 9391 9392
9393 9394 9395
9396 9397 9398
9399 9400 9401
9402 9403 9404
9405 9406 9407
9408 9409 9410
9411 9412 9413
9414 9415 9416
9417 9418 9419
9420 9421 9422
9423 9424 9421
9421 9425 9426
9421 9427 9428
9429 9421 9428
9428 9430 9431
9432 9428 9433
9428 9434 9435
9434 9428 9436
9437 9438 9439
9440 9437 9441
9442 9437 9443
9444 9437 9445
9437 9444 9446
9447 9437 9448
9447 9449 9437
9450 9447 9451
9447 9452 9453
9454 9447 9455
9456 9447 9454
9457 9458 9459
9460 9461 9462
9463 9464 9465
9466 9467 9468
9467 9469 9470
9471 9472 9473
9474 9472 9475
9474 9476 9472
9477 9472 9476
9476 9478 9477
9476 9474 9479
9480 9479 9474
9481 9480 9474
9479 9480 9482
9482 9480 9483
9483 9480 9484
9479 9485 9476
9485 9479 9486
9487 9486 9479
9488 9485 9486
9489 9476 9485
9490 9476 9489
9491 9490 9489
9492 9489 9485
9489 9492 9493
9474 9494 9495
9496 9491 9497
9485 9498 9499
9486 9500 9501
9486 9502 9503
9504 9505 9506
9507 9508 9509
9510 9511 9512
9513 9514 9515
9516 9517 9518
9519 9520 9521
9522 9523 9524
9525 9522 9526
9522 9527 9528
9522 9529 9530
9531 9522 9532
9533 9532 9522
9534 9535 9536
9537 9538 9539
9540 9541 9542
9543 9544 9545
9546 9543 9547
9543 9548 9549
9550 9543 9551
9552 9553 9543
9554 9555 9556
9557 9558 9559
9560 9561 9562
9563 9564 9565
9566 9567 9568
9569 9570 9571
9572 9573 9574
9575 9576 9577
9578 9579 9580
9581 9582 9583
9584 9585 9586
9587 9584 9588
9589 9584 9590
9584 9591 9592
9584 9593 9594
9595 9584 9594
9584 9595 9596
9595 9594 9597
9598 9599 9594
9600 9594 9601
9602 9595 9603
9595 9604 9605
9595 9606 9607
9595 9608 9609
9609 9610 9611
9612 9613 9614
9614 9615 9616
9617 9618 9619
9620 9621 9617
9622 9623 9617
9623 9622 9624
9625 9626 9627
9628 9629 9627
9630 9631 9632
9633 9634 9635
9636 9637 9638
9639 9640 9641
9640 9642 9643
9642 9640 9644
9645 9642 9644
9642 9645 9646
9647 9645 9644
9644 9640 9648
9649 9644 9648
9649 9648 9650
9640 9651 9648
9652 9651 9640
9651 9653 9648
9642 9654 9655
9644 9656 9657
9645 9658 9659
9645 9660 9661
9662 9651 9663
9664 9665 9651
9651 9666 9667
9668 9669 9645
9669 9668 9670
9671 9672 9673
9674 9675 9676
9677 9678 9679
9680 9681 9682
9683 9684 9682
9685 9683 9686
9687 9688 9689
9690 9691 9692
9693 9694 9695
9696 9697 9698
9699 9700 9701
9702 9703 9704
9705 9706 9707
9708 9709 9710
9711 9712 9713
9714 9715 9716
9717 9714 9718
9719 9720 9721
9722 9723 9720
9722 9724 9725
9722 9726 9727
9728 9722 9727
9729 9722 9730
9729 9731 9722
9732 9729 9733
9729 9734 9735
9736 9737 9729
9729 9738 9739
9738 9729 9740
9741 9742 9743
9744 9745 9746
9747 9748 9749
9750 9751 9752
9753 9754 9755
9754 9756 9757
9758 9759 9760
9761 9762 9763
9764 9765 9766
9767 9768 9769
9770 9771 9772
9773 9774 9775
9776 9777 9778
9779 9780 9781
9782 9783 9784
9785 9786 9787
9788 9789 9790
9791 9792 9793
9794 9791 9795
9796 9797 9480
9480 9798 9799
9800 9480 9799
9801 9802 9803
9804 9805 9806
9807 9808 9809
9808 9810 9811
9812 9813 9814
9815 9816 9817
9818 9816 9819
9816 9820 9819
9821 9816 9822
9821 9823 9816
9824 9821 9825
9826 9827 9828
9829 9826 9830
9826 9831 9832
9832 9833 9826
9833 9834 9826
9826 9834 9835
9833 9836 9834
9833 9832 9837
9833 9837 9838
9832 9839 9837
9837 9839 9840
9839 9832 9841
9832 9842 9841
9839 9841 9843
9844 9832 9845
9841 9846 9847
9834 9848 9849
9834 9850 9851
9839 9852 9853
9839 9854 9855
9856 9839 9855
9857 9858 9859
9860 9861 9859
9859 9862 9860
9862 9859 9863
9863 9859 9864
9863 9864 9865
9866 9862 9863
9867 9860 9862
9862 9868 9867
9860 9867 9869
9870 9863 9871
9872 9873 9863
9874 9875 9867
9876 9867 9877
9878 9879 9867
9880 9860 9881
9882 9881 9860
9881 9883 9884
9881 9885 9886
9885 9881 9887
9888 9887 9881
9887 9888 9889
9890 9891 9892
9893 9891 9894
9891 9895 9896
9897 9898 9891
9899 9900 9891
9899 9901 9900
9902 9903 9904
9905 9903 9906
9903 9907 9908
9909 9910 9903
9911 9903 9910
9912 9903 9913
9914 9903 9912
9915 9912 9916
9917 9912 9918
9919 9912 9920
9912 9919 9921
9922 9923 9924
9925 9926 9927
9928 9929 9930
9931 9932 9933
9934 9935 9936
9937 9935 9938
9937 9939 9935
9935 9939 9940
9939 9941 9940
9939 9942 9941
9939 9943 9944
9945 9939 9946
9947 9939 9948
9941 9949 9950
9951 9952 9941
9941 9953 9954
9955 9956 9957
9958 9959 9960
9961 9833 9962
9963 9833 9964
9965 9966 9967
9968 9969 9970
9971 9972 9973
9974 9975 9972
9976 9972 9977
9978 9972 9979
9972 9980 9979
9972 9981 9982
9972 9982 9983
9984 9982 9985
9986 9987 9982
9982 9988 9989
9990 9991 9992
9993 9994 9995
9996 9994 9997
9994 9998 9999
10000 9994 10001
9994 10000 10002
10003 10000 10004
10000 10005 10006
10007 10008 10000
10009 10000 10010
10000 10011 10010
10012 10013 10014
10015 10016 10017
10018 10019 10020
10021 10022 10023
10024 10025 10026
10027 10028 10029
10030 10031 10032
10033 10034 10035
10036 10037 10038
10039 10040 10041
10042 10043 10044
10045 10046 10047
10046 10048 10049
10050 10046 10049
10051 10046 10052
10046 10053 10054
10049 10055 10056
10057 10049 10058
10059 10049 10060
10049 10061 10062
10063 10061 10064
10049 10065 10066
10049 10066 10067
10068 10069 10066
10066 10070 10071
10072 10073 10074
10075 10072 10076
10077 10078 10072
10079 10080 10072
10080 10081 10072
10080 10082 10083
10084 10085 10080
10080 10086 10087
10088 10089 10090
10091 10092 10093
10094 10095 10096
10097 10098 10099
10100 10101 10102
10103 10100 10104
10105 10106 10107
10108 10109 10110
10111 10112 10113
10114 10115 10116
10117 10118 10119
10120 10121 10122
10123 10124 10125
10123 10126 10127
10128 10123 10129
10130 10123 10131
10123 10132 10131
10132 10123 10133
10134 10131 10132
10132 10135 10136
10132 10137 10138
10131 10139 10140
10140 10141 10131
10142 10132 10143
10144 10132 10142
10145 10146 10147
10148 10145 10149
10145 10150 10151
10150 10145 10152
10145 10153 10154
10155 10145 10154
10156 10154 10157
10158 10154 10159
10160 10154 10161
10160 10162 10154
10163 10160 10164
10165 10166 10160
10165 10160 10167
10168 10169 10170
10171 10172 10173
10171 10174 10175
10176 10177 10178
10179 10176 10180
10176 10181 10182
10183 10176 10184
10185 10176 10186
10187 10176 10185
10188 10189 10190
10191 10188 10192
10193 10188 10194
10188 10195 10194
10188 10196 10197
10188 10197 10198
10197 10199 10200
10201 10197 10202
10197 10201 10203
10197 10203 10204
10201 10205 10203
10203 10205 10206
10201 10207 10205
10208 10201 10209
10205 10210 10211
10205 10212 10213
10214 10205 10215
10216 10217 10201
10201 10217 10218
10217 10219 10220
10217 10221 10222
10223 10217 10224
10225 10217 10226
10227 10228 10229
10230 10231 10232
10233 10234 10235
10236 10233 10237
10238 10233 10239
10240 10241 10233
10242 10243 10233
10233 10244 10242
10242 10245 10246
10247 10242 10248
10249 10248 10242
10250 10248 10249
10251 10249 10242
10252 10251 10242
10249 10251 10253
10249 10253 10254
10255 10253 10251
10256 10257 10248
10258 10248 10259
10251 10260 10261
10262 10251 10263
10253 10264 10265
10253 10266 10267
10268 10253 10269
10270 10271 10272
10273 10270 10274
10274 10270 10275
10276 10277 10278
10279 10280 10281
10279 10282 10283
10279 10284 10285
10284 10279 10286
10287 10279 10288
10289 10279 10287
10290 10287 10291
10290 10292 10287
10293 10290 10294
10295 10290 10296
10297 10290 10295
10290 10297 10298
10297 10299 10298
10300 10297 10301
10297 10302 10303
10304 10297 10303
10305 10306 10307
10308 10309 10307
10310 10311 10312
10313 10314 10315
10316 10317 10318
10319 10320 10321
10319 10322 10323
10324 10319 10325
10326 10319 10327
10319 10326 10328
10329 10319 10330
10331 10319 10329
10329 10332 10331
10333 10329 10334
10335 10329 10333
10329 10335 10336
10337 10338 10339
10340 10341 10342
10343 10344 10345
10346 10347 10348
10349 10346 10350
10351 10352 10346
10346 10353 10354
10355 10346 10356
10357 10346 10355
10358 10355 10359
10355 10360 10361
10355 10362 10363
10364 10365 10366
10365 10367 10368
10369 10370 10371
10372 10373 10374
10375 10376 10377
10378 10379 10380
10381 10382 10383
10384 10385 10386
10387 10388 10389
10390 10391 10392
10391 10393 10394
10395 10391 10396
10391 10397 10398
10391 10399 10397
10399 10400 10397
10399 10391 10401
10391 10402 10401
10402 10403 10401
10399 10401 10404
10404 10401 10405
10401 10406 10405
10407 10399 10404
10407 10408 10399
10409 10407 10404
10397 10410 10411
10412 10401 10413
10404 10414 10415
10416 10417 10407
10407 10418 10419
10420 10407 10421
10422 10423 10424
10425 10426 10427
10428 10429 10430
10431 10432 10428
10428 10433 10431
10434 10435 10428
10436 10428 10437
10431 10438 10439
10440 10431 10441
10442 10431 10443
10444 10443 10445
10445 10446 10444
10431 10445 10447
10445 10431 10448
10431 10449 10448
10448 10450 10445
10448 10451 10452
10445 10453 10454
10455 10445 10456
10457 10458 10459
10460 10461 10457
10462 10463 10464
10465 10466 10467
10468 10467 10469
10470 10467 10471
10467 10472 10473
10474 10475 10467
10476 10474 10467
10474 10477 10478
10479 10474 10480
10474 10481 10482
10474 10483 10484
10485 10486 10487
10488 10489 10490
10491 10492 10488
10493 10494 10488
10495 10488 10496
10497 10488 10498
10498 10488 10499
10498 10500 10501
10502 10498 10503
10504 10503 10498
10505 10503 10506
10507 10503 10508
10509 10510 10503
10511 10512 10513
10514 10515 10516
10517 10518 10519
10520 10521 10522
10523 10522 10524
10522 10525 10526
10527 10528 10522
10522 10529 10530
10522 10531 10529
10532 10533 10534
10535 10536 10537
10538 10535 10539
10540 10541 10538
10542 10543 10538
10538 10544 10545
10546 10547 10538
10538 10548 10549
10550 10538 10551
10552 10553 10554
10555 10556 10557
10558 10559 10560
10561 10562 10563
10564 10565 10566
10567 10568 10569
10570 10571 10572
10573 10574 10575
10576 10577 10578
10579 10580 10581
10582 10583 10584
10585 10586 10587
10588 10589 10590
10591 10592 10593
10594 10595 10596
10597 10598 10594
10599 10600 10594
10594 10601 10599
10601 10594 10602
10594 10603 10604
10605 10594 10604
10606 10607 10608
10609 10610 10611
10612 10611 10613
10614 10615 10616
10617 10618 10619
10620 10621 10622
10623 10624 10625
10626 10627 10628
10629 10630 10631
10632 10633 10634
10635 10636 10637
10638 10639 10640
10641 10642 10643
10642 10644 10645
10646 10647 10645
10645 10648 10646
10648 10649 10646
10650 10648 10645
10648 10650 10651
10652 10648 10653
10654 10655 10645
10645 10656 10657
10658 10659 10646
10660 10646 10661
10662 10646 10663
10646 10662 10664
10665 10646 10664
10664 10666 10665
10664 10662 10667
10662 10668 10669
10662 10670 10671
10672 10673 10662
10674 10675 10664
10674 10664 10676
10677 10674 10678
10679 10680 10674
10681 10679 10674
10674 10682 10681
10683 10684 10685
10686 10687 10688
10689 10690 10691
10692 10693 10694
10695 10696 10697
10698 10699 10700
10701 10702 10703
10704 10705 10706
10707 10708 10709
10710 10711 10712
10713 10714 10715
10716 10717 10715
10715 10718 10719
10715 10720 10721
10722 10720 10715
10720 10723 10724
10725 10726 10720
10720 10727 10728
10727 10720 10729
10730 10731 10732
10733 10734 10730
10735 10736 10730
10737 10730 10738
10730 10737 10739
10740 10741 10730
10742 10740 10730
10740 10743 10744
10745 10740 10746
10747 10748 10740
10740 10749 10747
10750 10751 10752
10753 10754 10755
10756 10757 10758
10759 10760 10761
10760 10762 10763
10764 10765 10766
10767 10768 10766
10769 10767 10766
10770 10769 10766
10771 10769 10770
10767 10769 10772
10772 10773 10767
10773 10774 10767
10773 10772 10775
10775 10776 10773
10776 10777 10773
10778 10772 10769
10772 10778 10779
10779 10780 10772
10781 10779 10778
10782 10778 10769
10769 10783 10782
10783 10784 10782
10782 10785 10778
10785 10782 10786
10767 10787 10788
10784 10789 10790
10778 10791 10792
10779 10793 10794
10795 10779 10796
10797 10798 10799
10800 10801 10802
10803 10804 10805
10806 10807 10808
10809 10810 10811
10812 10813 10814
10815 10816 10817
10816 10818 10819
10820 10821 10816
10816 10822 10823
10816 10824 10825
10826 10827 10816
10828 10829 10830
10831 10832 10833
10834 10835 10836
10837 10838 10839
10840 10841 10837
10837 10842 10843
10844 10845 10837
10846 10837 10847
10848 10849 10850
10851 10852 10853
10854 10855 10856
10857 10858 10859
10860 10861 10862
10863 10864 10865
10866 10867 10868
10869 10870 10871
10872 10873 10874
10875 10876 10877
10878 10879 10880
10881 10882 10878
10883 10878 10884
10878 10885 10886
10878 10887 10888
10889 10887 10878
10878 10890 10889
10889 10891 10887
10892 10887 10893
10894 10895 10887
10896 10897 10889
10889 10898 10899
10889 10900 10901
10889 10902 10903
10902 10904 10905
10906 10907 10908
10907 10909 10910
10911 10907 10912
10913 10914 10915
10916 10917 10918
10919 10920 10921
10922 10923 10924
10925 10926 10927
10928 10929 10927
10929 10930 10931
10932 10933 10934
10934 10935 10936
10937 10938 10939
10939 10940 10941
10941 10942 10939
10943 10942 10941
10941 10944 10943
10945 10942 10943
10942 10946 10939
10947 10946 10942
10947 10948 10946
10939 10946 10949
10950 10939 10949
10951 10949 10946
10941 10952 10953
10942 10954 10955
10943 10956 10957
10943 10958 10959
10949 10960 10961
10962 10963 10949
10949 10964 10965
10966 10967 10943
10967 10966 10968
10969 10970 10971
10972 10973 10974
10975 10976 10977
10978 10979 10980
10981 10979 10982
10983 10984 10981
10985 10986 10987
10988 10989 10990
10991 10992 10993
10994 10995 10996
10997 10998 10999
11000 11001 11002
11003 11004 11005
11006 11007 11008
11009 11010 11011
11012 11009 11013
11014 11015 11016
11017 11016 11018
11017 11019 11020
11017 11021 11022
11023 11021 11017
11024 11025 11017
11024 11017 11026
11027 11028 11024
11024 11029 11030
11031 11024 11032
11024 11033 11034
11033 11024 11035
11036 11037 11038
11039 11040 11041
11042 11043 11044
11045 11046 11047
11046 11048 11049
11050 11051 11052
11053 11054 11055
11056 11057 11058
11059 11060 11061
11062 11063 11064
11065 11066 11067
11068 11069 11070
11071 11072 11073
11074 11075 11076
11077 11078 11079
11080 11081 11082
11083 10773 11084
11085 10773 11086
11087 11086 10773
11088 11089 11090
11091 11092 11093
11094 11095 11096
11095 11097 11098
11099 11100 11101
11102 11103 11104
11105 11106 11104
11104 11106 11107
11108 11109 11104
11108 11104 11110
11111 11112 11108
11113 11114 11115
11113 11116 11117
11118 11113 11119
11120 11119 11113
11120 11113 11121
11113 11122 11121
11123 11120 11121
11119 11120 11124
11120 11125 11124
11126 11119 11124
11124 11127 11126
11119 11126 11128
11129 11119 11128
11126 11130 11128
11119 11131 11132
11128 11133 11134
11121 11135 11136
11121 11137 11138
11126 11139 11140
11126 11141 11142
11143 11141 11126
11144 11145 11146
11147 11148 11145
11149 11145 11148
11145 11149 11150
11150 11151 11145
11150 11152 11151
11153 11150 11149
11148 11154 11149
11149 11154 11155
11154 11148 11156
11157 11158 11150
11159 11150 11160
11161 11162 11154
11163 11164 11154
11165 11154 11166
11148 11167 11168
11168 11169 11148
11170 11168 11171
11172 11168 11173
11168 11172 11174
11174 11175 11168
11175 11174 11176
11177 11178 11179
11180 11181 11179
11179 11182 11183
11184 11179 11185
11186 11179 11187
11186 11187 11188
11189 11190 11191
11192 11193 11191
11194 11191 11195
11196 11197 11191
11198 11196 11191
11199 11200 11191
11191 11201 11199
11202 11203 11199
11204 11205 11199
11206 11199 11207
11199 11206 11208
11209 11210 11211
11212 11213 11214
11215 11216 11217
11218 11219 11220
11221 11222 11223
11224 11225 11223
11224 11223 11226
11223 11227 11226
11226 11227 11228
11229 11226 11228
11226 11230 11231
11232 11233 11226
11226 11234 11235
11228 11236 11237
11238 11239 11228
11228 11240 11241
11242 11243 11244
11245 11246 11247
11248 11249 11120
11120 11250 11251
11252 11253 11254
11255 11256 11257
11258 11259 11260
11261 11260 11262
11260 11263 11264
11265 11266 11260
11260 11266 11267
11268 11260 11269
11260 11270 11269
11271 11272 11269
11273 11274 11269
11269 11275 11276
11277 11278 11279
11280 11281 11282
11283 11284 11282
11282 11285 11286
11287 11288 11282
11282 11289 11287
11290 11291 11287
11287 11292 11293
11294 11287 11295
11296 11297 11287
11287 11297 11298
11299 11300 11301
11302 11303 11304
11305 11306 11307
11308 11309 11310
11311 11312 11313
11314 11315 11316
11317 11318 11319
11320 11321 11322
11323 11324 11325
11326 11327 11328
11329 11330 11331
11332 11333 11334
11335 11336 11337
11338 11339 11340
11340 11341 11342
11343 11341 11340
11344 11345 11340
11340 11346 11347
11341 11348 11349
11350 11351 11341
11341 11352 11353
11341 11354 11355
11356 11357 11355
11358 11341 11359
11341 11360 11359
11361 11362 11359
11359 11363 11364
11365 11366 11367
11368 11369 11365
11370 11365 11371
11372 11365 11373
11373 11365 11374
11373 11375 11376
11377 11378 11373
11373 11379 11380
11381 11382 11383
11384 11385 11386
11387 11388 11389
11390 11391 11392
11393 11394 11395
11396 11397 11398
11399 11400 11397
11401 11402 11403
11404 11405 11406
11407 11408 11409
11410 11411 11412
11413 11414 11415
11416 11417 11418
11419 11416 11420
11421 11422 11416
11416 11423 11424
11425 11416 11424
11416 11425 11426
11427 11425 11424
11424 11428 11429
11430 11431 11424
11432 11433 11425
11425 11434 11435
11425 11436 11437
11438 11425 11439
11440 11441 11442
11443 11444 11440
11440 11445 11446
11446 11447 11440
11446 11448 11449
11440 11450 11451
11452 11450 11440
11453 11454 11450
11455 11456 11450
11457 11458 11450
11459 11457 11450
11457 11460 11461
11462 11463 11457
11463 11464 11457
11465 11466 11467
11468 11469 11470
11468 11471 11472
11473 11474 11475
11476 11477 11473
11473 11478 11479
11480 11481 11473
11482 11483 11473
11484 11482 11473
11485 11486 11487
11485 11488 11489
11490 11491 11485
11485 11491 11492
11493 11485 11494
11485 11495 11494
11494 11496 11497
11498 11499 11494
11494 11500 11498
11494 11501 11500
11498 11500 11502
11500 11503 11502
11498 11502 11504
11505 11506 11498
11502 11507 11508
11502 11509 11510
11511 11502 11512
11513 11514 11498
11498 11515 11513
11513 11516 11517
11518 11519 11513
11520 11513 11521
11522 11521 11513
11523 11524 11525
11526 11527 11528
11529 11530 11526
11526 11531 11532
11533 11534 11526
11535 11526 11536
11537 11526 11535
11538 11535 11539
11535 11540 11541
11542 11535 11541
11543 11542 11541
11544 11535 11542
11545 11535 11544
11542 11546 11544
11542 11547 11546
11548 11544 11546
11549 11550 11541
11551 11552 11541
11544 11553 11554
11555 11556 11544
11546 11557 11558
11546 11559 11560
11561 11546 11562
11563 11564 11565
11564 11566 11567
11567 11568 11564
11569 11570 11571
11572 11573 11574
11575 11572 11576
11572 11577 11578
11577 11572 11579
11580 11581 11572
11572 11582 11580
11583 11584 11580
11585 11583 11580
11583 11586 11587
11588 11589 11583
11590 11588 11583
11583 11591 11590
11590 11591 11592
11593 11594 11590
11590 11595 11596
11597 11595 11590
11598 11599 11600
11601 11599 11602
11603 11604 11605
11606 11607 11608
11609 11610 11611
11612 11613 11614
11612 11615 11616
11617 11618 11612
11619 11620 11612
11612 11621 11622
11623 11624 11612
11625 11623 11612
11623 11625 11626
11627 11628 11623
11623 11629 11627
11629 11623 11630
11631 11632 11633
11634 11635 11636
11637 11638 11639
11640 11641 11642
11643 11644 11640
11645 11640 11646
11647 11640 11648
11649 11647 11650
11649 11651 11640
11640 11652 11649
11653 11654 11649
11649 11655 11656
11657 11658 11659
11659 11660 11661
11662 11663 11664
11665 11666 11667
11668 11669 11670
11671 11672 11673
11674 11675 11676
11677 11678 11679
11680 11681 11682
11683 11684 11685
11686 11687 11688
11689 11690 11691
11692 11693 11694
11695 11696 11697
11698 11696 11699
11698 11700 11696
11696 11701 11702
11696 11703 11701
11704 11701 11705
11701 11706 11707
11701 11708 11709
11710 11708 11701
11711 11712 11713
11711 11714 11715
11716 11717 11711
11718 11711 11719
11718 11720 11711
11721 11718 11722
11721 11723 11718
11724 11723 11721
11725 11721 11726
11727 11728 11721
11729 11730 11721
11731 11732 11733
11734 11735 11733
11736 11737 11738
11739 11740 11741
11742 11743 11744
11743 11745 11746
11747 11743 11748
11743 11749 11750
11743 11751 11749
11743 11752 11751
11749 11751 11753
11749 11753 11754
11755 11753 11751
11751 11756 11755
11749 11757 11758
11759 11753 11760
11753 11761 11762
11753 11763 11764
11753 11765 11766
11767 11768 11769
11770 11771 11772
11773 11774 11775
11776 11777 11778
11779 11780 11781
11782 11783 11784
11785 11786 11787
11788 11789 11790
11791 11789 11792
11793 11794 11795
11796 11797 11798
11799 11800 11801
11802 11803 11804
11805 11806 11807
11808 11809 11810
11811 11812 11813
11814 11815 11816
11817 11818 11819
11820 11821 11822
11823 11824 11825
11826 11827 11828
11829 11830 11831
11832 11833 11834
11835 11836 11837
11838 11839 11840
11841 11838 11842
11842 11838 11843
11844 11845 11846
9054 11847 11848
11849 9054 11850
9052 11851 11852
11853 11854 11855
11854 11856 11855
11857 11858 11859
11860 11857 11859
11861 11862 11863
11864 11861 11863
9001 11865 11866
9001 11866 11867
8990 9001 11867
11868 8990 11867
11868 8987 8990
11867 11869 11868
11867 11870 11869
8987 11868 11871
8987 11871 11872
11868 11873 11874
11868 11874 11875
11876 11877 11878
11876 11878 11879
11880 11881 11882
11880 11882 11883
11884 11885 11886
11884 11886 11887
11888 11889 11890
11888 11890 11891
11892 11893 11894
11892 11894 11895
11896 11897 11898
11896 11898 11899
11900 11901 11902
11900 11902 11903
11904 11905 11903
11904 11906 11905
11907 11908 11909
11907 11909 11910
11911 11912 11913
11911 11913 11914
11915 11916 11917
11915 11917 11918
11919 11920 11921
11919 11921 11922
11923 11924 11925
11923 11925 11926
11927 11928 11929
11927 11929 11930
11931 11932 11933
11931 11933 11934
11935 11936 11937
11935 11937 11938
11939 11940 11941
11939 11941 11942
11943 11944 11945
11943 11945 11946
11947 11948 11949
11947 11949 11950
11951 11952 11953
11951 11953 11954
11955 11956 11957
11955 11957 11958
11959 11960 11961
11959 11962 11960
11963 11962 11964
11963 11964 11965
11966 11967 11968
11966 11968 11969
11970 11971 11972
11970 11972 11973
11974 11975 11976
11974 11976 11977
11978 11979 11980
11978 11980 11981
11982 11983 11984
11982 11984 11985
11986 11987 11988
11986 11988 11989
11990 11991 11992
11990 11992 11993
8121 11994 11995
11996 8121 11995
11997 11998 11999
11997 11999 12000
12001 12000 12002
12001 12002 12003
12004 12005 12006
12004 12006 12007
12008 12009 12010
12008 12010 12011
12012 12013 12014
12012 12014 12015
12016 12017 12018
12016 12018 12019
12020 12021 8278
12020 8278 12022
12023 12024 12025
12023 12026 12024
12027 12028 12026
12027 12029 12028
8635 12030 12031
8635 12031 12032
12033 8154 12034
8154 12033 12035
12036 12037 12038
12036 12038 12039
12040 12041 12038
12040 12042 12041
12043 12044 12041
12043 12045 12044
12046 12047 12044
12046 12048 12047
12049 12050 12047
12049 12051 12050
12052 12053 12050
12052 12054 12053
12053 12054 12055
12053 12055 12056
12056 12057 12058
12056 12058 12059
12059 12060 12061
12059 12061 12062
12061 12063 12062
12061 12064 12063
12063 12065 12066
12063 12066 12067
12068 12069 12070
12068 12070 12071
12072 12073 12071
12072 12071 12074
12075 12076 12074
12075 12077 12076
12078 12077 12075
12078 12075 12079
12080 12081 12079
12080 12082 12081
12083 12084 12080
12083 12085 12084
12086 12085 12083
12086 12083 12087
12088 12089 12087
12088 12087 12090
12091 12092 12090
12091 12090 12093
12094 12095 12093
12094 12096 12095
12097 12098 12094
12097 12099 12098
12100 12101 12102
12101 12103 12102
12104 12105 12106
12105 12107 12106
12108 12109 12110
12109 12108 12111
12112 12109 12111
12113 12114 12115
12114 12113 12116
12117 12118 12119
12118 12117 12120
12121 12122 12123
12123 12122 12124
12125 12126 12127
12127 12126 12128
12129 12130 12131
12130 12129 12132
12133 12132 12129
