byte offset: 0
first index: 0
index count: 20322
topology: trianglelist
format: DXGI_FORMAT_R16_UINT

0 1 2
3 4 2
5 3 2
6 7 2
6 8 7
8 9 7
7 9 10
8 11 9
2 7 12
7 10 12
13 2 12
10 13 12
14 2 13
14 13 15
16 15 13
16 13 17
10 17 13
17 10 18
19 17 18
20 17 19
20 19 21
18 22 19
18 23 22
10 24 18
25 18 24
25 26 18
10 27 24
10 9 27
28 24 27
28 29 24
9 30 27
30 31 27
30 32 31
9 33 30
9 34 33
30 35 36
37 38 39
40 37 41
42 41 37
42 43 41
40 44 37
44 45 37
40 41 46
40 46 47
48 46 41
48 47 46
48 41 49
41 50 49
41 51 50
52 48 49
49 53 52
48 54 47
52 55 48
54 48 55
56 47 54
54 55 57
57 56 54
58 57 55
59 55 52
58 55 59
57 60 56
57 58 60
61 60 58
59 52 62
59 62 63
62 52 64
62 64 65
66 63 62
66 67 63
68 58 59
59 63 68
60 69 56
61 70 60
60 70 69
61 58 71
68 72 58
72 71 58
63 73 68
68 74 72
68 73 74
74 73 75
72 76 71
71 77 61
77 71 76
72 78 76
72 74 78
74 79 78
80 76 78
77 76 80
80 78 81
81 78 79
77 80 82
82 80 81
74 75 83
74 83 79
84 61 77
77 82 84
75 85 83
85 79 83
75 73 86
87 86 73
63 87 73
63 88 87
63 89 88
86 87 90
86 90 91
86 92 75
93 92 86
93 94 92
95 75 92
96 95 92
96 97 95
95 98 75
75 98 85
98 95 99
99 95 100
99 100 101
85 98 102
98 99 103
102 98 103
102 103 99
102 104 85
85 104 79
102 99 105
105 99 106
105 106 107
102 108 104
105 108 102
105 109 108
110 109 105
110 105 111
112 108 109
104 108 112
109 113 112
109 114 113
115 79 104
112 116 104
115 104 116
115 117 79
81 79 117
117 118 81
82 81 118
119 82 118
117 120 118
120 119 118
115 121 117
120 117 121
119 122 82
84 82 122
112 123 116
112 124 123
112 125 124
126 115 116
127 116 123
127 126 116
128 127 123
128 123 129
126 130 115
130 121 115
131 126 127
130 126 131
131 127 132
132 127 133
132 133 134
130 135 121
136 121 135
120 121 136
130 131 137
138 135 130
138 130 137
136 135 139
138 139 135
138 140 139
141 140 138
137 141 138
137 131 142
142 131 132
137 142 141
120 136 143
143 136 139
120 143 144
120 144 119
145 144 143
145 119 144
142 132 146
132 147 146
132 148 147
142 146 149
142 149 141
150 141 149
151 149 146
151 146 152
153 150 149
153 154 150
150 155 141
155 140 141
140 155 150
140 150 156
157 156 150
157 150 158
159 140 156
159 160 140
159 156 161
161 160 159
162 161 156
162 163 161
140 160 164
139 140 164
139 164 165
143 139 165
161 166 160
166 161 167
166 167 168
164 160 169
165 164 169
170 143 165
145 143 170
165 169 171
170 165 171
172 160 166
173 172 166
173 166 174
169 160 175
172 175 160
176 171 169
169 175 176
177 175 172
177 176 175
178 177 172
178 179 177
180 170 171
176 180 171
176 177 181
176 181 180
182 180 181
177 183 181
177 184 183
182 181 185
182 185 186
180 187 170
182 187 180
182 188 187
170 187 145
145 187 188
188 189 145
189 119 145
189 190 119
122 119 190
182 191 188
192 191 182
192 182 193
189 194 190
122 190 195
194 195 190
196 122 195
194 197 195
196 195 197
196 198 122
84 122 198
199 84 198
199 198 196
199 200 84
84 200 61
200 201 61
61 201 70
196 197 202
196 202 203
196 203 199
204 199 203
197 205 202
204 206 199
206 200 199
207 206 204
197 208 205
194 208 197
206 209 200
200 209 201
207 210 206
210 209 206
211 210 207
211 212 210
213 212 211
210 214 209
214 210 212
215 201 209
215 209 214
214 212 216
216 215 214
213 217 212
216 212 217
218 201 215
218 70 201
219 217 213
219 213 220
221 219 220
222 70 218
222 69 70
221 223 219
223 221 224
223 224 225
225 224 226
227 219 223
227 223 225
228 217 219
227 228 219
225 226 229
229 226 230
228 231 217
216 217 231
227 232 228
231 228 232
227 225 233
233 225 229
231 234 216
216 234 215
227 235 232
233 235 227
231 232 236
231 236 234
237 215 234
237 218 215
238 236 232
235 238 232
239 234 236
239 237 234
238 239 236
218 237 240
218 240 222
241 237 239
238 241 239
241 240 237
222 240 242
243 240 241
243 242 240
222 242 244
244 69 222
244 245 69
245 56 69
245 246 56
56 246 47
246 247 47
40 47 247
40 247 248
246 249 247
248 247 249
246 245 250
246 250 249
251 245 244
251 250 245
244 242 252
244 252 251
250 253 249
248 249 253
250 254 253
251 254 250
40 248 255
40 255 44
242 256 252
242 243 256
257 253 254
257 248 253
257 258 248
248 258 259
248 259 255
259 44 255
259 260 44
44 260 261
44 261 262
257 254 263
263 254 264
263 264 265
251 264 254
265 264 266
251 266 264
265 266 267
251 252 266
267 266 268
268 266 252
267 268 269
268 252 256
268 270 269
256 271 268
268 271 270
256 272 271
272 256 243
273 270 271
273 274 270
272 243 275
275 243 241
276 271 272
276 273 271
276 272 275
274 273 277
274 277 278
275 241 279
238 279 241
276 275 280
279 280 275
281 273 276
281 277 273
280 281 276
278 277 282
278 282 283
284 279 238
235 284 238
279 285 280
284 285 279
286 277 281
286 282 277
280 287 281
285 287 280
286 281 287
283 282 288
283 288 289
284 290 285
285 290 287
235 291 284
284 291 290
286 287 292
290 292 287
293 282 286
293 288 282
292 293 286
289 288 294
289 294 295
290 296 292
296 290 291
235 297 291
233 297 235
298 288 293
298 294 288
292 299 293
296 299 292
298 293 299
300 295 294
300 301 295
302 294 298
302 300 294
303 301 300
303 300 302
303 304 301
303 302 305
298 299 306
306 302 298
305 302 307
306 307 302
305 307 308
306 299 309
296 309 299
310 307 306
306 309 310
308 307 311
310 311 307
309 312 310
312 311 310
296 313 309
309 313 312
308 311 314
314 315 308
312 316 311
316 314 311
296 317 313
296 291 317
317 291 297
314 318 315
319 315 318
319 318 320
321 319 320
322 321 320
323 318 314
320 318 323
322 320 324
320 323 324
322 324 325
323 325 324
322 325 326
325 327 326
323 314 328
316 328 314
323 329 325
329 323 328
325 330 327
331 325 329
331 330 325
327 330 332
327 332 333
334 333 332
330 331 335
330 335 332
334 332 336
334 336 337
338 336 332
337 336 338
338 332 335
337 338 339
337 339 340
340 339 341
338 341 339
340 341 342
343 338 335
338 343 341
331 344 335
343 335 344
331 345 344
329 345 331
346 343 344
346 344 345
341 343 347
346 347 343
342 341 348
341 347 348
329 349 345
329 328 349
346 345 350
349 350 345
351 349 328
349 351 350
351 328 316
352 347 346
352 346 350
353 351 316
353 316 312
312 313 353
354 350 351
354 351 353
313 354 353
352 350 354
313 355 354
354 355 352
317 355 313
352 356 347
356 352 355
348 347 356
317 357 355
317 297 357
356 355 358
358 355 357
359 357 297
358 357 359
359 297 233
233 229 359
359 229 360
359 360 358
229 230 360
358 361 356
348 356 361
358 360 361
360 230 362
360 362 361
362 230 363
364 362 363
365 348 361
365 361 362
364 365 362
342 348 365
366 365 364
366 342 365
367 368 49
369 370 371
372 370 373
373 370 374
375 370 376
375 376 377
377 376 378
376 379 378
377 378 380
370 381 376
376 381 379
382 381 370
379 381 382
383 382 370
383 384 382
379 382 385
386 385 382
386 382 387
385 388 379
389 388 385
390 389 385
390 391 389
388 389 392
388 392 393
379 388 394
395 394 388
395 388 396
379 394 397
379 397 378
398 397 394
398 394 399
378 397 400
400 397 401
400 401 402
378 400 403
378 403 404
400 405 406
407 408 409
410 411 407
412 407 411
412 411 413
410 407 414
414 407 415
410 416 411
410 417 416
418 411 416
418 416 417
418 419 411
411 419 420
411 420 421
422 419 418
419 422 423
418 417 424
422 418 425
424 425 418
426 424 417
424 427 425
427 424 426
428 425 427
429 422 425
428 429 425
427 426 430
427 430 428
431 428 430
429 432 422
429 433 432
432 434 422
432 435 434
436 432 433
436 433 437
438 429 428
429 438 433
439 430 426
431 430 440
439 440 430
431 441 428
438 428 442
442 428 441
433 438 443
438 442 444
438 444 443
444 445 443
442 441 446
441 431 447
447 446 441
442 446 448
442 448 444
444 448 449
450 448 446
447 450 446
450 451 448
451 449 448
447 452 450
452 451 450
444 453 445
444 449 453
454 447 431
447 454 452
445 453 455
455 453 449
445 456 443
457 443 456
433 443 457
433 457 458
433 458 459
456 460 457
456 461 460
456 445 462
463 456 462
463 462 464
465 462 445
466 462 465
466 465 467
465 445 468
445 455 468
468 469 465
469 470 465
469 471 470
455 472 468
468 473 469
468 472 473
472 469 473
472 455 474
455 449 474
472 475 469
475 476 469
475 477 476
472 474 478
475 472 478
475 478 479
480 475 479
480 481 475
482 479 478
474 482 478
479 482 483
479 483 484
485 474 449
482 474 486
485 486 474
485 449 487
451 487 449
487 451 488
452 488 451
489 488 452
487 488 490
490 488 489
485 487 491
490 491 487
489 452 492
454 492 452
482 486 493
482 493 494
482 494 495
496 486 485
497 493 486
497 486 496
498 493 497
498 499 493
496 485 500
500 485 491
501 497 496
500 501 496
501 502 497
502 503 497
502 504 503
500 491 505
506 505 491
490 506 491
500 507 501
508 500 505
508 507 500
506 509 505
508 505 509
508 509 510
510 511 508
507 508 511
507 512 501
512 502 501
507 511 512
490 513 506
513 509 506
490 514 513
490 489 514
515 513 514
515 514 489
512 516 502
502 516 517
502 517 518
512 519 516
512 511 519
520 519 511
521 516 519
521 522 516
523 519 520
523 520 524
520 511 525
525 511 510
510 520 525
510 526 520
527 520 526
527 528 520
529 526 510
529 510 530
529 531 526
531 529 530
532 526 531
532 531 533
530 510 534
509 534 510
509 535 534
513 535 509
531 530 536
536 537 531
536 538 537
534 539 530
535 539 534
540 535 513
515 540 513
535 541 539
540 541 535
542 536 530
543 536 542
543 544 536
530 539 545
542 530 545
546 539 541
539 546 545
547 542 545
547 545 546
548 542 547
548 547 549
550 541 540
546 541 550
546 551 547
546 550 551
552 551 550
547 551 553
547 553 554
552 555 551
552 556 555
550 540 557
552 550 557
552 557 558
540 515 557
557 515 558
558 515 559
559 515 489
559 489 560
492 560 489
552 558 561
562 552 561
562 563 552
559 560 564
492 565 560
564 560 565
566 565 492
564 565 567
566 567 565
566 492 568
454 568 492
569 568 454
569 566 568
569 454 570
454 431 570
571 570 431
431 440 571
566 572 567
566 573 572
566 569 573
569 574 573
567 572 575
569 576 574
570 576 569
577 574 576
567 575 578
564 567 578
570 579 576
571 579 570
577 576 580
580 576 579
580 581 577
580 582 581
583 581 582
580 579 584
584 582 580
585 579 571
585 584 579
584 586 582
585 586 584
583 582 587
587 582 586
571 588 585
571 440 588
589 583 587
589 590 583
591 590 589
592 588 440
592 440 439
591 589 593
594 591 593
594 593 595
596 594 595
597 593 589
595 593 597
598 589 587
597 589 598
596 595 599
599 600 596
598 587 601
587 586 601
597 598 602
601 602 598
595 597 603
599 595 603
601 586 604
585 604 586
597 602 605
605 603 597
601 606 602
601 604 606
585 607 604
585 588 607
608 602 606
605 602 608
604 609 606
604 607 609
608 606 609
610 607 588
610 588 592
611 609 607
608 609 611
611 607 610
612 610 592
613 611 610
613 610 612
612 592 614
439 614 592
439 615 614
426 615 439
426 616 615
426 417 616
616 417 617
410 617 417
410 618 617
616 617 619
618 619 617
616 620 615
616 619 620
615 621 614
615 620 621
622 612 614
622 614 621
623 620 619
618 623 619
623 624 620
624 621 620
410 625 618
410 414 625
626 612 622
626 613 612
627 624 623
627 623 618
627 618 628
618 629 628
618 625 629
629 625 414
629 414 630
414 631 630
414 632 631
627 633 624
634 624 633
624 634 621
634 633 635
621 634 636
636 634 635
621 636 622
636 635 637
622 636 638
638 636 637
638 637 639
622 638 626
638 639 640
626 638 641
638 640 641
626 641 642
642 613 626
643 641 640
643 640 644
642 645 613
645 611 613
646 642 641
646 641 643
646 645 642
647 643 644
647 644 648
645 649 611
608 611 649
646 650 645
649 645 650
643 651 646
643 647 651
651 650 646
652 647 648
652 648 653
654 608 649
605 608 654
655 651 647
655 647 652
649 650 656
654 649 656
651 657 650
657 656 650
655 657 651
653 658 652
653 659 658
654 656 660
657 660 656
605 654 661
654 660 661
655 662 657
662 660 657
652 663 655
652 658 663
663 662 655
664 658 659
664 659 665
662 666 660
661 660 666
605 661 667
605 667 603
668 663 658
668 658 664
663 669 662
669 666 662
668 669 663
665 670 664
665 671 670
664 672 668
664 670 672
673 670 671
673 672 670
673 671 674
673 675 672
668 676 669
672 676 668
675 677 672
672 677 676
675 678 677
676 679 669
669 679 666
680 676 677
676 680 679
681 677 678
680 677 681
682 679 680
681 682 680
683 666 679
683 679 682
681 678 684
684 678 685
681 686 682
684 686 681
683 687 666
661 666 687
667 661 687
684 685 688
689 688 685
689 690 688
691 690 689
692 690 691
693 684 688
690 693 688
692 694 690
690 694 693
692 695 694
693 694 695
692 696 695
695 696 697
693 698 684
684 698 686
693 695 699
699 698 693
695 697 700
701 699 695
701 695 700
697 702 700
697 703 702
704 702 703
700 705 701
700 702 705
704 706 702
704 707 706
708 702 706
707 708 706
708 705 702
707 709 708
707 710 709
710 711 709
708 709 711
710 712 711
713 705 708
708 711 713
701 705 714
713 714 705
701 714 715
699 701 715
713 716 714
715 714 716
711 717 713
713 717 716
712 718 711
711 718 717
699 715 719
699 719 698
715 716 720
719 715 720
698 719 721
719 720 721
698 721 686
717 722 716
720 716 722
686 721 723
686 723 682
683 682 723
721 720 724
721 724 723
724 683 723
720 722 724
725 683 724
725 724 722
725 687 683
717 726 722
725 722 726
726 717 718
725 727 687
667 687 727
725 726 728
727 725 728
729 667 727
727 728 729
729 603 667
599 603 729
729 730 599
729 728 730
599 730 600
731 728 726
726 718 731
731 730 728
600 730 732
732 730 731
600 732 733
732 734 733
731 718 735
731 735 732
732 735 734
712 735 718
735 736 734
735 712 736
737 419 738
739 740 741
742 743 744
745 746 747
746 748 749
748 746 750
746 751 750
752 753 754
753 755 756
753 757 755
755 757 758
759 757 753
759 760 757
759 753 761
759 761 762
755 763 764
764 765 755
766 767 764
768 769 770
769 771 772
772 773 769
773 774 769
775 776 777
778 779 777
779 780 777
777 780 781
782 777 781
783 784 785
786 787 784
788 784 787
788 789 784
790 791 792
793 794 791
793 791 795
791 796 795
791 797 796
798 797 791
799 798 791
800 797 798
801 802 798
798 803 801
801 804 805
806 807 808
809 810 807
807 811 809
807 812 811
813 814 815
813 816 817
813 818 816
819 818 813
819 813 820
821 822 823
824 822 825
826 822 824
822 826 827
822 827 828
828 829 822
828 830 829
831 826 824
832 827 826
831 832 826
833 828 827
828 833 834
828 834 835
832 836 827
833 827 837
836 837 827
838 836 832
831 839 832
838 832 839
839 831 840
836 841 837
841 836 838
837 842 833
843 833 842
843 844 833
841 845 837
837 845 842
846 838 839
840 847 839
846 839 847
841 838 848
841 849 845
848 849 841
850 848 838
850 838 846
850 846 851
847 852 846
851 846 852
853 849 848
848 850 853
854 842 845
842 854 855
842 855 856
849 857 845
854 845 857
858 849 853
849 858 857
859 854 857
860 854 859
860 861 854
862 857 858
859 857 862
850 863 853
850 864 863
850 851 864
858 853 865
853 863 866
853 866 865
867 863 864
851 868 864
867 864 868
866 863 869
867 869 863
862 870 859
871 859 870
871 872 859
862 858 873
865 874 858
873 858 874
862 875 870
875 862 873
876 867 868
867 877 869
876 877 867
865 878 874
879 878 865
879 865 866
880 873 874
875 873 881
880 881 873
878 882 874
880 874 882
876 868 883
883 868 884
851 884 868
884 851 885
883 884 886
886 884 885
885 851 887
851 852 887
883 888 876
883 889 888
886 889 883
886 890 889
890 886 891
888 892 876
888 893 892
876 892 877
886 894 891
886 885 894
894 895 891
896 895 894
896 894 885
896 897 895
887 898 885
896 885 898
899 897 896
899 896 898
899 900 897
893 901 892
893 902 901
901 902 903
904 898 887
852 904 887
905 900 899
905 906 900
905 907 906
899 898 908
908 905 899
904 908 898
905 909 907
909 905 908
909 910 907
908 904 911
908 911 909
909 912 910
912 909 911
913 910 912
852 914 904
911 904 914
913 912 915
916 913 915
912 911 917
915 912 917
916 915 918
919 916 918
914 852 920
847 920 852
911 914 921
917 911 921
915 917 922
918 915 922
919 918 923
923 924 919
920 847 925
840 925 847
926 921 914
914 920 926
917 921 927
927 922 917
918 922 928
928 923 918
926 929 921
929 927 921
930 929 926
930 931 929
920 932 926
926 932 933
928 922 934
927 934 922
932 920 935
920 925 935
935 925 936
840 936 925
929 937 927
929 938 937
929 939 938
940 927 937
940 934 927
937 941 940
937 942 941
943 934 940
943 940 944
943 944 945
943 946 934
928 934 946
943 947 946
948 947 943
948 949 947
950 928 946
950 946 947
928 950 923
951 950 947
947 952 951
953 923 950
951 953 950
953 954 923
923 954 924
955 924 954
953 955 954
955 956 924
951 957 953
953 957 955
956 955 958
956 958 959
951 960 957
960 951 961
962 955 957
962 958 955
959 958 963
959 963 964
957 960 965
957 965 962
958 962 966
958 966 963
964 963 967
964 967 968
962 965 969
962 969 966
970 965 960
970 969 965
971 970 960
971 960 972
963 966 973
963 973 967
974 968 967
974 975 968
976 966 969
976 973 966
970 977 969
977 976 969
970 978 977
970 979 978
967 973 980
967 980 974
981 975 974
981 982 975
981 983 982
974 984 981
984 974 980
981 985 983
984 985 981
985 986 983
985 987 986
987 988 986
985 984 989
985 989 987
987 990 988
990 991 988
987 992 990
987 989 992
993 991 990
993 990 992
994 991 993
993 995 994
996 989 984
984 980 996
993 997 995
997 998 995
999 992 989
996 999 989
992 999 1000
993 992 1001
997 993 1001
1001 992 1000
1002 999 996
1000 999 1002
980 1003 996
1002 996 1003
997 1001 1004
1000 1004 1001
997 1005 998
1005 997 1004
980 1006 1003
973 1006 980
973 976 1006
998 1005 1007
998 1007 1008
1008 1007 1009
1008 1009 1010
1009 1011 1010
1009 1012 1011
1013 1011 1012
1013 1012 1014
1014 1015 1013
1009 1016 1012
1016 1014 1012
1017 1009 1007
1009 1017 1016
1005 1018 1007
1017 1007 1018
1014 1019 1015
1019 1020 1015
1016 1021 1014
1021 1019 1014
1017 1022 1016
1021 1016 1022
1005 1023 1018
1005 1004 1023
1018 1024 1017
1017 1024 1022
1023 1004 1025
1000 1025 1004
1023 1026 1018
1018 1026 1024
1023 1025 1027
1023 1027 1026
1028 1025 1000
1028 1027 1025
1028 1000 1029
1000 1002 1029
1024 1030 1022
1026 1031 1024
1024 1031 1030
1032 1026 1027
1028 1033 1027
1033 1032 1027
1026 1034 1031
1032 1034 1026
1034 1035 1031
1030 1031 1036
1035 1036 1031
1037 1034 1032
1034 1037 1035
1038 1029 1002
1038 1002 1039
1003 1039 1002
1003 1040 1039
1040 1003 1006
1040 1006 1041
1041 1006 976
1042 1040 1041
1042 1041 1043
1041 976 1044
977 1044 976
1044 977 1045
1044 1045 1046
1041 1044 1047
1041 1047 1048
1039 1040 1049
1040 1050 1049
1049 1051 1039
1039 1051 1052
1039 1052 1038
1053 1038 1052
1051 1054 1052
1054 1053 1052
1053 1055 1038
1029 1038 1055
1029 1055 1056
1028 1029 1056
1028 1056 1057
1057 1033 1028
1049 1058 1051
1058 1049 1059
1051 1060 1054
1060 1051 1058
1055 1053 1061
1056 1055 1062
1061 1062 1055
1063 1057 1056
1033 1057 1064
1057 1063 1064
1056 1062 1065
1063 1056 1065
1062 1066 1065
1065 1067 1063
1065 1066 1067
1061 1068 1062
1062 1068 1066
1063 1069 1064
1063 1067 1069
1070 1033 1064
1064 1069 1071
1064 1071 1070
1070 1072 1033
1033 1072 1032
1073 1032 1072
1037 1032 1073
1067 1074 1069
1075 1067 1066
1067 1075 1074
1076 1071 1069
1076 1069 1074
1077 1074 1075
1077 1075 1078
1074 1079 1076
1074 1080 1079
1075 1066 1081
1081 1082 1075
1081 1083 1082
1084 1081 1066
1084 1066 1068
1081 1084 1085
1081 1085 1086
1068 1087 1084
1087 1088 1084
1061 1087 1068
1061 1089 1087
1090 1087 1089
1090 1091 1087
1061 1092 1089
1061 1053 1092
1089 1092 1093
1089 1093 1094
1094 1095 1089
1053 1096 1092
1093 1092 1097
1096 1097 1092
1098 1096 1053
1098 1053 1054
1099 1097 1096
1098 1099 1096
1098 1100 1099
1101 1099 1100
1102 1098 1054
1098 1102 1100
1097 1099 1103
1099 1101 1103
1102 1054 1104
1060 1104 1054
1093 1097 1105
1097 1103 1106
1097 1106 1105
1105 1107 1093
1106 1108 1105
1107 1105 1108
1103 1109 1106
1106 1109 1108
1101 1110 1103
1103 1110 1109
1093 1107 1111
1093 1111 1094
1112 1094 1111
1113 1111 1107
1111 1113 1114
1111 1114 1115
1113 1107 1116
1116 1107 1108
1116 1117 1113
1117 1118 1113
1117 1119 1118
1108 1120 1116
1116 1120 1117
1121 1108 1109
1108 1121 1120
1121 1109 1122
1122 1109 1110
1123 1117 1120
1120 1121 1124
1120 1124 1123
1123 1125 1117
1125 1126 1117
1125 1127 1126
1123 1128 1125
1128 1129 1125
1128 1130 1129
1123 1124 1131
1123 1131 1128
1121 1122 1132
1122 1110 1133
1132 1122 1133
1134 1121 1132
1121 1134 1124
1135 1134 1132
1132 1133 1135
1134 1136 1124
1135 1136 1134
1124 1137 1131
1124 1136 1137
1133 1110 1138
1110 1101 1138
1139 1128 1131
1128 1139 1140
1131 1137 1141
1131 1141 1139
1142 1135 1133
1143 1136 1135
1143 1135 1142
1142 1133 1144
1133 1138 1144
1145 1144 1138
1142 1146 1143
1146 1142 1144
1136 1143 1147
1146 1147 1143
1136 1148 1137
1136 1147 1148
1137 1149 1141
1137 1148 1149
1139 1141 1150
1141 1149 1150
1146 1144 1151
1145 1151 1144
1148 1147 1152
1148 1152 1149
1146 1153 1147
1153 1146 1151
1147 1153 1152
1149 1152 1154
1149 1154 1150
1139 1150 1155
1156 1139 1155
1153 1157 1152
1157 1154 1152
1151 1158 1153
1145 1159 1151
1151 1159 1158
1145 1160 1159
1153 1161 1157
1153 1158 1161
1157 1161 1162
1158 1163 1161
1163 1162 1161
1164 1158 1159
1158 1164 1163
1157 1165 1154
1157 1162 1165
1166 1154 1165
1162 1166 1165
1145 1167 1160
1145 1168 1167
1160 1169 1159
1164 1159 1169
1166 1170 1154
1150 1154 1170
1145 1171 1168
1145 1138 1171
1138 1101 1171
1101 1168 1171
1150 1170 1172
1150 1172 1155
1101 1173 1168
1174 1168 1173
1173 1101 1100
1173 1100 1174
1170 1175 1172
1172 1176 1155
1172 1175 1176
1177 1175 1170
1166 1177 1170
1178 1155 1176
1178 1179 1155
1176 1175 1180
1180 1175 1177
1178 1176 1181
1176 1180 1181
1166 1182 1177
1180 1177 1183
1182 1183 1177
1166 1184 1182
1184 1185 1182
1162 1184 1166
1162 1185 1184
1186 1185 1162
1163 1186 1162
1178 1181 1187
1178 1187 1188
1181 1180 1189
1190 1180 1183
1190 1189 1180
1191 1187 1181
1181 1189 1191
1182 1192 1183
1192 1182 1193
1193 1182 1185
1194 1183 1192
1194 1190 1183
1193 1194 1192
1190 1195 1189
1196 1190 1194
1190 1196 1195
1191 1189 1070
1189 1195 1070
1191 1070 1071
1072 1070 1195
1197 1191 1071
1197 1071 1076
1191 1197 1187
1198 1197 1076
1198 1076 1199
1200 1187 1197
1200 1197 1201
1072 1195 1202
1202 1195 1196
1073 1072 1202
1203 1073 1202
1202 1196 1204
1203 1202 1204
1205 1073 1203
1205 1037 1073
1206 1037 1205
1206 1035 1037
1207 1035 1206
1035 1207 1036
1208 1205 1203
1209 1206 1205
1209 1205 1208
1210 1203 1204
1208 1203 1210
1206 1211 1207
1206 1209 1211
1212 1204 1196
1210 1204 1213
1212 1213 1204
1214 1210 1213
1212 1214 1213
1215 1208 1210
1214 1215 1210
1216 1209 1208
1215 1216 1208
1217 1212 1196
1217 1196 1194
1193 1217 1194
1214 1212 1218
1218 1212 1217
1219 1215 1214
1219 1214 1218
1219 1220 1215
1220 1216 1215
1219 1218 1221
1220 1222 1216
1218 1223 1221
1224 1209 1216
1222 1224 1216
1222 1225 1224
1224 1211 1209
1217 1226 1218
1218 1226 1223
1226 1227 1223
1217 1193 1226
1226 1228 1227
1193 1228 1226
1193 1185 1228
1225 1229 1224
1211 1224 1229
1225 1230 1229
1211 1229 1231
1232 1211 1231
1232 1207 1211
1233 1207 1232
1233 1036 1207
1234 1036 1233
1228 1185 1235
1228 1235 1236
1237 1235 1185
1238 1235 1237
1238 1237 1239
1237 1185 1186
1237 1240 1239
1186 1241 1237
1237 1241 1240
1186 1163 1241
1242 1240 1241
1036 1234 1243
1030 1036 1243
1234 1244 1243
1243 1244 1030
1245 1244 1234
1244 1245 1246
1247 1244 1246
1030 1244 1248
1247 1248 1244
1030 1248 1022
1247 1249 1248
1247 1250 1249
1251 1022 1248
1249 1251 1248
1021 1022 1251
1252 1249 1250
1252 1250 1253
1252 1253 1254
1249 1255 1251
1021 1251 1255
1252 1255 1249
1021 1255 1256
1021 1256 1019
1252 1257 1255
1256 1255 1257
1252 1254 1258
1258 1257 1252
1019 1256 1259
1256 1257 1259
1254 1260 1258
1261 1260 1254
1258 1262 1257
1259 1257 1262
1258 1260 1262
1019 1259 1263
1019 1263 1020
1261 1264 1260
1261 1265 1264
1264 1265 1266
1259 1262 1267
1267 1263 1259
1020 1263 1268
1267 1268 1263
1020 1268 1269
1262 1260 1270
1262 1270 1267
1270 1260 1264
1268 1267 1270
1271 1269 1268
1268 1270 1271
1271 1272 1269
1273 1270 1264
1273 1271 1270
1272 1271 1273
1264 1266 1273
1272 1273 1274
1274 1273 1266
1274 1266 1275
1276 1277 1278
1276 1279 932
932 935 1276
1280 1276 935
935 936 1280
1280 1281 1276
1282 1276 1281
1282 1281 1283
1284 1281 1280
1280 936 1104
1280 1104 1284
1102 1104 936
1060 1284 1104
1102 936 1285
1285 1100 1102
1285 936 840
1284 1286 1281
1287 1281 1286
1287 1286 1288
1284 1060 1289
1284 1289 1286
1060 1058 1289
1290 1286 1289
1290 1291 1286
1292 1289 1058
1292 1293 1289
1285 840 1294
1285 1294 1295
1285 1295 1100
1174 1100 1295
840 1296 1294
840 831 1296
1295 1294 1297
1294 1296 1297
831 1298 1296
831 824 1298
1299 1298 824
1299 824 1300
1298 1301 1296
1301 1297 1296
1295 1302 1174
1297 1302 1295
1298 1303 1301
1304 1303 1298
1301 1305 1297
1297 1306 1302
1297 1305 1306
1301 1303 1307
1308 1307 1303
1305 1301 1309
1301 1307 1309
1306 1305 1310
1309 1310 1305
1302 1306 1311
1306 1310 1311
1174 1302 1312
1302 1311 1312
1313 1309 1307
1307 1314 1313
1307 1315 1314
1313 1316 1309
1316 1310 1309
1316 1313 1317
1317 1313 1318
1317 1318 1319
1310 1316 1320
1316 1317 1320
1321 1311 1310
1310 1320 1321
1322 1312 1311
1321 1322 1311
1323 1320 1317
1320 1324 1321
1320 1323 1324
1323 1317 1325
1325 1317 1326
1325 1326 1327
1323 1325 1328
1328 1325 1329
1328 1329 1330
1323 1331 1324
1323 1328 1331
1322 1332 1312
1321 1333 1322
1333 1332 1322
1334 1333 1321
1321 1324 1334
1335 1333 1334
1333 1335 1332
1334 1324 1336
1335 1334 1336
1324 1331 1337
1324 1337 1336
1332 1338 1312
1312 1338 1174
1338 1339 1174
1340 1339 1338
1174 1339 1168
1340 1168 1339
1340 1341 1168
1340 1160 1341
1332 1342 1338
1340 1338 1342
1343 1332 1335
1343 1342 1332
1344 1343 1335
1344 1335 1336
1345 1342 1343
1343 1344 1345
1340 1342 1346
1345 1346 1342
1336 1347 1344
1345 1344 1347
1340 1348 1160
1340 1346 1348
1349 1346 1345
1345 1347 1349
1336 1350 1347
1336 1337 1350
1350 1351 1347
1347 1351 1349
1337 1352 1350
1350 1352 1351
1346 1353 1348
1346 1349 1353
1337 1354 1352
1331 1354 1337
1331 1355 1354
1355 1331 1328
1328 1356 1355
1354 1357 1352
1355 1357 1354
1352 1358 1351
1352 1357 1358
1349 1351 1359
1359 1351 1358
1349 1360 1353
1349 1359 1360
1353 1360 1361
1359 1362 1360
1361 1360 1362
1355 1363 1357
1364 1363 1355
1359 1358 1365
1359 1365 1362
1366 1365 1358
1362 1365 1366
1357 1367 1358
1366 1358 1367
1353 1361 1368
1368 1348 1353
1357 1363 1369
1357 1369 1367
1368 1370 1348
1160 1348 1370
1160 1370 1371
1160 1371 1169
1372 1370 1368
1371 1370 1372
1371 1373 1169
1373 1164 1169
1374 1368 1361
1372 1368 1374
1371 1372 1375
1371 1375 1373
1373 1376 1164
1376 1163 1164
1374 1377 1372
1377 1375 1372
1378 1373 1375
1376 1373 1378
1376 1379 1163
1379 1241 1163
1377 1380 1375
1378 1375 1380
1376 1378 1381
1379 1376 1381
1379 1382 1241
1242 1241 1382
1242 1382 1383
1242 1383 1384
1379 1385 1382
1379 1386 1385
1379 1381 1386
1381 1378 1387
1387 1378 1380
1381 1388 1386
1381 1387 1388
1386 1388 1389
1390 1386 1389
1388 1391 1389
1388 1392 1391
1393 1392 1388
1393 1388 1387
1394 1393 1387
1387 1380 1395
1394 1387 1395
1396 1395 1380
1394 1395 1396
1396 1380 1377
1394 1396 1397
1398 1396 1377
1374 1398 1377
1397 1396 1399
1398 1399 1396
1397 1399 1400
1399 1401 1400
1399 1402 1401
1399 1403 1402
1398 1403 1399
1404 1402 1403
1405 1398 1374
1405 1403 1398
1405 1406 1403
1374 1361 1405
1405 1407 1406
1405 1361 1408
1405 1408 1407
1409 1408 1361
1361 1362 1409
1409 1362 1410
1411 1407 1408
1411 1412 1407
1411 1413 1412
1411 1408 1414
1409 1415 1408
1415 1414 1408
1415 1409 1410
1415 1416 1414
1417 1416 1415
1417 1415 1418
1415 1410 1418
1362 1419 1410
1362 1366 1419
1366 1420 1419
1419 1420 1410
1421 1418 1410
1421 1422 1418
1423 1421 1410
1423 1410 1420
1366 1424 1420
1366 1367 1424
1423 1425 1421
1425 1426 1421
1425 1427 1426
1428 1427 1425
1428 1429 1427
1430 1429 1428
1424 1367 1431
1367 1369 1431
1369 1432 1431
1369 1363 1432
881 1424 1431
1432 881 1431
1433 1432 1363
1433 1363 1434
1432 875 881
1433 875 1432
1433 870 875
1433 1435 870
881 1436 1424
880 1436 881
1420 1424 1436
1437 1436 880
882 1437 880
1420 1436 1438
1437 1438 1436
1438 1423 1420
1423 1438 1437
1423 1437 1439
1439 1437 882
1439 1425 1423
1439 1428 1425
1439 882 1440
1428 1439 1440
1440 882 1441
878 1441 882
1442 1428 1440
1430 1428 1442
1443 1441 878
1443 878 879
1440 1441 1444
1440 1444 1442
1445 1444 1441
1442 1444 1445
1445 1441 1443
1430 1442 1446
1442 1445 1446
1430 1446 1447
1448 1445 1443
1446 1445 1448
1447 1446 1449
1446 1448 1449
1447 1449 1450
1451 1443 879
1448 1443 1451
1450 1449 1452
1450 1452 1453
1449 1448 1454
1454 1448 1451
1452 1449 1454
1451 879 1455
1455 879 866
1453 1452 1456
1453 1456 1457
1458 1456 1452
1452 1454 1458
1458 1459 1456
1460 1459 1458
1454 1451 1461
1461 1458 1454
1461 1451 1455
1460 1458 1462
1461 1462 1458
1463 1460 1462
1455 866 1464
866 869 1464
1461 1455 1465
1462 1461 1465
1464 1465 1455
1463 1462 1466
1465 1466 1462
1467 1463 1466
1464 1468 1465
869 1468 1464
1465 1468 1466
869 1469 1468
877 1469 869
1470 1466 1468
1469 1470 1468
1466 1471 1467
1470 1471 1466
1467 1471 1472
1471 1470 1472
1473 1467 1472
1472 1474 1473
1475 1474 1472
877 1476 1469
1476 877 892
1476 892 901
1469 1477 1470
1476 1477 1469
1472 1470 1478
1475 1472 1478
1470 1477 1478
901 1479 1476
1476 1479 1477
1475 1478 1480
1475 1480 1481
1477 1482 1478
1480 1478 1482
1483 1481 1480
1483 1484 1481
1483 1485 1484
1486 1482 1477
1486 1477 1479
1480 1482 1487
1483 1480 1487
1487 1482 1486
901 1488 1479
901 903 1488
1489 1488 903
1479 1488 1490
1489 1490 1488
1479 1490 1486
1490 1489 1491
1490 1491 1492
1486 1490 1492
1492 1491 1493
1487 1486 1494
1486 1492 1494
1483 1487 1495
1495 1487 1494
1492 1496 1494
1495 1494 1496
1492 1493 1497
1492 1497 1496
1498 1483 1495
1483 1498 1485
1493 1499 1497
1493 1500 1499
1496 1501 1495
1498 1495 1501
1502 1485 1498
1498 1501 1502
1503 1485 1502
1504 1496 1497
1496 1504 1501
1504 1497 1499
1501 1504 1505
1501 1505 1502
1499 1505 1504
1506 1499 1500
1499 1506 1505
1506 1500 1507
1503 1502 1508
1505 1508 1502
1503 1508 1509
1508 1510 1509
1507 1511 1506
1511 1505 1506
1511 1508 1505
1508 1511 1510
1507 1512 1511
1512 1510 1511
1512 1513 1510
932 1514 1515
1516 1517 1328
1518 1519 870
1520 1521 1433
1522 824 1523
1524 1525 1084
1526 1527 1094
1058 1528 1529
1049 1530 1531
1532 1128 1533
1534 1187 1535
1536 1178 1537
1538 1539 1087
1540 1303 1541
1542 1543 1544
1545 1543 1546
1545 1547 1543
1547 1548 1543
1543 1548 1549
1543 1549 1550
1550 1551 1543
1550 1552 1551
1548 1553 1549
1548 1554 1553
1555 1553 1554
1547 1556 1548
1554 1548 1556
1557 1556 1547
1557 1547 1558
1555 1554 1559
1560 1555 1559
1559 1561 1560
1560 1562 1555
1560 1563 1562
1564 1559 1554
1559 1564 1561
1554 1556 1565
1564 1554 1565
1556 1566 1565
1556 1567 1566
1564 1565 1568
1564 1568 1569
1561 1564 1570
1561 1570 1571
1560 1572 1563
1572 1560 1561
1573 1563 1572
1573 1574 1563
1575 1574 1573
1572 1561 1576
1577 1576 1561
1572 1576 1578
1572 1578 1573
1578 1576 1579
1578 1579 1580
1575 1573 1581
1578 1581 1573
1582 1575 1581
1582 1583 1575
1578 1584 1581
1581 1584 1582
1585 1584 1578
1586 1583 1582
1586 1587 1583
1586 1588 1587
1589 1582 1584
1589 1586 1582
1590 1589 1584
1590 1591 1589
1592 1586 1589
1592 1589 1593
1592 1593 1594
1586 1595 1588
1592 1595 1586
1596 1588 1595
1596 1597 1588
1598 1597 1596
1598 1599 1597
1600 1595 1592
1596 1595 1600
1601 1596 1600
1602 1600 1592
1602 1603 1600
1604 1596 1605
1592 1606 1607
1608 1600 1609
1610 1565 1611
1612 1564 1613
1614 1561 1615
1616 1584 1617
1618 1619 1620
1621 1622 1623
1624 1625 1626
1627 1628 1629
1630 1631 1632
1633 1634 1635
1636 1637 1638
1639 1640 1641
1642 1643 1644
1645 1643 1646
1647 1646 1643
1647 1648 1646
1643 1649 1647
1646 1648 1650
1643 1651 1649
1643 1652 1651
1651 1653 1649
1646 1650 1654
1646 1654 1655
1651 1656 1653
1657 1656 1651
1658 1653 1656
1658 1656 1659
1660 1659 1656
1661 1658 1659
1650 1662 1654
1650 1663 1662
1664 1654 1662
1664 1665 1654
1663 1666 1662
1663 1667 1666
1666 1668 1662
1666 1669 1668
1670 1666 1667
1670 1671 1666
1672 1666 1671
1672 1671 1673
1671 1670 1674
1671 1674 1675
1676 1671 1675
1676 1677 1671
1674 1678 1675
1679 1675 1678
1679 1678 1680
1674 1681 1678
1681 1682 1678
1681 1683 1682
1682 1683 1684
1685 1678 1682
1685 1686 1678
1682 1684 1687
1687 1688 1682
1687 1689 1688
1684 1690 1687
1684 1691 1690
1692 1687 1690
1692 1693 1687
1694 1695 1696
1697 1698 1699
1699 1700 1701
1702 1703 1704
1705 1659 1706
1707 1659 1708
1661 1659 1707
1709 1661 1707
1709 1707 1710
1710 1707 1711
1710 1711 1712
1713 1709 1710
1713 1710 1714
1715 1713 1714
1710 1716 1714
1710 1717 1716
1715 1714 1718
1719 1718 1714
1719 1720 1718
1718 1721 1715
1718 1722 1721
1723 1722 1718
1723 1724 1722
1725 1721 1722
1725 1722 1726
1727 1725 1726
1728 1726 1722
1728 1722 1729
1727 1726 1730
1730 1726 1731
1730 1731 1732
1730 1733 1727
1730 1734 1733
1734 1735 1733
1736 1734 1730
1736 1730 1737
1734 1738 1735
1738 1734 1739
1738 1739 1740
1738 1741 1735
1738 1742 1741
1743 1742 1738
1744 1651 1745
1746 1747 1748
1749 1750 1748
1749 1748 1751
1751 1748 1752
1748 1753 1752
1748 1754 1753
1754 1748 1755
1754 1755 1756
1752 1753 1757
1752 1757 1758
1759 1758 1757
1751 1752 1760
1758 1760 1752
1761 1751 1760
1761 1762 1751
1759 1763 1758
1764 1763 1759
1763 1764 1765
1764 1759 1766
1764 1766 1767
1768 1758 1763
1763 1765 1768
1758 1769 1760
1768 1769 1758
1760 1769 1770
1760 1770 1771
1768 1772 1769
1768 1773 1772
1765 1774 1768
1765 1775 1774
1764 1767 1776
1776 1765 1764
1777 1776 1767
1777 1767 1778
1779 1777 1778
1776 1780 1765
1781 1765 1780
1776 1782 1780
1776 1777 1782
1782 1783 1780
1782 1784 1783
1779 1785 1777
1782 1777 1785
1786 1785 1779
1786 1779 1787
1782 1785 1788
1785 1786 1788
1789 1782 1788
1790 1786 1787
1790 1787 1791
1790 1791 1792
1793 1788 1786
1793 1786 1790
1794 1788 1793
1794 1793 1795
1796 1793 1790
1796 1797 1793
1796 1798 1797
1790 1792 1799
1796 1790 1799
1800 1799 1792
1800 1792 1801
1802 1800 1801
1802 1801 1803
1804 1796 1799
1800 1804 1799
1805 1804 1800
1806 1796 1804
1806 1804 1807
1808 1809 1800
1796 1810 1811
1812 1813 1804
1814 1815 1769
1816 1817 1768
1818 1819 1765
1820 1821 1788
1822 1823 1824
1825 1826 1827
1828 1829 1830
1831 1832 1833
1834 1835 1836
1837 1838 1839
1840 1841 1842
1843 1844 1845
1846 1847 1848
1849 1850 1848
1851 1848 1850
1851 1850 1852
1848 1851 1853
1850 1854 1852
1848 1853 1855
1848 1855 1856
1857 1855 1853
1850 1858 1854
1850 1859 1858
1857 1860 1855
1861 1855 1860
1860 1857 1862
1860 1862 1863
1864 1860 1863
1863 1862 1865
1854 1858 1866
1854 1866 1867
1868 1866 1858
1868 1858 1869
1867 1866 1870
1867 1870 1871
1870 1866 1872
1870 1872 1873
1874 1871 1870
1874 1870 1875
1876 1875 1870
1876 1877 1875
1875 1878 1874
1875 1879 1878
1880 1879 1875
1880 1875 1881
1878 1879 1882
1883 1882 1879
1883 1884 1882
1878 1882 1885
1885 1882 1886
1885 1886 1887
1886 1888 1887
1889 1886 1882
1889 1882 1890
1886 1891 1888
1891 1886 1892
1891 1892 1893
1888 1891 1894
1888 1894 1895
1896 1894 1891
1896 1891 1897
1898 1899 1900
1901 1902 1903
1902 1904 1905
1906 1907 1908
1909 1910 1863
1911 1912 1863
1863 1865 1911
1913 1911 1865
1913 1914 1911
1914 1915 1911
1914 1916 1915
1917 1914 1913
1917 1918 1914
1919 1918 1917
1914 1918 1920
1914 1920 1921
1919 1922 1918
1923 1918 1922
1923 1922 1924
1922 1919 1925
1922 1925 1926
1927 1922 1926
1927 1926 1928
1929 1926 1925
1929 1930 1926
1931 1930 1929
1932 1926 1930
1932 1933 1926
1931 1934 1930
1934 1935 1930
1934 1936 1935
1934 1931 1937
1934 1937 1938
1938 1937 1939
1940 1934 1938
1940 1941 1934
1938 1939 1942
1942 1943 1938
1942 1944 1943
1942 1939 1945
1942 1945 1946
1947 1942 1946
1948 1949 1855
1950 1951 1952
1953 1954 1955
1956 1957 1958
1959 1960 1961
1962 1963 1964
1965 1966 1964
1967 1968 1969
1969 1970 1971
1969 1971 1972
1973 1971 1974
1973 1975 1971
1976 1977 1973
1978 1979 1972
1978 1980 1979
1981 1978 1982
1981 1982 1983
1984 1975 1985
1984 1986 1975
1984 1987 1988
1989 1990 1986
1989 1991 1990
1992 1993 1991
1994 1990 1995
1994 1996 1990
1997 1998 1991
1997 1991 1999
2000 1996 2001
2000 2001 2002
2003 2004 2000
2003 2005 2004
2006 2007 2008
2009 2010 2011
2012 2013 2014
2015 2016 2017
2018 2019 2020
2021 2022 2023
2024 2025 2026
2027 2028 2029
2030 2031 2032
2033 2034 2035
2036 2037 2038
2039 2038 2040
2039 2040 2041
2042 2043 2044
2044 2045 2046
2044 2046 2047
2044 2047 2048
2049 2044 2048
2047 2050 2051
2047 2051 2052
2053 2054 2052
2053 2052 2055
2048 2056 2057
2058 2057 2056
2056 2048 2059
2056 2059 2060
2061 2056 2060
2059 2062 2063
2063 2062 2064
2065 2062 2059
2065 2066 2062
2067 2062 2066
2065 2068 2069
2070 2069 2068
2065 2071 2068
2068 2071 2072
2072 2073 2068
2074 2075 2071
2071 2076 2074
2076 2077 2074
2078 2079 2074
2078 2074 2080
2074 2081 2082
2074 2082 2083
2076 2084 2085
2076 2086 2084
2086 2087 2084
2085 2084 2088
2085 2088 2089
2090 2091 2084
2090 2092 2091
2093 2094 2086
2086 2094 2095
2096 2095 2094
2096 2094 2097
2098 2099 2094
2099 2100 2094
2099 2101 2100
2102 2103 2104
2105 2106 2107
2108 2109 2110
2111 2112 2113
2114 2115 2116
2117 2115 2118
2119 2120 2121
2120 2122 2123
2120 2124 2122
2125 2124 2126
2125 2126 2127
2128 2129 2125
2128 2130 2129
2131 2132 2122
2131 2122 2133
2134 2131 2135
2136 2137 2133
2136 2133 2138
2136 2139 2140
2141 2138 2142
2141 2142 2143
2144 2143 2145
2146 2147 2142
2146 2142 2148
2149 2150 2143
2149 2143 2151
2152 2153 2148
2152 2154 2153
2155 2152 2156
2155 2156 2157
2158 2159 2160
2161 2162 2163
2164 2165 2166
2167 2168 2169
2170 2171 2172
2173 2174 2175
2176 2177 2178
2179 2180 2181
2182 2183 2184
2185 2186 2187
2188 2189 2190
2191 2192 2189
2191 2193 2192
2194 2195 2196
2195 2197 2198
2195 2199 2197
2195 2200 2199
2201 2200 2195
2199 2202 2203
2199 2204 2202
2205 2206 2204
2205 2204 2207
2200 2208 2209
2210 2209 2208
2209 2211 2200
2209 2212 2211
2213 2212 2209
2211 2214 2215
2214 2216 2215
2217 2211 2215
2217 2215 2218
2219 2218 2215
2217 2220 2221
2222 2221 2220
2217 2221 2223
2221 2224 2223
2224 2221 2225
2226 2223 2227
2223 2226 2228
2228 2226 2229
2230 2231 2226
2230 2226 2232
2226 2233 2234
2226 2234 2235
2228 2236 2237
2228 2237 2238
2238 2237 2239
2236 2240 2237
2236 2241 2240
2242 2237 2243
2242 2243 2244
2245 2238 2246
2238 2247 2246
2248 2246 2247
2248 2249 2246
2250 2246 2251
2251 2246 2252
2251 2252 2253
2254 2255 2256
2257 2258 2259
2260 2261 2262
2263 2264 2265
2266 2267 2268
2269 2270 2271
2272 2273 2274
2275 2276 2273
2276 2277 2273
2278 2273 2277
2278 2277 2279
2280 2281 2273
2280 2282 2281
2276 2283 2284
2285 2283 2276
2285 2286 2283
2287 2283 2286
2287 2286 2288
2289 2290 2283
2289 2291 2290
2285 2292 2293
2294 2292 2285
2292 2294 2295
2292 2295 2296
2292 2296 2297
2292 2298 2299
2292 2299 2300
2301 2302 2294
2302 2301 2303
2304 2301 2294
2304 2305 2301
2306 2301 2305
2304 2307 2308
2309 2308 2307
2304 2310 2307
2310 2311 2307
2311 2312 2307
2313 2314 2310
2315 2314 2313
2313 2310 2316
2316 2317 2313
2318 2313 2317
2319 2316 2320
2321 2319 2320
2320 2316 2322
2322 2323 2320
2324 2320 2323
2325 2326 2322
2325 2322 2327
2328 2329 2330
2331 2332 2333
2331 2334 2335
2331 2336 2334
2337 2338 2334
2337 2334 2339
2337 2340 2341
2336 2342 2343
2336 2343 2344
2344 2343 2345
2344 2345 2346
2347 2345 2343
2347 2348 2345
2349 2350 2343
2349 2343 2351
2352 2353 2339
2352 2354 2353
2353 2355 2356
2357 2352 2358
2357 2358 2359
2360 2361 2357
2360 2357 2362
2358 2363 2364
2358 2364 2365
2366 2367 2363
2366 2363 2368
2369 2370 2365
2369 2365 2371
2372 2373 2374
2375 2376 2377
2378 2379 2380
2381 2382 2383
2384 2385 2386
2387 2388 2389
2390 2391 2392
2393 2394 2395
2395 2396 2397
2395 2397 2398
2399 2400 2401
2402 2403 2404
2405 2406 2407
2408 2409 2410
2411 2412 2413
2414 2415 2416
2417 2418 2419
2420 2419 2421
2421 2419 2422
2423 2422 2419
2423 2424 2422
2425 2419 2426
2425 2426 2427
2421 2428 2429
2430 2421 2429
2430 2429 2431
2432 2431 2429
2432 2433 2431
2434 2429 2435
2434 2435 2436
2430 2437 2438
2439 2430 2438
2438 2440 2439
2438 2441 2440
2438 2442 2441
2438 2443 2444
2438 2444 2445
2446 2439 2447
2447 2448 2446
2449 2439 2446
2449 2446 2450
2451 2450 2446
2449 2452 2453
2454 2453 2452
2449 2453 2455
2455 2453 2456
2456 2453 2457
2458 2455 2459
2460 2458 2459
2458 2461 2455
2461 2458 2462
2463 2462 2458
2464 2465 2461
2466 2465 2464
2465 2467 2461
2467 2465 2468
2469 2468 2465
2470 2471 2467
2470 2467 2472
2473 2474 2475
2476 2477 2478
2476 2479 2480
2476 2480 2481
2482 2480 2483
2482 2484 2480
2482 2485 2486
2481 2487 2488
2481 2489 2487
2489 2490 2487
2489 2491 2490
2492 2487 2490
2492 2490 2493
2494 2495 2487
2494 2487 2496
2497 2484 2498
2497 2498 2499
2498 2500 2501
2502 2503 2497
2502 2504 2503
2505 2506 2502
2505 2502 2507
2503 2508 2509
2503 2509 2510
2511 2512 2508
2511 2508 2513
2514 2515 2510
2514 2510 2516
2517 2518 2519
2520 2521 2522
2523 2524 2525
2526 2527 2528
2529 2530 2531
2532 2533 2534
2535 2536 2537
2538 2539 2540
2539 2541 2542
2539 2542 2543
2544 2545 2546
2547 2548 2546
2549 2547 2546
2549 2546 2550
2551 2550 2546
2546 2552 2551
2546 2553 2552
2551 2554 2550
2555 2554 2551
2555 2551 2556
2557 2556 2551
2558 2550 2554
2559 2550 2558
2559 2560 2550
2558 2554 2561
2561 2554 2555
2561 2562 2558
2563 2558 2562
2563 2562 2564
2561 2565 2562
2561 2555 2566
2565 2561 2566
2556 2567 2555
2566 2555 2567
2567 2556 2568
2566 2567 2569
2567 2570 2569
2567 2571 2570
2572 2566 2569
2565 2566 2572
2572 2569 2573
2574 2573 2569
2574 2575 2573
2565 2572 2576
2572 2573 2577
2572 2577 2576
2578 2577 2573
2578 2573 2579
2565 2576 2580
2580 2581 2565
2576 2577 2582
2582 2577 2583
2582 2583 2584
2576 2582 2585
2580 2576 2585
2586 2585 2582
2582 2587 2586
2580 2588 2581
2589 2581 2588
2589 2590 2581
2580 2585 2591
2588 2580 2591
2585 2586 2592
2585 2592 2591
2593 2592 2586
2588 2591 2594
2592 2594 2591
2595 2588 2594
2595 2594 2596
2592 2597 2594
2597 2592 2598
2597 2598 2599
2600 2594 2597
2600 2597 2601
2601 2597 2602
2603 2586 2604
2605 2597 2606
2607 2608 2556
2609 2610 2611
2612 2613 2609
2609 2614 2612
2609 2615 2614
2615 2616 2614
2614 2616 2617
2618 2612 2614
2618 2614 2617
2616 2619 2617
2616 2620 2619
2621 2619 2620
2621 2622 2619
2617 2619 2623
2623 2619 2622
2621 2624 2622
2621 2625 2624
2623 2622 2626
2624 2626 2622
2625 2627 2624
2625 2628 2627
2628 2629 2627
2628 2630 2629
2624 2627 2631
2629 2631 2627
2632 2629 2630
2632 2630 2633
2624 2634 2626
2624 2631 2634
2632 2635 2629
2629 2635 2631
2633 2636 2632
2633 2637 2636
2632 2638 2635
2636 2638 2632
2639 2636 2637
2639 2637 2640
2636 2641 2638
2639 2641 2636
2642 2639 2640
2642 2640 2643
2644 2642 2643
2631 2645 2634
2646 2631 2635
2631 2646 2645
2647 2635 2638
2646 2635 2647
2641 2648 2638
2647 2638 2648
2634 2645 2649
2634 2649 2626
2626 2649 2650
2626 2650 2623
2651 2623 2650
2617 2623 2651
2652 2617 2651
2651 2650 2653
2653 2652 2651
2649 2654 2650
2654 2653 2650
2655 2649 2645
2649 2655 2654
2652 2656 2617
2656 2618 2617
2655 2645 2657
2657 2645 2646
2657 2646 2658
2647 2658 2646
2647 2659 2658
2648 2659 2647
2654 2660 2653
2661 2654 2655
2661 2660 2654
2657 2662 2655
2661 2655 2662
2658 2663 2657
2657 2663 2662
2660 2664 2653
2653 2664 2652
2652 2664 2665
2662 2666 2661
2663 2667 2662
2662 2667 2666
2661 2668 2660
2666 2668 2661
2666 2669 2668
2670 2669 2666
2670 2666 2667
2658 2671 2663
2663 2672 2667
2671 2672 2663
2670 2667 2673
2672 2673 2667
2658 2674 2671
2658 2659 2674
2675 2660 2668
2668 2669 2676
2675 2668 2676
2677 2660 2675
2660 2677 2664
2677 2675 2678
2678 2675 2676
2664 2677 2679
2677 2678 2679
2664 2679 2665
2678 2676 2680
2681 2679 2678
2680 2681 2678
2680 2682 2681
2683 2680 2676
2676 2669 2683
2665 2679 2684
2681 2684 2679
2682 2680 2685
2683 2685 2680
2686 2685 2683
2687 2683 2669
2686 2683 2687
2682 2685 2688
2686 2688 2685
2689 2684 2681
2690 2681 2682
2689 2681 2690
2665 2684 2691
2684 2692 2691
2684 2689 2692
2693 2665 2691
2693 2691 2692
2689 2694 2692
2695 2689 2690
2689 2695 2694
2693 2692 2696
2696 2692 2694
2697 2686 2687
2698 2697 2687
2687 2669 2698
2665 2693 2699
2665 2699 2700
2652 2665 2700
2652 2700 2701
2652 2701 2656
2702 2700 2699
2702 2701 2700
2703 2656 2701
2703 2618 2656
2704 2699 2693
2702 2699 2705
2705 2699 2704
2702 2705 2706
2707 2701 2702
2702 2706 2707
2703 2701 2708
2707 2708 2701
2709 2704 2693
2709 2693 2696
2705 2704 2710
2706 2705 2710
2618 2703 2711
2712 2703 2708
2711 2703 2712
2713 2708 2707
2713 2712 2708
2714 2711 2712
2714 2715 2711
2716 2712 2713
2716 2713 2717
2618 2711 2718
2718 2711 2719
2718 2719 2720
2618 2718 2612
2612 2718 2721
2612 2721 2722
2713 2707 2723
2723 2724 2713
2723 2725 2724
2723 2707 2706
2723 2706 2726
2727 2723 2726
2727 2728 2723
2729 2726 2706
2730 2726 2729
2730 2729 2731
2729 2706 2732
2706 2710 2732
2733 2729 2732
2733 2732 2710
2733 2734 2729
2733 2735 2734
2736 2733 2710
2710 2704 2736
2736 2737 2733
2738 2733 2737
2738 2737 2739
2740 2736 2704
2740 2737 2736
2709 2740 2704
2741 2737 2740
2741 2742 2737
2709 2743 2740
2744 2740 2743
2744 2743 2745
2746 2743 2709
2696 2746 2709
2746 2747 2743
2748 2743 2747
2748 2747 2749
2696 2750 2746
2696 2694 2750
2751 2746 2750
2747 2746 2751
2694 2752 2750
2751 2750 2752
2694 2753 2752
2753 2694 2695
2753 2695 2754
2753 2754 2755
2753 2755 2752
2754 2695 2756
2755 2754 2757
2695 2690 2756
2752 2755 2758
2752 2758 2751
2757 2759 2755
2759 2758 2755
2751 2758 2760
2759 2760 2758
2747 2751 2761
2751 2760 2761
2762 2747 2761
2762 2763 2747
2761 2760 2764
2761 2764 2765
2760 2759 2766
2760 2766 2767
2757 2768 2759
2768 2757 2754
2759 2768 2769
2759 2769 2770
2768 2754 2771
2772 2771 2754
2768 2771 2773
2768 2773 2774
2775 2771 2772
2775 2772 2776
2772 2754 2777
2754 2778 2777
2778 2772 2777
2754 2779 2778
2754 2756 2779
2756 2780 2779
2778 2779 2780
2756 2781 2780
2781 2756 2690
2781 2690 2782
2690 2682 2782
2778 2783 2772
2784 2772 2783
2784 2785 2772
2786 2783 2778
2778 2780 2786
2786 2787 2783
2787 2788 2783
2787 2789 2788
2780 2790 2786
2790 2787 2786
2791 2780 2781
2791 2790 2780
2792 2790 2791
2781 2793 2791
2781 2782 2793
2792 2791 2793
2790 2794 2787
2792 2794 2790
2787 2794 2795
2787 2795 2796
2792 2797 2794
2792 2798 2797
2799 2793 2782
2800 2793 2799
2799 2782 2682
2792 2793 2801
2800 2801 2793
2792 2801 2802
2792 2802 2803
2804 2801 2800
2804 2800 2805
2799 2682 2806
2806 2682 2688
2688 2807 2806
2808 2799 2806
2808 2806 2807
2799 2809 2800
2809 2799 2808
2688 2810 2807
2686 2810 2688
2800 2809 2811
2800 2811 2812
2800 2812 2813
2814 2811 2809
2814 2809 2808
2815 2811 2814
2815 2814 2816
2808 2807 2817
2808 2817 2818
2808 2818 2814
2818 2817 2807
2814 2818 2819
2814 2819 2820
2818 2807 2821
2822 2818 2821
2822 2821 2823
2807 2824 2821
2807 2810 2824
2821 2824 2825
2821 2825 2826
2827 2824 2810
2828 2824 2827
2828 2827 2829
2810 2686 2827
2830 2827 2686
2697 2830 2686
2827 2830 2831
2827 2831 2832
2830 2697 2833
2830 2833 2834
2697 2835 2836
2697 2837 2835
2698 2837 2697
2698 2838 2837
2839 2837 2838
2839 2840 2837
2698 2841 2838
2669 2841 2698
2841 2842 2838
2842 2843 2838
2844 2841 2669
2670 2844 2669
2841 2845 2842
2844 2845 2841
2846 2844 2670
2846 2670 2673
2844 2847 2845
2846 2847 2844
2848 2842 2845
2845 2847 2848
2849 2847 2846
2847 2849 2850
2847 2850 2848
2849 2846 2851
2852 2848 2850
2848 2852 2842
2852 2850 2853
2852 2854 2842
2852 2855 2854
2856 2852 2853
2856 2853 2857
2858 2851 2846
2858 2859 2851
2846 2673 2858
2860 2859 2858
2861 2858 2673
2672 2861 2673
2860 2858 2862
2861 2862 2858
2863 2860 2862
2864 2861 2672
2671 2864 2672
2863 2862 2865
2865 2866 2863
2867 2862 2861
2867 2865 2862
2864 2867 2861
2865 2868 2866
2867 2868 2865
2868 2869 2866
2671 2870 2864
2671 2674 2870
2864 2871 2867
2867 2871 2868
2864 2870 2871
2868 2872 2869
2872 2868 2871
2873 2869 2872
2873 2874 2869
2873 2875 2874
2872 2871 2876
2876 2871 2870
2876 2873 2872
2877 2870 2674
2876 2870 2877
2873 2878 2875
2879 2875 2878
2876 2880 2873
2880 2876 2877
2877 2674 2881
2659 2881 2674
2659 2882 2881
2648 2882 2659
2883 2877 2881
2882 2883 2881
2884 2882 2648
2641 2884 2648
2879 2878 2885
2885 2886 2879
2887 2878 2873
2887 2873 2880
2880 2877 2888
2883 2888 2877
2889 2880 2888
2889 2887 2880
2883 2889 2888
2882 2890 2883
2884 2890 2882
2891 2884 2641
2639 2891 2641
2892 2878 2887
2892 2885 2878
2893 2887 2889
2893 2892 2887
2883 2894 2889
2894 2883 2890
2895 2890 2884
2891 2895 2884
2896 2891 2639
2896 2639 2642
2897 2885 2892
2885 2897 2886
2898 2886 2897
2889 2894 2899
2889 2899 2893
2894 2890 2900
2895 2900 2890
2901 2895 2891
2896 2901 2891
2902 2896 2642
2644 2902 2642
2899 2894 2903
2903 2894 2900
2904 2900 2895
2901 2904 2895
2905 2901 2896
2902 2905 2896
2902 2644 2906
2906 2644 2907
2903 2900 2908
2904 2908 2900
2909 2904 2901
2905 2909 2901
2910 2905 2902
2902 2906 2910
2907 2911 2906
2907 2912 2911
2913 2908 2904
2909 2913 2904
2914 2909 2905
2910 2914 2905
2906 2915 2910
2906 2911 2915
2912 2916 2911
2917 2916 2912
2917 2918 2916
2917 2919 2918
2911 2916 2920
2915 2911 2920
2920 2916 2918
2921 2910 2915
2921 2914 2910
2922 2914 2921
2914 2923 2909
2922 2923 2914
2923 2913 2909
2924 2921 2915
2915 2920 2924
2920 2925 2924
2924 2926 2921
2926 2922 2921
2926 2924 2925
2923 2927 2913
2922 2927 2923
2920 2918 2928
2920 2928 2925
2927 2929 2913
2913 2929 2908
2908 2929 2930
2908 2930 2903
2918 2931 2928
2931 2925 2928
2927 2932 2929
2932 2930 2929
2903 2930 2933
2903 2933 2899
2899 2933 2934
2899 2934 2893
2935 2893 2934
2935 2892 2893
2897 2892 2935
2936 2932 2927
2932 2937 2930
2936 2937 2932
2938 2933 2930
2938 2930 2937
2939 2934 2933
2939 2933 2938
2940 2934 2939
2935 2934 2940
2938 2941 2939
2940 2939 2941
2937 2942 2938
2938 2942 2941
2941 2942 2943
2937 2944 2942
2936 2944 2937
2942 2944 2945
2943 2942 2945
2936 2927 2946
2922 2946 2927
2944 2936 2947
2944 2947 2945
2936 2946 2948
2922 2948 2946
2936 2948 2947
2922 2949 2948
2926 2949 2922
2947 2948 2950
2950 2948 2949
2949 2926 2951
2926 2925 2951
2925 2952 2951
2949 2951 2953
2950 2949 2953
2952 2953 2951
2925 2954 2952
2931 2954 2925
2955 2950 2953
2952 2955 2953
2947 2956 2945
2947 2950 2957
2957 2956 2947
2957 2950 2958
2955 2958 2950
2945 2956 2959
2943 2945 2959
2960 2956 2957
2957 2958 2960
2955 2961 2958
2961 2962 2958
2960 2958 2962
2955 2963 2961
2960 2964 2956
2964 2959 2956
2965 2955 2952
2963 2955 2965
2965 2952 2966
2952 2967 2966
2952 2954 2967
2954 2968 2967
2963 2965 2969
2954 2931 2968
2963 2969 2970
2971 2968 2931
2963 2970 2972
2972 2970 2973
2972 2961 2963
2971 2931 2974
2975 2971 2974
2918 2974 2931
2976 2972 2973
2972 2976 2961
2977 2976 2973
2978 2976 2977
2978 2961 2976
2979 2961 2978
2975 2974 2980
2918 2980 2974
2918 2919 2980
2981 2980 2919
2975 2980 2982
2982 2980 2981
2982 2981 2983
2982 2983 2984
2984 2983 2985
2984 2985 2986
2979 2987 2961
2979 2988 2987
2987 2989 2961
2961 2989 2962
2990 2962 2989
2988 2991 2987
2987 2991 2989
2991 2988 2992
2989 2991 2992
2988 2993 2992
2989 2992 2994
2994 2992 2993
2990 2989 2994
2994 2993 2995
2990 2994 2995
2990 2995 2996
2997 2990 2996
2997 2998 2990
2998 2997 2999
2990 3000 2962
3000 2990 2998
2998 2999 3001
3001 2999 3002
3003 2962 3000
3003 2960 2962
3003 2964 2960
3001 3002 3004
3004 3002 3005
2998 3001 3006
3000 2998 3007
2998 3006 3007
3003 3000 3008
3007 3008 3000
3009 2964 3003
3008 3009 3003
3007 3010 3008
3010 3007 3006
3001 3011 3006
3001 3004 3011
3009 3012 2964
3012 2959 2964
3008 3013 3009
3013 3008 3010
3010 3006 3014
3011 3014 3006
3012 3009 3015
3015 3009 3013
2959 3012 3016
3012 3015 3016
2943 2959 3016
3013 3010 3017
3014 3017 3010
3015 3013 3018
3018 3013 3017
3019 3011 3004
3019 3004 3020
3019 3020 3021
3004 3005 3020
3005 3022 3020
3020 3022 3021
3022 3023 3021
3005 3024 3022
3024 3023 3022
3024 3025 3023
3023 3025 3026
3023 3026 3027
3028 3027 3026
3029 3011 3019
3019 3021 3030
3029 3019 3030
3029 3031 3011
3011 3031 3014
3032 3014 3031
3032 3031 3029
3032 3033 3014
3014 3033 3017
3034 3021 3023
3034 3035 3021
3021 3035 3036
3021 3036 3030
3023 3037 3034
3030 3036 3038
3023 3027 3037
3030 3038 3039
3039 3029 3030
3040 3039 3038
3041 3037 3027
3041 3042 3037
3028 3041 3027
3043 3042 3041
3028 3044 3041
3043 3041 3044
3028 3045 3044
3046 3044 3045
3044 3047 3043
3044 3046 3047
3046 3045 3048
3046 3049 3047
3050 3046 3048
3046 3051 3049
3051 3052 3049
3050 3053 3046
3051 3046 3053
3054 3053 3050
3054 3055 3053
3051 3053 3055
3056 3055 3054
3051 3057 3052
3058 3052 3057
3056 3059 3055
3060 3059 3056
3051 3055 3061
3057 3051 3061
3062 3055 3059
3062 3061 3055
3063 3061 3062
3064 3062 3059
3063 3062 3064
3060 3065 3059
3064 3059 3065
3066 3065 3060
3064 3065 3066
3066 3060 3067
3066 3067 3068
3066 3068 3069
3070 3066 3069
3064 3066 3071
3070 3071 3066
3071 3072 3064
3063 3064 3072
3073 3071 3070
3071 3073 3072
3073 3070 3074
3073 3075 3072
3063 3072 3075
3076 3073 3074
3073 3076 3075
3076 3074 3077
3077 3078 3076
3077 3079 3078
3076 3078 3080
3076 3080 3075
3079 3081 3078
3081 3080 3078
3079 3082 3081
3083 3081 3082
3081 3084 3080
3083 3084 3081
3075 3080 3085
3063 3075 3086
3075 3085 3086
3087 3063 3086
3085 3087 3086
3080 3088 3085
3080 3084 3088
3087 3089 3063
3063 3089 3061
3057 3061 3089
3057 3089 3087
3090 3085 3088
3085 3090 3087
3057 3087 3091
3058 3057 3091
3087 3092 3091
3092 3058 3091
3087 3090 3092
3092 3093 3058
3092 3094 3093
3090 3095 3092
3092 3095 3094
3090 3088 3096
3090 3096 3095
3084 3097 3088
3096 3088 3097
3098 3094 3095
3098 3095 3096
3084 3099 3097
3083 3099 3084
3094 3098 3100
3094 3100 3101
3040 3101 3100
3102 3097 3099
3083 3102 3099
3096 3097 3103
3098 3096 3104
3096 3103 3104
3098 3105 3100
3098 3104 3105
3040 3100 3106
3105 3106 3100
3103 3097 3107
3102 3107 3097
3108 3104 3103
3103 3107 3108
3106 3109 3040
3040 3109 3039
3104 3110 3105
3104 3108 3110
3039 3109 3111
3039 3111 3029
3032 3029 3111
3112 3032 3111
3112 3111 3109
3033 3032 3112
3033 3112 3113
3017 3033 3113
3017 3113 3114
3018 3017 3114
3113 3115 3114
3018 3114 3115
3112 3116 3113
3113 3116 3115
3117 3112 3109
3112 3117 3116
3118 3116 3117
3117 3109 3119
3118 3117 3119
3106 3119 3109
3018 3115 3120
3015 3018 3120
3116 3121 3115
3120 3115 3121
3119 3106 3122
3105 3122 3106
3015 3120 3123
3016 3015 3123
3119 3122 3124
3118 3119 3124
3125 3122 3105
3124 3122 3125
3125 3105 3110
3118 3126 3116
3116 3126 3121
3120 3121 3127
3123 3120 3127
3126 3128 3121
3128 3127 3121
3129 3118 3124
3124 3125 3129
3125 3110 3130
3130 3110 3108
3131 3126 3118
3126 3131 3128
3129 3132 3118
3131 3118 3132
3133 3129 3125
3125 3130 3133
3129 3134 3132
3131 3132 3134
3130 3108 3135
3135 3108 3107
3133 3136 3129
3129 3136 3134
3107 3137 3135
3107 3102 3137
3131 3138 3128
3131 3134 3139
3131 3139 3138
3140 3134 3136
3139 3134 3140
3141 3136 3133
3140 3136 3141
3141 3142 3140
3139 3140 3143
3142 3143 3140
3141 3133 3144
3130 3144 3133
3139 3143 3145
3139 3145 3138
3138 3146 3128
3128 3146 3127
3141 3147 3142
3147 3141 3144
3130 3148 3144
3148 3130 3135
3149 3145 3143
3142 3149 3143
3146 3150 3127
3123 3127 3150
3147 3144 3151
3148 3151 3144
3148 3135 3152
3135 3137 3152
3137 3153 3152
3154 3148 3152
3148 3154 3151
3153 3137 3155
3155 3137 3102
3154 3152 3156
3153 3156 3152
3155 3102 3157
3083 3157 3102
3155 3157 3158
3158 3157 3083
3153 3155 3159
3155 3158 3159
3159 3158 3160
3158 3083 3161
3083 3082 3161
3161 3162 3158
3162 3161 3082
3162 3160 3158
3162 3082 3163
3164 3162 3163
3164 3165 3162
3162 3165 3160
3166 3165 3164
3165 3166 3160
3166 3164 3167
3166 3167 3168
3166 3168 3169
3168 3170 3169
3168 3171 3170
3170 3171 3172
3169 3173 3166
3166 3173 3160
3170 3173 3169
3170 3172 3174
3172 3175 3174
3172 3176 3175
3174 3175 3177
3170 3174 3177
3177 3175 3178
3170 3177 3179
3170 3179 3173
3180 3179 3177
3177 3178 3180
3173 3179 3181
3180 3181 3179
3160 3173 3182
3173 3181 3182
3160 3182 3183
3184 3183 3182
3159 3160 3183
3159 3183 3184
3185 3182 3181
3184 3182 3185
3186 3184 3185
3185 3181 3187
3187 3181 3180
3186 3185 3187
3188 3180 3178
3187 3180 3188
3159 3184 3189
3190 3189 3184
3153 3159 3189
3153 3189 3190
3186 3191 3184
3190 3184 3191
3186 3192 3191
3190 3191 3192
3188 3178 3193
3188 3193 3194
3195 3193 3178
3195 3196 3193
3197 3193 3196
3194 3193 3197
3194 3197 3198
3194 3198 3199
3153 3190 3200
3201 3200 3190
3153 3200 3156
3201 3156 3200
3190 3192 3202
3201 3190 3202
3188 3194 3203
3187 3188 3203
3194 3199 3204
3199 3205 3204
3206 3204 3205
3206 3207 3204
3208 3194 3204
3208 3203 3194
3208 3204 3207
3187 3203 3209
3186 3187 3209
3210 3209 3203
3210 3203 3208
3186 3209 3210
3208 3207 3211
3210 3208 3211
3186 3210 3212
3186 3212 3192
3212 3210 3213
3210 3211 3213
3214 3211 3207
3214 3207 3215
3192 3212 3216
3212 3213 3216
3211 3217 3213
3211 3214 3217
3218 3217 3214
3219 3213 3217
3219 3216 3213
3218 3219 3217
3220 3216 3219
3221 3214 3215
3218 3214 3221
3222 3221 3215
3218 3221 3222
3222 3215 3223
3218 3222 3224
3225 3218 3224
3192 3216 3226
3220 3226 3216
3227 3192 3226
3227 3226 3220
3227 3202 3192
3201 3202 3227
3218 3228 3219
3225 3228 3218
3228 3229 3219
3229 3228 3225
3229 3220 3219
3229 3225 3230
3229 3230 3231
3229 3231 3232
3232 3220 3229
3231 3233 3232
3233 3220 3232
3231 3234 3233
3233 3234 3235
3227 3220 3236
3233 3236 3220
3201 3227 3237
3237 3227 3236
3233 3235 3238
3238 3236 3233
3239 3238 3235
3236 3238 3239
3237 3236 3240
3236 3239 3240
3237 3240 3241
3239 3241 3240
3201 3237 3242
3237 3241 3242
3239 3235 3243
3244 3243 3235
3242 3245 3201
3201 3245 3156
3154 3156 3245
3154 3245 3246
3246 3151 3154
3247 3245 3242
3246 3245 3247
3246 3248 3151
3147 3151 3248
3249 3242 3241
3249 3247 3242
3246 3247 3250
3250 3248 3246
3147 3248 3251
3251 3142 3147
3247 3249 3252
3250 3247 3252
3251 3248 3253
3250 3253 3248
3241 3254 3249
3255 3252 3249
3255 3249 3254
3241 3256 3254
3239 3256 3241
3239 3257 3256
3257 3254 3256
3239 3243 3257
3251 3258 3142
3251 3253 3259
3258 3251 3259
3142 3258 3260
3142 3260 3149
3252 3255 3261
3262 3255 3254
3262 3261 3255
3257 3263 3254
3262 3254 3263
3243 3264 3257
3264 3263 3257
3261 3265 3252
3250 3252 3265
3266 3250 3265
3266 3253 3250
3261 3267 3265
3266 3265 3267
3268 3261 3262
3268 3267 3261
3243 3269 3264
3244 3269 3243
3270 3269 3244
3270 3271 3269
3271 3264 3269
3271 3270 3272
3271 3272 3273
3273 3272 3274
3271 3275 3264
3273 3275 3271
3275 3276 3264
3264 3276 3263
3277 3262 3263
3277 3263 3276
3276 3278 3277
3277 3279 3262
3268 3262 3279
3277 3280 3279
3278 3280 3277
3268 3279 3281
3280 3281 3279
3281 3282 3268
3268 3282 3267
3280 3283 3281
3281 3284 3282
3280 3285 3283
3286 3282 3284
3267 3282 3287
3286 3287 3282
3280 3288 3285
3278 3288 3280
3285 3288 3289
3289 3288 3278
3285 3289 3290
3267 3287 3291
3266 3267 3291
3292 3290 3289
3292 3293 3290
3294 3293 3292
3294 3295 3293
3296 3295 3294
3296 3297 3295
3297 3296 3298
3297 3298 3299
3298 3300 3299
3301 3291 3287
3302 3266 3291
3301 3302 3291
3303 3302 3301
3302 3304 3266
3304 3302 3303
3253 3266 3304
3253 3304 3259
3287 3305 3301
3287 3286 3305
3304 3306 3259
3258 3259 3306
3303 3301 3307
3307 3301 3305
3286 3308 3305
3286 3309 3308
3304 3310 3306
3304 3303 3310
3311 3258 3306
3311 3260 3258
3312 3306 3310
3312 3310 3303
3312 3311 3306
3311 3313 3260
3149 3260 3313
3314 3308 3309
3314 3309 3315
3316 3314 3315
3316 3315 3317
3318 3316 3317
3318 3319 3316
3319 3318 3300
3312 3320 3311
3311 3320 3313
3149 3313 3321
3149 3321 3145
3313 3322 3321
3145 3321 3322
3319 3300 3323
3298 3323 3300
3324 3323 3298
3324 3298 3296
3324 3325 3323
3319 3323 3325
3324 3296 3326
3319 3325 3327
3294 3326 3296
3294 3328 3326
3329 3319 3327
3330 3328 3294
3329 3331 3319
3332 3331 3329
3331 3316 3319
3330 3294 3333
3334 3330 3333
3292 3333 3294
3334 3333 3335
3292 3335 3333
3336 3334 3335
3332 3337 3331
3337 3316 3331
3338 3337 3332
3338 3332 3339
3340 3316 3337
3340 3337 3338
3340 3314 3316
3341 3338 3339
3341 3339 3342
3340 3338 3343
3341 3343 3338
3344 3314 3340
3344 3340 3343
3308 3314 3344
3345 3341 3342
3345 3342 3346
3346 3347 3345
3346 3348 3347
3347 3348 3349
3341 3350 3343
3345 3350 3341
3308 3344 3351
3308 3351 3305
3352 3305 3351
3307 3305 3352
3353 3351 3344
3352 3351 3353
3344 3343 3354
3353 3344 3354
3343 3355 3354
3353 3354 3355
3343 3350 3355
3347 3349 3356
3356 3349 3357
3356 3357 3358
3359 3358 3357
3360 3356 3358
3347 3356 3360
3361 3358 3359
3360 3358 3361
3359 3362 3361
3362 3360 3361
3363 3362 3359
3363 3364 3362
3362 3364 3360
3363 3365 3364
3347 3360 3366
3364 3366 3360
3365 3367 3364
3365 3368 3367
3368 3369 3367
3367 3369 3370
3370 3364 3367
3370 3369 3371
3372 3370 3371
3370 3372 3364
3372 3371 3373
3372 3373 3374
3375 3364 3372
3372 3374 3375
3374 3376 3375
3374 3377 3376
3376 3377 3378
3364 3379 3366
3375 3379 3364
3376 3378 3380
3381 3376 3380
3380 3378 3382
3380 3382 3383
3383 3381 3380
3384 3383 3382
3384 3385 3383
3386 3383 3385
3387 3385 3384
3387 3388 3385
3386 3385 3388
3387 3389 3388
3383 3390 3381
3386 3390 3383
3391 3381 3390
3391 3390 3386
3389 3392 3388
3389 3393 3392
3392 3394 3388
3386 3388 3394
3389 3395 3393
3395 3396 3393
3395 3397 3396
3398 3386 3394
3398 3399 3386
3391 3386 3399
3398 3400 3399
3400 3401 3399
3401 3391 3399
3402 3401 3400
3402 3403 3401
3403 3402 3404
3405 3391 3401
3403 3405 3401
3405 3406 3391
3391 3406 3381
3407 3403 3404
3403 3408 3405
3407 3408 3403
3406 3405 3409
3409 3405 3408
3410 3381 3406
3406 3409 3410
3410 3409 3411
3409 3408 3412
3411 3409 3412
3410 3413 3381
3381 3413 3376
3414 3413 3410
3410 3411 3414
3376 3413 3415
3414 3415 3413
3376 3415 3375
3375 3415 3416
3416 3415 3414
3375 3416 3379
3417 3412 3408
3417 3408 3407
3411 3418 3414
3416 3414 3418
3419 3379 3416
3420 3416 3418
3420 3419 3416
3419 3421 3379
3421 3366 3379
3419 3420 3422
3422 3421 3419
3423 3366 3421
3422 3424 3421
3424 3423 3421
3423 3425 3366
3347 3366 3425
3425 3345 3347
3425 3426 3345
3345 3426 3350
3423 3427 3425
3426 3425 3427
3428 3350 3426
3426 3427 3428
3428 3355 3350
3429 3427 3423
3429 3423 3424
3428 3427 3430
3429 3430 3427
3355 3428 3431
3428 3430 3431
3355 3431 3432
3353 3355 3432
3432 3352 3353
3432 3433 3352
3431 3433 3432
3352 3433 3434
3352 3434 3307
3303 3307 3434
3303 3434 3435
3312 3303 3435
3435 3436 3312
3312 3436 3320
3434 3437 3435
3435 3437 3436
3433 3438 3434
3434 3438 3437
3431 3439 3433
3433 3439 3438
3440 3439 3431
3440 3438 3439
3440 3431 3430
3441 3437 3438
3440 3441 3438
3442 3440 3430
3442 3441 3440
3442 3430 3429
3436 3437 3443
3441 3443 3437
3320 3436 3444
3436 3443 3444
3445 3443 3441
3442 3445 3441
3446 3442 3429
3429 3424 3446
3446 3447 3442
3447 3445 3442
3446 3424 3448
3448 3447 3446
3449 3447 3448
3424 3422 3448
3450 3448 3422
3449 3448 3450
3420 3450 3422
3444 3443 3451
3445 3451 3443
3447 3452 3445
3445 3453 3451
3445 3452 3453
3454 3452 3447
3449 3454 3447
3444 3451 3455
3455 3451 3453
3453 3452 3456
3456 3452 3454
3455 3453 3457
3457 3453 3456
3444 3455 3458
3457 3458 3455
3444 3458 3459
3320 3444 3459
3320 3459 3460
3320 3460 3313
3313 3460 3322
3459 3458 3461
3459 3461 3460
3462 3322 3460
3462 3460 3461
3461 3463 3462
3464 3461 3458
3457 3464 3458
3462 3465 3322
3145 3322 3465
3138 3145 3465
3464 3466 3461
3461 3466 3463
3467 3464 3457
3467 3466 3464
3462 3468 3465
3468 3462 3463
3138 3465 3469
3469 3465 3468
3138 3469 3146
3146 3469 3470
3469 3468 3470
3467 3457 3471
3457 3456 3471
3472 3463 3466
3467 3472 3466
3473 3472 3467
3146 3470 3474
3146 3474 3150
3474 3475 3150
3123 3150 3475
3476 3474 3470
3474 3476 3475
3477 3470 3468
3476 3470 3477
3123 3475 3478
3016 3123 3478
3477 3468 3479
3468 3463 3479
3472 3480 3463
3473 3480 3472
3475 3481 3478
3476 3481 3475
3482 3016 3478
3481 3482 3478
2943 3016 3482
3483 3476 3477
3483 3477 3479
3484 3479 3463
3484 3463 3480
3483 3479 3484
3485 3484 3480
3485 3483 3484
3476 3486 3481
3483 3486 3476
3482 3481 3487
3486 3487 3481
3488 2943 3482
3482 3487 3488
3486 3483 3489
3485 3489 3483
3486 3490 3487
3486 3489 3490
3490 3491 3487
3491 3488 3487
3488 3492 2943
2941 2943 3492
3493 3490 3489
3490 3493 3491
3491 3494 3488
3494 3492 3488
3495 2941 3492
2940 2941 3495
3485 3496 3489
3493 3489 3496
3494 3491 3497
3493 3497 3491
3494 3498 3492
3495 3492 3498
3499 3498 3494
3494 3497 3499
3495 3498 3500
3499 3500 3498
2940 3495 3501
3495 3500 3501
3502 3500 3499
3497 3502 3499
2940 3501 3503
2935 2940 3503
3504 2935 3503
3504 3503 3501
2897 2935 3504
3505 3501 3500
3502 3505 3500
2897 3504 3506
2898 2897 3506
3504 3501 3507
3505 3507 3501
3507 3506 3504
3508 2898 3506
3507 3508 3506
3508 3509 2898
3507 3505 3510
3507 3510 3508
3509 3508 3510
3510 3505 3502
3509 3510 3511
3511 3510 3512
3510 3502 3512
3511 3512 3513
3514 3512 3502
3497 3514 3502
3513 3512 3515
3514 3515 3512
3513 3515 3516
3515 3517 3516
3514 3497 3518
3518 3515 3514
3493 3518 3497
3515 3519 3517
3518 3519 3515
3520 3517 3519
3520 3519 3518
3521 3517 3520
3522 3521 3520
3493 3523 3518
3520 3518 3523
3493 3496 3523
3524 3520 3523
3525 3520 3524
3524 3523 3526
3527 3526 3523
3496 3527 3523
3485 3527 3496
3485 3528 3527
3529 3527 3528
3529 3530 3527
3485 3531 3528
3485 3480 3531
3473 3531 3480
3473 3528 3531
3473 3532 3528
3533 3528 3532
3533 3532 3534
3473 3535 3532
3473 3536 3535
3473 3467 3536
3471 3536 3467
3535 3537 3532
3532 3537 3538
3539 3538 3537
3540 3535 3536
3540 3537 3535
3471 3541 3536
3540 3536 3541
3539 3537 3542
3543 3539 3542
3471 3544 3541
3471 3456 3544
3454 3544 3456
3541 3544 3545
3541 3545 3540
3454 3546 3544
3545 3544 3546
3546 3454 3449
3540 3547 3537
3542 3537 3547
3540 3545 3548
3540 3548 3547
3545 3546 3549
3549 3548 3545
3546 3449 3550
3549 3546 3550
3549 3551 3548
3549 3550 3552
3551 3549 3552
3553 3550 3449
3554 3552 3550
3554 3550 3553
3551 3552 3555
3554 3555 3552
3548 3551 3556
3556 3551 3555
3557 3547 3548
3548 3556 3557
3553 3449 3558
3449 3450 3558
3558 3450 3559
3559 3450 3420
3559 3420 3560
3560 3420 3418
3561 3558 3559
3560 3561 3559
3562 3553 3558
3561 3562 3558
3560 3418 3563
3411 3563 3418
3560 3563 3564
3411 3564 3563
3560 3565 3561
3560 3564 3565
3566 3561 3565
3562 3561 3566
3411 3567 3564
3411 3412 3567
3568 3565 3564
3566 3565 3568
3412 3569 3567
3412 3417 3569
3567 3570 3564
3568 3564 3570
3567 3569 3570
3570 3571 3568
3566 3568 3571
3569 3572 3570
3570 3572 3571
3417 3573 3569
3569 3573 3572
3417 3574 3573
3407 3574 3417
3407 3575 3574
3404 3575 3407
3404 3576 3575
3577 3575 3576
3577 3578 3575
3574 3575 3578
3579 3578 3577
3574 3580 3573
3574 3578 3580
3581 3572 3573
3581 3573 3580
3582 3571 3572
3582 3572 3581
3579 3583 3578
3583 3579 3584
3578 3585 3580
3578 3583 3585
3580 3586 3581
3580 3585 3586
3583 3584 3587
3588 3587 3584
3583 3589 3585
3583 3587 3589
3588 3590 3587
3591 3590 3588
3582 3592 3571
3566 3571 3592
3581 3593 3582
3581 3586 3593
3585 3594 3586
3585 3589 3594
3587 3595 3589
3587 3590 3595
3591 3596 3590
3596 3591 3597
3590 3596 3598
3590 3598 3595
3596 3597 3599
3598 3596 3599
3599 3597 3600
3601 3589 3595
3601 3594 3589
3602 3586 3594
3602 3593 3586
3595 3598 3603
3595 3603 3601
3604 3594 3601
3604 3602 3594
3601 3603 3605
3601 3605 3604
3602 3606 3593
3607 3602 3604
3602 3607 3606
3607 3604 3608
3608 3604 3605
3593 3606 3609
3593 3609 3582
3582 3609 3592
3610 3607 3608
3610 3606 3607
3598 3611 3603
3612 3605 3603
3612 3603 3611
3598 3613 3611
3598 3599 3613
3606 3614 3609
3615 3592 3609
3614 3615 3609
3610 3616 3606
3606 3616 3614
3617 3592 3615
3617 3566 3592
3562 3566 3617
3618 3562 3617
3562 3618 3553
3619 3617 3615
3618 3617 3619
3620 3553 3618
3620 3618 3619
3620 3554 3553
3619 3615 3621
3614 3621 3615
3614 3616 3622
3610 3622 3616
3620 3623 3554
3554 3623 3555
3624 3620 3619
3621 3624 3619
3625 3621 3614
3614 3622 3625
3625 3622 3626
3610 3627 3622
3626 3622 3627
3625 3628 3621
3621 3628 3624
3629 3555 3623
3556 3555 3629
3620 3630 3623
3624 3630 3620
3631 3623 3630
3631 3630 3624
3629 3623 3632
3631 3632 3623
3633 3556 3629
3632 3633 3629
3634 3631 3624
3628 3634 3624
3628 3625 3635
3625 3626 3635
3632 3631 3636
3634 3636 3631
3632 3636 3637
3632 3637 3633
3637 3636 3638
3634 3638 3636
3637 3638 3639
3639 3633 3637
3634 3640 3638
3639 3641 3633
3628 3642 3634
3642 3640 3634
3628 3635 3642
3642 3643 3640
3643 3642 3635
3643 3635 3644
3644 3635 3626
3644 3626 3645
3646 3645 3626
3641 3647 3633
3633 3647 3556
3641 3648 3647
3557 3556 3647
3648 3649 3647
3557 3647 3649
3648 3650 3649
3547 3557 3649
3649 3650 3651
3547 3649 3652
3649 3651 3652
3542 3547 3652
3542 3652 3651
3653 3542 3651
3654 3542 3653
3646 3626 3655
3626 3627 3655
3646 3655 3656
3646 3656 3657
3655 3627 3658
3655 3658 3656
3657 3656 3659
3657 3659 3660
3656 3661 3659
3656 3658 3661
3662 3660 3659
3662 3659 3661
3662 3663 3660
3664 3658 3627
3664 3627 3610
3610 3608 3664
3665 3661 3658
3665 3658 3664
3664 3608 3666
3664 3666 3665
3608 3605 3666
3662 3661 3667
3665 3667 3661
3668 3663 3662
3667 3668 3662
3668 3669 3663
3668 3670 3669
3605 3671 3666
3605 3612 3671
3672 3665 3666
3665 3672 3667
3672 3666 3671
3668 3673 3670
3674 3670 3673
3667 3675 3668
3672 3675 3667
3673 3668 3675
3671 3676 3672
3672 3676 3675
3612 3677 3671
3671 3677 3676
3678 3675 3676
3673 3675 3678
3674 3673 3679
3679 3680 3674
3612 3681 3677
3681 3612 3611
3677 3682 3676
3678 3676 3682
3678 3682 3683
3678 3683 3684
3673 3678 3684
3673 3684 3679
3677 3685 3682
3685 3677 3681
3681 3611 3686
3613 3686 3611
3682 3687 3683
3682 3685 3687
3685 3681 3688
3686 3688 3681
3613 3689 3686
3599 3689 3613
3685 3690 3687
3685 3688 3690
3686 3691 3688
3689 3691 3686
3599 3692 3689
3599 3600 3692
3693 3689 3692
3689 3693 3691
3600 3694 3692
3693 3692 3694
3695 3693 3694
3600 3696 3694
3697 3694 3696
3697 3695 3694
3688 3691 3698
3688 3698 3690
3699 3691 3693
3695 3699 3693
3699 3698 3691
3698 3699 3700
3700 3699 3695
3701 3695 3697
3702 3701 3697
3703 3701 3702
3690 3698 3704
3698 3700 3704
3700 3705 3704
3706 3695 3701
3703 3707 3701
3706 3701 3707
3707 3703 3708
3700 3695 3709
3709 3695 3706
3690 3704 3710
3704 3705 3711
3704 3711 3710
3710 3712 3690
3712 3687 3690
3710 3713 3712
3710 3711 3713
3712 3714 3687
3713 3714 3712
3687 3714 3683
3700 3709 3715
3716 3709 3706
3716 3715 3709
3700 3717 3705
3700 3715 3717
3718 3713 3711
3713 3719 3714
3719 3713 3718
3719 3718 3720
3721 3714 3719
3714 3721 3683
3705 3722 3711
3718 3711 3722
3720 3723 3719
3721 3719 3723
3724 3721 3723
3725 3683 3721
3724 3725 3721
3720 3726 3723
3724 3723 3726
3725 3727 3683
3728 3725 3724
3727 3725 3728
3683 3727 3729
3684 3683 3729
3684 3729 3730
3684 3730 3679
3730 3731 3679
3679 3731 3680
3729 3732 3730
3731 3730 3732
3733 3680 3731
3731 3732 3733
3733 3734 3680
3735 3734 3733
3735 3736 3734
3733 3732 3737
3733 3737 3738
3727 3739 3729
3729 3739 3732
3732 3739 3740
3727 3741 3739
3742 3739 3741
3742 3741 3743
3727 3728 3741
3728 3744 3741
3728 3745 3744
3746 3732 3747
3748 3749 3728
3748 3750 3749
3728 3724 3748
3748 3724 3751
3751 3752 3748
3751 3753 3752
3754 3751 3724
3724 3726 3754
3726 3755 3754
3751 3754 3756
3755 3756 3754
3757 3751 3756
3757 3758 3751
3726 3759 3755
3759 3726 3720
3755 3760 3756
3760 3761 3756
3760 3762 3761
3763 3755 3759
3764 3759 3720
3763 3759 3764
3765 3760 3755
3766 3760 3765
3766 3767 3760
3763 3768 3755
3765 3755 3768
3763 3765 3768
3763 3769 3765
3769 3770 3765
3769 3771 3770
3772 3763 3764
3769 3763 3772
3764 3773 3772
3769 3772 3774
3773 3774 3772
3775 3769 3774
3775 3776 3769
3773 3777 3774
3773 3778 3777
3773 3764 3779
3764 3780 3779
3764 3720 3780
3781 3780 3720
3781 3720 3718
3782 3779 3780
3782 3780 3781
3783 3781 3718
3783 3718 3722
3773 3779 3784
3785 3784 3779
3786 3773 3784
3786 3787 3773
3785 3788 3784
3785 3789 3788
3782 3790 3779
3785 3779 3790
3782 3781 3791
3790 3782 3792
3791 3792 3782
3793 3781 3783
3793 3791 3781
3785 3790 3794
3790 3792 3794
3795 3791 3793
3795 3796 3791
3791 3796 3792
3795 3797 3796
3797 3792 3796
3798 3795 3793
3783 3799 3793
3798 3793 3799
3792 3800 3794
3797 3800 3792
3783 3801 3799
3722 3801 3783
3722 3802 3801
3705 3802 3722
3803 3801 3802
3803 3802 3705
3804 3799 3801
3803 3804 3801
3705 3805 3803
3705 3717 3805
3806 3805 3717
3806 3717 3715
3794 3800 3807
3794 3807 3808
3785 3794 3808
3785 3808 3809
3785 3809 3810
3807 3811 3808
3807 3812 3811
3800 3813 3807
3800 3797 3813
3797 3814 3813
3807 3813 3815
3807 3815 3816
3817 3813 3814
3817 3814 3818
3797 3819 3814
3795 3819 3797
3814 3819 3795
3814 3795 3820
3821 3814 3820
3821 3822 3814
3823 3820 3795
3823 3824 3820
3823 3825 3824
3823 3795 3826
3826 3827 3823
3827 3828 3823
3827 3829 3828
3830 3826 3795
3826 3830 3827
3798 3830 3795
3798 3831 3830
3799 3831 3798
3827 3830 3832
3831 3832 3830
3799 3833 3831
3804 3833 3799
3827 3832 3834
3834 3835 3827
3834 3836 3835
3831 3837 3832
3837 3831 3833
3837 3834 3832
3804 3838 3833
3837 3833 3838
3837 3839 3834
3839 3840 3834
3839 3841 3840
3842 3839 3837
3842 3837 3838
3843 3839 3842
3843 3842 3844
3804 3845 3838
3845 3804 3803
3838 3846 3842
3838 3845 3846
3847 3842 3846
3847 3848 3842
3845 3803 3849
3849 3803 3805
3845 3850 3846
3845 3849 3850
3851 3846 3850
3851 3852 3846
3853 3849 3805
3806 3853 3805
3806 3854 3853
3853 3855 3849
3854 3855 3853
3850 3849 3856
3855 3856 3849
3850 3856 3857
3858 3850 3857
3858 3857 3859
3856 3855 3860
3856 3860 3857
3861 3857 3860
3861 3862 3857
3806 3863 3854
3863 3806 3715
3860 3855 3864
3854 3864 3855
3860 3864 3865
3865 3864 3854
3860 3865 3866
3860 3866 3867
3863 3715 3868
3716 3868 3715
3869 3854 3863
3865 3854 3870
3869 3870 3854
3871 3865 3870
3871 3872 3865
3873 3870 3869
3873 3869 3874
3875 3863 3868
3875 3869 3863
3869 3875 3876
3869 3876 3877
3878 3868 3716
3875 3868 3878
3879 3875 3878
3879 3880 3875
3881 3878 3716
3882 3878 3881
3882 3881 3883
3706 3881 3716
3706 3884 3881
3884 3885 3881
3884 3886 3885
3706 3707 3884
3707 3887 3884
3707 3888 3887
3889 3890 2842
3703 3891 3892
3893 3894 3895
3893 3895 3896
3896 3897 3893
3897 3898 3893
3899 3893 3898
3899 3900 3893
3897 3901 3898
3901 3902 3898
3903 3898 3902
3903 3902 3904
3901 3905 3902
3905 3906 3902
3905 3907 3906
3901 3908 3905
3909 3901 3897
3909 3908 3901
3910 3905 3908
3910 3911 3905
3910 3912 3911
3913 3909 3897
3909 3914 3908
3914 3909 3913
3913 3897 3915
3896 3915 3897
3913 3915 3916
3915 3896 3917
3915 3917 3916
3918 3917 3896
3918 3896 3919
3914 3913 3920
3920 3913 3916
3917 3921 3916
3921 3917 3922
3921 3922 3923
3921 3924 3916
3920 3916 3924
3921 3925 3924
3926 3925 3921
3926 3927 3925
3928 3924 3925
3929 3928 3925
3929 3930 3928
3920 3924 3931
3928 3931 3924
3914 3920 3932
3920 3931 3932
3914 3932 3933
3908 3914 3933
3908 3933 3934
3910 3908 3934
3935 3910 3934
3935 3934 3933
3935 3936 3910
3936 3937 3910
3936 3938 3937
3935 3933 3939
3933 3940 3939
3933 3932 3940
3932 3941 3940
3932 3931 3941
3942 3941 3931
3942 3931 3928
3943 3942 3928
3943 3928 3944
3945 3946 3947
3945 3947 19
3948 3949 3950
3948 3951 3949
3949 3951 3952
3951 208 3952
3953 208 3951
3953 3951 3954
3953 3954 3955
205 208 3953
205 3953 3956
3956 3953 3957
3956 3957 3958
194 3952 208
3959 3952 194
189 3959 194
3959 3960 3952
3960 3949 3952
189 3961 3959
3960 3959 3961
188 3961 189
3961 188 3962
3960 3961 3963
3962 3963 3961
3962 188 3964
191 3964 188
191 3965 3964
3965 3962 3964
3966 3965 191
3966 191 3967
3965 3968 3962
3969 3968 3965
3969 3970 3968
3960 3963 3971
3962 3972 3963
3972 3971 3963
3962 3973 3972
3962 3968 3973
3972 3973 3971
3974 3973 3968
3974 3968 3975
3973 3976 3971
3973 3977 3976
3960 3971 3978
3978 3971 3979
3978 3979 3980
3960 3978 3949
3949 3978 3981
3949 3981 3982
3983 3984 3985
3983 3986 3984
3986 3983 3987
3987 3983 3988
3989 3988 3983
3989 3983 3990
3987 3988 3991
3991 3988 3992
3993 3992 3988
3993 3994 3992
3991 3992 3995
3995 3992 3996
3995 3996 3997
3991 3995 3998
3999 3987 3991
3999 3991 3998
4000 3998 3995
4000 3995 4001
4000 4001 4002
4003 3987 3999
3999 3998 4004
4004 4003 3999
4003 4005 3987
3986 3987 4005
4003 4006 4005
4005 4007 3986
4005 4006 4007
4008 3986 4007
4008 4009 3986
4004 4010 4003
4010 4006 4003
4007 4006 4011
4011 4012 4007
4011 4013 4012
4011 4006 4014
4010 4014 4006
4011 4014 4015
4016 4011 4015
4016 4015 4017
4018 4015 4014
4019 4015 4018
4019 4018 4020
4010 4021 4014
4018 4014 4021
4004 4022 4010
4010 4022 4021
4004 4023 4022
3998 4023 4004
3998 4024 4023
4000 4024 3998
4025 4024 4000
4025 4023 4024
4025 4000 4026
4026 4000 4027
4026 4027 4028
4025 4029 4023
4023 4029 4030
4023 4030 4022
4022 4030 4031
4022 4031 4021
4032 4021 4031
4032 4018 4021
4033 4018 4032
4033 4034 4018
4035 4036 4037
4035 389 4036
4038 4039 4040
4038 4040 4041
4040 4042 4041
4041 4042 578
4043 4041 578
4043 4044 4041
4043 4045 4044
575 4043 578
575 4046 4043
4046 4047 4043
4046 4048 4047
564 578 4042
4049 564 4042
559 564 4049
4049 4042 4050
4050 4042 4040
4051 559 4049
4050 4051 4049
558 559 4051
4051 4052 558
4050 4053 4051
4052 4051 4053
558 4052 4054
561 558 4054
561 4054 4055
4055 4054 4052
4056 561 4055
4056 4057 561
4055 4052 4058
4059 4055 4058
4059 4058 4060
4050 4040 4061
4040 4062 4061
4040 4063 4062
4050 4064 4053
4050 4061 4064
4061 4065 4064
4061 4066 4065
4052 4053 4067
4067 4053 4064
4052 4067 4068
4067 4064 4068
4052 4068 4058
4068 4064 4069
4068 4069 4070
4071 4058 4068
4071 4072 4058
4073 4074 4075
4073 4076 4074
4076 4077 4074
4074 4077 4078
4079 4080 4081
4080 4082 4081
4082 4083 4081
4081 4083 4084
4085 4081 4084
4086 4087 4088
4087 4089 4088
4087 4090 4089
4091 4090 4087
4092 4093 4094
4092 4095 4093
4092 4096 4095
4097 4096 4092
4097 4092 4098
4099 4100 4101
4099 4101 4102
4103 4099 4102
4103 4104 4099
4103 4105 4104
4104 4105 4106
4102 4107 4103
4105 4103 4108
4108 4103 4107
4102 4109 4107
4110 4109 4102
4110 4111 4109
4106 4105 4112
4113 4105 4108
4105 4113 4112
4108 4107 4114
4109 4115 4107
4115 4114 4107
4116 4113 4108
4114 4116 4108
4117 4113 4116
4114 4118 4116
4117 4116 4118
4119 4112 4113
4117 4119 4113
4115 4120 4114
4118 4114 4120
4117 4118 4121
4122 4119 4117
4122 4117 4121
4118 4120 4123
4123 4121 4118
4109 4124 4115
4109 4125 4124
4109 4126 4125
4127 4115 4124
4128 4127 4124
4128 4124 4129
4120 4115 4130
4127 4130 4115
4131 4130 4127
4132 4131 4127
4132 4127 4133
4131 4134 4130
4135 4130 4134
4120 4130 4135
4135 4134 4136
4135 4136 4137
4120 4135 4138
4135 4137 4138
4120 4138 4123
4137 4139 4138
4139 4123 4138
4137 4140 4139
4141 4139 4140
4141 4140 4142
4143 4141 4142
4139 4144 4123
4141 4144 4139
4123 4144 4121
4144 4145 4121
4122 4121 4145
4146 4145 4144
4141 4146 4144
4143 4147 4141
4148 4147 4143
4149 4122 4145
4145 4146 4149
4150 4141 4147
4150 4146 4141
4148 4151 4147
4152 4151 4148
4147 4153 4150
4147 4151 4153
4146 4150 4154
4155 4150 4153
4150 4155 4154
4156 4153 4151
4155 4153 4156
4152 4157 4151
4156 4151 4157
4157 4158 4156
4152 4159 4157
4157 4159 4158
4160 4159 4152
4161 4146 4154
4161 4149 4146
4160 4162 4159
4162 4158 4159
4155 4163 4154
4163 4161 4154
4155 4156 4164
4158 4164 4156
4165 4162 4160
4165 4160 4166
4167 4165 4166
4168 4163 4155
4168 4155 4164
4163 4168 4169
4164 4170 4168
4170 4169 4168
4161 4163 4171
4163 4169 4171
4158 4172 4164
4164 4172 4170
4158 4173 4172
4173 4170 4172
4162 4174 4158
4173 4158 4174
4175 4174 4162
4175 4162 4165
4173 4174 4176
4176 4174 4175
4177 4170 4173
4177 4173 4176
4170 4178 4169
4170 4177 4178
4179 4161 4171
4169 4180 4171
4180 4179 4171
4161 4179 4181
4149 4161 4181
4165 4182 4175
4165 4183 4182
4167 4183 4165
4184 4183 4167
4184 4182 4183
4184 4167 4185
4184 4185 4186
4184 4186 4187
4186 4188 4187
4189 4182 4184
4187 4189 4184
4175 4182 4190
4182 4189 4190
4191 4187 4188
4187 4191 4189
4175 4190 4192
4176 4175 4192
4193 4191 4188
4193 4188 4194
4195 4193 4194
4195 4196 4193
4196 4191 4193
4196 4195 4197
4189 4191 4198
4196 4198 4191
4196 4197 4199
4199 4198 4196
4199 4197 4200
4201 4189 4198
4201 4190 4189
4199 4201 4198
4190 4202 4192
4202 4190 4201
4201 4199 4203
4201 4203 4202
4199 4200 4203
4192 4202 4204
4204 4202 4203
4204 4176 4192
4204 4205 4176
4205 4177 4176
4204 4203 4206
4207 4204 4206
4207 4205 4204
4208 4206 4203
4208 4203 4200
4207 4206 4208
4207 4208 4209
4177 4205 4210
4211 4205 4207
4211 4210 4205
4177 4210 4212
4211 4212 4210
4178 4177 4212
4209 4213 4207
4213 4211 4207
4178 4212 4214
4215 4178 4214
4178 4215 4169
4216 4169 4215
4169 4216 4180
4214 4217 4215
4217 4216 4215
4218 4214 4212
4214 4218 4217
4211 4219 4212
4218 4212 4219
4211 4220 4219
4211 4213 4220
4220 4218 4219
4180 4216 4221
4217 4221 4216
4222 4217 4218
4221 4217 4222
4220 4223 4218
4222 4218 4223
4180 4221 4224
4224 4179 4180
4224 4225 4179
4181 4179 4225
4220 4226 4223
4220 4227 4226
4227 4220 4213
4228 4223 4226
4228 4222 4223
4227 4213 4229
4213 4209 4229
4227 4229 4230
4230 4229 4209
4227 4230 4231
4231 4232 4227
4209 4233 4230
4233 4209 4234
4228 4232 4235
4231 4235 4232
4236 4231 4230
4230 4233 4236
4237 4222 4228
4228 4235 4238
4237 4228 4238
4231 4239 4235
4238 4235 4239
4236 4240 4231
4231 4240 4239
4237 4241 4222
4242 4241 4237
4221 4222 4241
4243 4221 4241
4242 4243 4241
4243 4224 4221
4224 4243 4244
4244 4243 4242
4224 4244 4225
4237 4238 4245
4242 4237 4245
4236 4246 4240
4239 4240 4246
4238 4239 4247
4248 4245 4238
4248 4238 4247
4242 4245 4249
4249 4245 4248
4239 4246 4250
4250 4247 4239
4251 4242 4249
4244 4242 4252
4251 4252 4242
4249 4248 4253
4253 4251 4249
4250 4254 4247
4247 4255 4248
4247 4254 4255
4255 4254 4256
4254 4250 4257
4257 4250 4246
4257 4256 4254
4258 4248 4255
4258 4253 4248
4256 4258 4255
4257 4246 4259
4260 4256 4257
4260 4257 4259
4259 4246 4261
4236 4261 4246
4236 4262 4261
4259 4261 4262
4236 4233 4262
4253 4258 4263
4256 4264 4258
4258 4264 4263
4253 4263 4265
4253 4265 4251
4262 4266 4259
4233 4267 4262
4267 4266 4262
4259 4266 4268
4259 4268 4260
4233 4269 4267
4233 4234 4269
4234 4270 4269
4267 4269 4270
4234 4200 4270
4271 4270 4200
4271 4200 4272
4273 4271 4272
4273 4272 4274
4274 4275 4273
4274 4194 4275
4275 4194 4276
4273 4275 4277
4275 4276 4277
4271 4273 4278
4273 4277 4278
4279 4270 4271
4271 4278 4279
4267 4270 4280
4279 4280 4270
4277 4276 4281
4282 4281 4276
4283 4278 4277
4279 4278 4283
4281 4283 4277
4284 4281 4282
4281 4284 4283
4284 4282 4285
4284 4285 4286
4287 4267 4280
4267 4287 4266
4280 4279 4288
4279 4283 4288
4288 4287 4280
4283 4284 4289
4289 4288 4283
4290 4287 4288
4266 4287 4290
4290 4288 4289
4284 4286 4291
4284 4291 4289
4286 4292 4291
4292 4289 4291
4292 4290 4289
4286 4293 4292
4292 4293 4294
4266 4290 4295
4268 4266 4295
4268 4295 4296
4290 4292 4297
4290 4297 4295
4292 4294 4297
4297 4296 4295
4294 4298 4297
4297 4298 4296
4294 4299 4298
4299 4300 4298
4300 4296 4298
4299 4301 4300
4299 4302 4301
4296 4303 4268
4268 4303 4260
4300 4304 4296
4304 4300 4301
4296 4305 4303
4305 4260 4303
4296 4304 4305
4302 4306 4301
4302 4307 4306
4307 4308 4306
4307 4309 4308
4308 4309 4310
4305 4311 4260
4260 4311 4256
4304 4301 4312
4306 4312 4301
4313 4305 4304
4311 4305 4313
4313 4304 4312
4314 4256 4311
4311 4313 4314
4314 4264 4256
4306 4315 4312
4313 4312 4315
4315 4306 4308
4313 4316 4314
4315 4316 4313
4317 4264 4314
4314 4316 4317
4263 4264 4317
4318 4316 4315
4315 4308 4318
4317 4316 4318
4317 4319 4263
4319 4265 4263
4317 4318 4320
4320 4319 4317
4308 4321 4318
4322 4320 4318
4318 4321 4322
4308 4323 4321
4308 4310 4323
4324 4323 4310
4319 4325 4265
4319 4320 4326
4326 4325 4319
4327 4325 4326
4265 4325 4328
4327 4328 4325
4251 4265 4328
4251 4328 4329
4329 4328 4327
4252 4251 4329
4326 4320 4330
4330 4327 4326
4320 4331 4330
4320 4322 4331
4331 4322 4332
4321 4332 4322
4333 4332 4321
4323 4333 4321
4323 4334 4333
4324 4334 4323
4335 4334 4324
4335 4324 4336
4335 4336 4337
4338 4333 4334
4338 4334 4335
4335 4337 4339
4338 4335 4339
4340 4339 4337
4333 4341 4332
4341 4333 4338
4340 4342 4339
4343 4342 4340
4343 4344 4342
4338 4339 4345
4342 4345 4339
4346 4332 4341
4331 4332 4346
4341 4338 4347
4345 4347 4338
4342 4348 4345
4349 4348 4342
4349 4350 4348
4351 4345 4348
4351 4348 4352
4351 4352 4353
4346 4341 4354
4347 4354 4341
4345 4355 4347
4351 4355 4345
4347 4356 4354
4356 4347 4355
4346 4354 4357
4354 4356 4357
4346 4357 4358
4331 4346 4358
4331 4358 4359
4359 4330 4331
4359 4360 4330
4330 4360 4327
4327 4360 4361
4361 4360 4359
4327 4361 4362
4362 4361 4363
4329 4327 4362
4361 4359 4364
4364 4363 4361
4365 4359 4358
4365 4364 4359
4358 4357 4366
4358 4366 4365
4357 4356 4367
4367 4366 4357
4362 4368 4329
4252 4329 4368
4369 4364 4365
4364 4369 4363
4367 4356 4370
4356 4355 4370
4371 4365 4366
4369 4365 4371
4362 4363 4372
4362 4372 4368
4252 4368 4373
4252 4373 4244
4374 4368 4372
4374 4372 4363
4374 4373 4368
4373 4374 4375
4244 4373 4376
4373 4375 4376
4244 4376 4225
4225 4376 4377
4375 4377 4376
4181 4225 4377
4378 4181 4377
4375 4378 4377
4181 4378 4149
4378 4379 4149
4379 4378 4375
4149 4379 4122
4374 4363 4380
4375 4374 4380
4381 4122 4379
4122 4381 4119
4379 4375 4382
4375 4380 4382
4381 4379 4382
4380 4381 4382
4383 4380 4363
4380 4383 4381
4383 4363 4369
4384 4119 4381
4384 4381 4383
4369 4384 4383
4119 4384 4112
4369 4371 4384
4371 4112 4384
4371 4385 4112
4371 4366 4385
4106 4112 4385
4106 4385 4366
4106 4366 4367
4386 4106 4367
4370 4386 4367
4370 4099 4386
4370 4387 4099
4387 4370 4355
4387 4355 4351
4099 4387 4388
4099 4388 4389
4390 4387 4351
4390 4351 4391
4392 4393 4394
4392 4394 4395
4396 4397 4398
4396 4398 4399
4398 4400 4401
4402 4398 4401
4402 4401 4403
4404 4398 4402
4405 4404 4402
4405 4406 4404
4407 4406 4405
4407 4408 4406
4408 4407 4409
4408 4409 4410
4411 4410 4409
4411 4412 4410
4412 4413 4410
4404 4414 4398
4414 4415 4398
4404 4416 4414
4404 4417 4416
4414 4416 4418
4414 4419 4415
4419 4420 4415
4419 4421 4420
4422 4420 4421
4423 4420 4422
4422 4421 4424
4425 4426 4427
4425 4427 4428
4429 4430 4431
4429 4431 4432
4433 4434 4435
4433 4435 4436
4437 4438 4433
4437 4433 4439
4440 4441 4442
4440 4442 4443
4444 4445 4440
4446 4440 4445
4446 4445 4447
4448 4440 4446
4446 4449 4448
4446 4450 4449
4451 4449 4450
4451 4450 4452
4451 4452 4453
4451 4453 4454
4455 4454 4453
4455 4456 4454
4454 4456 4457
4448 4458 4440
4458 4448 4459
4458 4459 4460
4458 4460 4461
4440 4458 4462
4440 4462 4463
4463 4462 4464
4463 4464 4465
4465 4464 4466
4465 4466 4467
4464 4468 4466
4469 4470 4471
4469 4471 4472
4473 4474 4475
4473 4475 4476
4477 4478 4479
4477 4479 4480
4481 4482 4483
4481 4483 4484
4485 4486 4487
4485 4487 4488
4489 4490 4491
4489 4491 4492
4493 4494 4495
4493 4495 4496
4497 4498 4499
4497 4499 4500
4501 4502 4503
4501 4503 4504
4505 4506 4507
4505 4507 4508
4509 4510 4511
4509 4511 4512
4513 4514 4515
4513 4515 4516
4517 4518 4519
4517 4519 4520
4521 4522 4523
4521 4523 4524
4525 4526 4527
4525 4527 4528
4529 4530 4531
4529 4531 4532
4531 4533 4532
4534 4533 4531
4535 4534 4531
4535 4531 4536
4537 4533 4534
4537 4534 4538
4537 4538 4539
4532 4533 4540
4532 4540 4541
4532 4541 4542
4543 4533 4537
4537 4544 4543
4537 4545 4544
4540 4533 4546
4547 4533 4543
4548 4533 4547
4549 4547 4543
4549 4543 4550
4548 4547 4551
4548 4551 4552
4553 4540 4546
4553 4554 4540
4546 4533 4555
4556 4546 4555
4556 4557 4546
4558 4533 4548
4548 4559 4558
4548 4560 4559
4561 4533 4558
4562 4561 4558
4562 4563 4561
4555 4533 4564
4555 4564 4565
4555 4565 4566
4567 4533 4561
4568 4567 4561
4568 4561 4569
4564 4533 4570
4570 4533 4567
4571 4564 4570
4571 4572 4564
4573 4570 4567
4573 4567 4574
4575 4576 4577
4575 4577 4578
4579 4580 4581
4579 4581 4582
4581 4583 4584
4585 4583 4581
4585 4586 4583
4587 4585 4581
4588 4585 4587
4588 4587 4589
4590 4588 4589
4590 4589 4591
4591 4592 4590
4591 4593 4592
4594 4592 4593
4594 4593 4595
4595 4593 4596
4587 4581 4597
4597 4581 4598
4587 4597 4599
4587 4599 4600
4597 4601 4599
4597 4598 4602
4603 4602 4598
4603 4604 4602
4605 4604 4603
4606 4605 4603
4605 4607 4604
4608 4609 4610
4608 4610 4611
4612 4613 4614
4612 4614 4615
4616 4617 4618
4616 4618 4619
4620 4621 4616
4620 4616 4622
4623 4624 4625
4623 4625 4626
4627 4623 4628
4629 4628 4623
4629 4630 4628
4631 4629 4623
4629 4631 4632
4629 4632 4633
4634 4633 4632
4634 4635 4633
4634 4636 4635
4634 4637 4636
4638 4636 4637
4638 4637 4639
4637 4640 4639
4631 4623 4641
4641 4642 4631
4641 4643 4642
4641 4644 4643
4623 4645 4641
4623 4646 4645
4646 4647 4645
4646 4648 4647
4648 4649 4647
4648 4650 4649
4647 4649 4651
4652 4653 4654
4652 4654 4655
4656 4657 4658
4656 4658 4659
4660 4661 4662
4660 4662 4663
4664 4665 4666
4664 4666 4667
4668 4669 4670
4668 4670 4671
4672 4673 4674
4672 4674 4675
4676 4677 4678
4676 4678 4679
4680 4681 4682
4680 4682 4683
4684 4685 4686
4684 4686 4687
4688 4689 4690
4688 4690 4691
4692 4693 4694
4692 4694 4695
4696 4697 4698
4696 4698 4699
4700 4701 4702
4700 4702 4703
4704 4705 4706
4704 4706 4707
4708 4709 4710
4708 4710 4711
4712 4713 4714
4712 4715 4713
4713 4715 4716
4717 4713 4716
4718 4713 4717
4718 4719 4713
4720 4717 4716
4720 4721 4717
4720 4722 4721
4715 4723 4716
4715 4724 4723
4715 4725 4724
4726 4720 4716
4720 4726 4727
4720 4727 4728
4723 4729 4716
4730 4726 4716
4731 4730 4716
4732 4726 4730
4732 4733 4726
4731 4734 4730
4731 4735 4734
4736 4729 4723
4736 4723 4737
4729 4738 4716
4739 4738 4729
4739 4729 4740
4741 4731 4716
4731 4741 4742
4731 4742 4743
4744 4741 4716
4745 4741 4744
4745 4744 4746
4738 4747 4716
4738 4748 4747
4738 4749 4748
4750 4744 4716
4751 4744 4750
4751 4752 4744
4747 4753 4716
4753 4750 4716
4754 4753 4747
4754 4747 4755
4756 4750 4753
4756 4757 4750
4758 4759 4760
4761 4758 4760
4762 4763 4764
4762 4764 4765
4766 4767 4768
4766 4768 4769
4770 4771 4772
4770 4772 4773
4774 4775 4776
4774 4776 4777
4778 4779 4780
4778 4780 4781
4782 4783 4784
4782 4784 4785
4786 4787 4788
4786 4788 4789
4790 4791 4792
4790 4792 4793
4794 4795 4796
4794 4796 4797
4798 4799 4800
4801 4799 4798
4802 4803 4804
4802 4804 4805
4806 4807 4808
4806 4808 4809
4810 4811 4812
4810 4812 4813
4814 4815 4816
4814 4816 4817
4818 4819 4820
4818 4820 4821
4822 4823 4824
4822 4824 4825
4826 4827 4828
4826 4828 4829
4830 4831 4832
4830 4832 4833
4834 4835 4836
4834 4836 4837
4838 4839 4840
4838 4840 4841
4842 4843 4844
4842 4844 4845
4846 4847 4848
4846 4848 4849
4850 4851 4852
4850 4852 4853
4854 4855 4856
4857 4856 4855
4858 4859 4860
4858 4860 4861
4862 4863 4864
4863 4865 4864
4866 4867 4868
4866 4868 4869
4870 4871 4872
4870 4872 4873
4874 4875 4876
4874 4876 4877
4878 4879 4880
4878 4880 4881
4882 4883 4884
4882 4884 4885
4886 4887 4888
4886 4888 4889
4890 4891 4892
4893 4892 4891
4894 4895 4896
4894 4896 4897
4898 4899 4900
4900 4899 4901
4902 4903 4904
4902 4904 4905
4906 4907 4908
4906 4908 4909
4910 4911 4912
4910 4912 4913
4914 4915 4916
4914 4916 4917
4918 4919 4920
4918 4921 4919
4922 4921 4918
4922 4918 4923
4919 4921 4924
4922 4924 4921
4919 4924 4925
4922 4926 4924
4922 4927 4928
4922 4928 4929
4922 4929 4930
4922 4930 4931
4932 4933 4934
4932 4934 4935
4936 4937 4938
4936 4938 4939
4940 4941 4942
4940 4943 4941
4944 4943 4940
4945 4946 4947
4945 4947 4948
4949 4950 4951
4949 4951 4952
4953 4954 4955
4953 4955 4956
4957 4958 4959
4957 4959 4960
4961 4962 4963
4961 4964 4962
4965 4964 4961
4965 4966 4964
4967 4968 4969
4967 4969 4970
4967 4970 4971
4972 4970 4969
4972 4969 4973
4974 4973 4975
4974 4975 4976
4976 4977 4974
4976 4978 4977
4979 4978 4976
4980 4981 4982
4980 4982 4983
4984 4980 4983
4984 4985 4980
4986 4985 4984
4986 4984 4987
4988 4986 4987
4988 4987 4989
4990 4991 4992
4990 4992 4993
4994 4990 4993
4995 4996 4997
4995 4997 4998
4999 5000 5001
4999 5001 5002
5003 5004 5005
5003 5005 5006
5007 5003 5006
5007 5008 5003
5005 5009 5006
5007 5006 5009
5005 5010 5009
5007 5009 5011
5007 5012 5013
5007 5014 5012
5007 5015 5014
5007 5016 5015
5017 5018 5019
5017 5019 5020
5021 5022 5023
5021 5023 5024
5025 5026 5027
5025 5027 5028
5029 5025 5028
5030 5031 5032
5030 5032 5033
5034 5035 5036
5034 5036 5037
5038 5039 5040
5038 5040 5041
5042 5043 5044
5042 5044 5045
5046 5047 5048
5046 5048 5049
5050 5046 5049
5050 5049 5051
5052 5053 5054
5052 5055 5053
5052 5056 5055
5057 5053 5055
5057 5058 5053
5059 5060 5058
5059 5061 5060
5061 5059 5062
5061 5062 5063
5064 5061 5063
5065 5066 5067
5065 5068 5066
5069 5068 5065
5069 5065 5070
5071 5069 5070
5071 5072 5069
5073 5072 5071
5073 5074 5072
5075 5076 5077
5075 5078 5076
5079 5078 5075
3292 5080 3335
3289 5080 3292
3289 5081 5080
5082 5080 5081
3289 3278 5081
3278 5082 5081
5083 3335 5080
5082 5083 5080
5083 5084 3335
3336 3335 5084
5085 3336 5084
5086 5084 5083
5082 5086 5083
5085 5084 5087
5086 5087 5084
5088 5085 5087
5086 5088 5087
5088 5089 5085
5088 5090 5089
5088 5091 5090
3274 5091 5088
3274 5088 5092
5086 5092 5088
3273 3274 5092
5092 5086 5093
5092 5093 3273
5082 5093 5086
3273 5093 3275
5082 3275 5093
5082 5094 3275
3278 5094 5082
3275 5094 3276
3276 5094 3278
5095 5096 5097
5096 5098 5097
5096 5099 5098
5100 5099 5096
5100 5101 5099
5102 5101 5100
5095 5103 5096
5096 5103 5100
5103 5095 5104
5103 5104 5105
5100 5103 5105
5105 5104 5106
5105 5106 5107
5107 5100 5105
5108 5107 5106
5102 5100 5109
5107 5109 5100
5110 5102 5109
5108 5111 5107
5109 5107 5111
5111 5108 5112
5110 5109 5113
5109 5111 5113
5113 5114 5110
5115 5113 5111
5113 5115 5114
5111 5112 5116
5115 5111 5116
5117 5116 5112
5115 5116 5117
5117 5112 5118
5117 5118 5119
5120 5114 5115
5115 5117 5120
5120 5121 5114
5117 5119 5122
5120 5117 5122
5122 5119 5123
5124 5121 5120
5120 5122 5124
5124 5125 5121
5124 5126 5125
5122 5123 5127
5127 5124 5122
5127 5123 5128
5124 5129 5126
5127 5129 5124
5127 5128 5130
5130 5129 5127
5131 5130 5128
5132 5126 5129
5130 5132 5129
5130 5133 5132
5132 5134 5126
5133 5134 5132
5133 5135 5134
5136 5135 5133
5131 5137 5130
5130 5137 5133
5131 5138 5137
5137 5138 5133
5131 5139 5138
5133 5138 5140
5136 5133 5140
5140 5138 5139
5136 5140 5141
5140 5139 5141
5136 5141 5142
5141 5143 5142
5141 5144 5143
5139 5144 5141
5145 5143 5144
5145 5144 5146
5146 5147 5145
5139 5148 5144
5146 5144 5148
5139 5149 5148
5139 5150 5149
5146 5151 5147
5152 5147 5151
5146 5148 5153
5153 5148 5149
5152 5151 5154
5155 5152 5154
5156 5151 5146
5153 5156 5146
5156 5154 5151
5156 5153 5157
5153 5149 5157
5150 5158 5149
5150 5159 5158
5158 5159 5160
5156 5161 5154
5161 5156 5157
5162 5157 5149
5162 5149 5158
5161 5157 5162
5155 5154 5163
5163 5154 5161
5158 5160 5164
5162 5158 5164
5165 5155 5163
5165 5166 5155
5161 5162 5167
5162 5164 5167
5168 5164 5160
5167 5164 5168
5168 5160 5169
5170 5168 5169
5163 5161 5171
5171 5165 5163
5161 5167 5171
5172 5166 5165
5172 5173 5166
5171 5174 5165
5174 5171 5167
5172 5165 5174
5167 5168 5175
5174 5167 5175
5170 5176 5168
5175 5168 5176
5174 5175 5177
5175 5176 5177
5170 5178 5176
5178 5177 5176
5170 5179 5178
5173 5172 5180
5173 5180 5181
5172 5174 5182
5174 5177 5182
5172 5182 5183
5183 5182 5177
5172 5183 5180
5184 5181 5180
5184 5185 5181
5186 5185 5184
5179 5187 5178
5179 5188 5187
5178 5189 5177
5183 5177 5189
5178 5190 5189
5183 5189 5190
5178 5187 5190
5180 5183 5191
5180 5191 5184
5183 5190 5191
5188 5192 5187
5188 5193 5192
5192 5193 5194
5184 5191 5195
5190 5195 5191
5196 5190 5187
5196 5187 5192
5190 5196 5195
5192 5194 5197
5197 5196 5192
5197 5194 5198
5184 5195 5199
5186 5184 5199
5196 5200 5195
5200 5199 5195
5201 5186 5199
5200 5201 5199
5201 5202 5186
5197 5198 5203
5204 5203 5198
5197 5205 5196
5196 5205 5200
5205 5197 5203
5205 5206 5200
5206 5201 5200
5205 5203 5206
5207 5202 5201
5206 5207 5201
5203 5207 5206
5207 5208 5202
5207 5209 5208
5204 5210 5203
5203 5210 5207
5207 5210 5209
5211 5210 5204
5211 5209 5210
5212 5213 5214
5214 5213 5215
5214 5215 5216
5217 5214 5216
5217 5216 5218
5219 5217 5218
5212 5214 5220
5214 5217 5220
5220 5221 5212
5220 5222 5221
5217 5222 5220
5222 5223 5221
5222 5224 5223
5224 5222 5217
5225 5223 5224
5219 5226 5217
5224 5217 5226
5227 5226 5219
5225 5224 5228
5226 5228 5224
5228 5229 5225
5227 5230 5226
5226 5230 5228
5230 5227 5231
5232 5228 5230
5230 5231 5232
5228 5233 5229
5232 5233 5228
5234 5229 5233
5232 5234 5233
5234 5235 5229
5234 5236 5235
5237 5232 5231
5232 5237 5234
5237 5231 5238
5234 5239 5236
5237 5239 5234
5239 5240 5236
5241 5237 5238
5237 5241 5239
5241 5238 5242
5241 5242 5243
5239 5244 5240
5244 5239 5241
5244 5245 5240
5241 5243 5246
5244 5241 5246
5244 5247 5245
5247 5244 5246
5248 5245 5247
5249 5246 5243
5247 5246 5249
5247 5249 5250
5249 5243 5251
5250 5249 5251
5250 5251 5252
5253 5250 5252
5248 5247 5254
5247 5250 5254
5248 5254 5255
5254 5250 5255
5248 5255 5256
5250 5257 5255
5253 5257 5250
5257 5256 5255
5253 5258 5257
5257 5258 5256
5253 5259 5258
5258 5259 5260
5258 5260 5261
5256 5258 5261
5262 5261 5260
5262 5263 5261
5263 5262 5264
5256 5261 5265
5263 5265 5261
5256 5265 5266
5256 5266 5267
5263 5264 5268
5269 5268 5264
5263 5270 5265
5270 5266 5265
5269 5271 5268
5272 5271 5269
5273 5263 5268
5270 5263 5273
5273 5268 5271
5273 5274 5270
5270 5274 5266
5267 5266 5275
5267 5275 5276
5275 5277 5276
5273 5271 5278
5278 5274 5273
5279 5266 5274
5279 5275 5266
5278 5279 5274
5272 5280 5271
5280 5278 5271
5275 5281 5277
5279 5281 5275
5282 5280 5272
5282 5272 5283
5278 5284 5279
5279 5284 5281
5285 5277 5281
5284 5285 5281
5285 5286 5277
5287 5286 5285
5280 5288 5278
5288 5280 5282
5278 5288 5284
5289 5282 5283
5289 5283 5290
5288 5282 5291
5291 5284 5288
5289 5291 5282
5284 5292 5285
5291 5292 5284
5287 5285 5293
5292 5293 5285
5291 5294 5292
5292 5294 5293
5287 5293 5295
5295 5293 5294
5287 5295 5296
5290 5297 5289
5290 5298 5297
5289 5299 5291
5291 5299 5294
5289 5300 5299
5300 5294 5299
5289 5297 5300
5301 5297 5298
5301 5298 5302
5303 5301 5302
5295 5294 5304
5300 5304 5294
5296 5295 5305
5296 5305 5306
5295 5304 5307
5300 5307 5304
5295 5307 5305
5297 5308 5300
5297 5301 5308
5300 5308 5307
5306 5305 5309
5306 5309 5310
5309 5311 5310
5301 5312 5308
5307 5308 5312
5313 5305 5307
5313 5309 5305
5307 5312 5313
5309 5314 5311
5314 5309 5313
5314 5315 5311
5301 5316 5312
5303 5316 5301
5313 5312 5317
5317 5312 5316
5318 5316 5303
5317 5316 5318
5318 5303 5319
5314 5320 5315
5321 5315 5320
5314 5313 5322
5313 5317 5322
5322 5320 5314
5322 5317 5323
5323 5317 5318
5322 5323 5320
5324 5318 5319
5323 5318 5324
5320 5323 5324
5324 5319 5325
5324 5325 5326
5321 5320 5327
5320 5324 5327
5324 5326 5327
5328 5321 5327
5328 5327 5326
