byte offset: 0
first index: 7020
index count: 15276
topology: trianglelist
format: DXGI_FORMAT_R16_UINT

1638 1639 1640
1641 1642 1643
1644 1645 1646
1647 1648 1649
1650 1651 1652
1650 1653 1651
1653 1650 1654
1653 1654 1655
1653 1655 1656
1655 1654 1657
1658 1656 1655
1655 1657 1658
1658 1659 1656
1657 1660 1658
1660 1659 1658
1657 1661 1660
1660 1662 1659
1660 1661 1663
1664 1662 1660
1660 1663 1664
1664 1665 1662
1664 1666 1665
1663 1667 1664
1664 1667 1666
1663 1668 1667
1667 1669 1666
1667 1668 1670
1667 1671 1669
1667 1670 1671
1671 1672 1669
1670 1673 1671
1671 1673 1672
1670 1674 1673
1673 1675 1672
1675 1673 1674
1675 1674 1676
1676 1677 1675
1676 1678 1677
1679 1680 1681
1679 1682 1680
1682 1683 1680
1684 1683 1682
1685 1680 1683
1684 1686 1683
1685 1683 1687
1687 1683 1686
1688 1685 1687
1687 1686 1689
1688 1687 1690
1690 1687 1689
1690 1689 1691
1692 1688 1690
1693 1690 1691
1692 1690 1694
1693 1694 1690
1692 1694 1695
1693 1695 1694
1693 1696 1695
1692 1695 1697
1695 1696 1698
1697 1695 1699
1695 1698 1699
1697 1699 1700
1699 1698 1701
1700 1699 1702
1699 1701 1702
1703 1702 1701
1703 1704 1702
1700 1702 1705
1704 1705 1702
1706 1705 1704
1706 1707 1705
1708 1709 1710
1708 1711 1709
1711 1708 1712
1711 1712 1713
1713 1712 1714
1713 1714 1715
1714 1716 1715
1714 1717 1716
1718 1716 1717
1718 1719 1716
1720 1719 1718
1720 1718 1721
1722 1720 1721
1722 1721 1723
1723 1724 1722
1723 1725 1724
1726 1727 1728
1728 1729 1726
1728 1730 1729
1730 1731 1729
1730 1732 1731
1732 1733 1731
1732 1734 1733
1735 1733 1734
1735 1736 1733
1737 1736 1735
1737 1738 1736
1739 1738 1737
1739 1740 1738
1741 1740 1739
1742 1743 1744
1742 1744 1745
1745 1744 1746
1745 1746 1747
1748 1749 1750
1748 1751 1749
1752 1751 1748
1752 1753 1751
1754 1755 1756
1754 1757 1755
1758 1757 1754
1758 1759 1757
1760 1759 1758
1760 1761 1759
1762 1761 1760
1762 1763 1761
1764 1763 1762
1764 1765 1763
1766 1765 1764
1766 1767 1765
1768 1767 1766
1768 1769 1767
1770 1769 1768
1770 1771 1769
1772 1773 1774
1772 1774 1775
1775 1774 1776
1775 1776 1777
1777 1776 1778
1777 1778 1779
1779 1778 1780
1779 1780 1781
1781 1780 1782
1781 1782 1783
1783 1782 1784
1783 1784 1785
1786 1787 1788
1786 1789 1787
1790 1789 1786
1790 1791 1789
1792 1793 1794
1792 1794 1795
1795 1794 1796
1795 1796 1797
1798 1799 1800
1798 1801 1799
1802 1799 1801
1802 1801 1803
1804 1805 1806
1806 1805 1807
1808 1809 1810
1808 1810 1811
1812 1808 1811
1812 1811 1813
1814 1815 1816
1815 1814 1817
1818 1819 1820
1818 1821 1819
1822 1823 1824
1822 1824 1825
1826 1822 1825
1826 1825 1827
1827 1828 1826
1827 1829 1828
1830 1831 1832
1830 1832 1833
1834 1830 1833
1834 1835 1830
1836 1835 1834
1835 1836 1837
1835 1837 1838
1839 1840 1841
1839 1842 1840
1839 1843 1842
1844 1843 1839
1845 1843 1844
1846 1845 1844
1846 1847 1845
1845 1848 1843
1848 1845 1849
1848 1849 1850
1849 1851 1850
1849 1852 1851
1853 1854 1855
1853 1856 1854
1856 1857 1854
1857 1858 1854
1857 1859 1858
1859 1860 1858
1859 1861 1860
1857 1862 1859
1859 1862 1863
1863 1862 1864
1865 1863 1864
1865 1866 1863
1867 1868 1869
1867 1869 1870
1871 1872 1873
1871 1873 1874
1875 1876 1877
1876 1875 1878
1879 1876 1878
1880 1876 1879
1880 1879 1881
1882 1880 1881
1882 1883 1880
1884 1885 1886
1884 1886 1887
1887 1886 1888
1887 1888 1889
1890 1889 1888
1890 1891 1889
1892 1893 1894
1892 1894 1895
1894 1896 1895
1896 1897 1895
1896 1898 1897
1897 1898 1899
1897 1899 1900
1901 1902 1903
1901 1903 1904
1905 1901 1904
1905 1906 1901
1907 1906 1905
1908 1906 1907
1908 1909 1906
1910 1911 1912
1912 1913 1910
1912 1914 1913
1915 1913 1914
1916 1915 1914
1916 1917 1915
1918 1917 1916
1919 1915 1917
1920 1915 1919
1921 1922 1923
1921 1923 1924
1925 1926 1927
1926 1928 1927
1926 1929 1928
1930 1928 1929
1930 1929 1931
1932 1930 1931
1933 1934 1935
1936 1935 1934
1936 1937 1935
1938 1937 1936
1938 1939 1937
1939 1938 1940
1941 1942 1943
1941 1943 1944
1945 1946 1947
1946 1948 1947
1948 1949 1947
1950 1951 1952
1950 1952 1953
1952 1954 1953
1953 1954 1955
1956 1955 1954
1957 1955 1956
1957 1956 1958
1959 1960 1961
1959 1961 1962
1962 1963 1959
1964 1965 1966
1964 1966 1967
1968 1969 1970
1968 1970 1971
1968 1971 1972
1973 1972 1971
1974 1975 1976
1974 1977 1975
1975 1977 1978
1978 1977 1979
1974 1980 1977
1981 1980 1974
1982 1980 1981
1982 1981 1983
1983 1984 1982
1985 1986 1987
1987 1986 1988
1987 1988 1989
1986 1990 1988
1990 1991 1988
1992 1993 1994
1992 1994 1995
1996 1997 1998
1996 1998 1999
1996 1999 2000
1996 2000 2001
2000 1999 2002
2003 2004 2005
2003 2006 2004
2007 2004 2006
2007 2006 2008
2009 2010 2011
2009 2011 2012
2013 2012 2011
2013 2014 2012
2015 2016 2017
2016 2018 2017
2019 2020 2021
2019 2022 2020
2023 2022 2019
2023 2024 2022
2025 2026 2027
2027 2028 2025
2029 2030 2031
2029 2031 2032
2033 2034 2035
2033 2036 2034
2037 2036 2033
2037 2038 2036
2038 2037 2039
2038 2039 2040
2041 2042 2043
2041 2044 2042
2045 2044 2041
2045 2041 2046
2047 2045 2046
2046 2048 2047
2046 2049 2048
2050 2051 2052
2050 2052 2053
2050 2053 2054
2055 2050 2054
2056 2055 2054
2057 2055 2056
2057 2056 2058
2056 2054 2059
2059 2060 2056
2059 2061 2060
2060 2061 2062
2060 2062 2063
2064 2065 2066
2064 2066 2067
2067 2066 2068
2068 2066 2069
2068 2069 2070
2070 2069 2071
2070 2071 2072
2068 2070 2073
2070 2074 2073
2074 2075 2073
2076 2075 2074
2076 2074 2077
2078 2079 2080
2078 2081 2079
2082 2083 2084
2082 2084 2085
2086 2087 2088
2088 2089 2086
2090 2089 2088
2091 2090 2088
2091 2092 2090
2093 2092 2091
2093 2091 2094
2095 2096 2097
2095 2098 2096
2098 2099 2096
2098 2100 2099
2101 2099 2100
2101 2100 2102
2103 2104 2105
2103 2106 2104
2104 2106 2107
2107 2106 2108
2107 2108 2109
2108 2110 2109
2108 2111 2110
2112 2113 2114
2112 2115 2113
2116 2115 2112
2116 2112 2117
2118 2116 2117
2119 2118 2117
2119 2117 2120
2121 2122 2123
2121 2124 2122
2124 2121 2125
2124 2126 2122
2124 2125 2127
2127 2125 2128
2127 2128 2129
2124 2130 2126
2130 2124 2127
2129 2128 2131
2132 2131 2128
2132 2133 2131
2134 2133 2132
2126 2130 2135
2126 2135 2136
2137 2136 2135
2130 2127 2138
2138 2127 2129
2139 2130 2138
2139 2135 2130
2137 2135 2140
2141 2137 2140
2142 2140 2135
2142 2135 2139
2141 2140 2143
2143 2140 2142
2143 2144 2141
2139 2138 2145
2138 2129 2145
2142 2139 2146
2139 2145 2146
2143 2147 2144
2143 2142 2148
2147 2143 2148
2142 2146 2149
2148 2142 2149
2146 2145 2150
2150 2149 2146
2144 2147 2151
2144 2151 2152
2152 2151 2153
2152 2153 2154
2155 2153 2151
2155 2151 2156
2156 2151 2147
2157 2155 2156
2147 2148 2158
2156 2147 2158
2157 2156 2159
2158 2159 2156
2148 2149 2160
2158 2148 2160
2161 2157 2159
2161 2162 2157
2161 2163 2162
2164 2162 2163
2161 2159 2165
2163 2161 2165
2149 2166 2160
2158 2160 2167
2167 2160 2166
2158 2168 2159
2158 2167 2168
2169 2165 2159
2169 2159 2168
2163 2165 2170
2169 2170 2165
2164 2163 2171
2171 2163 2170
2149 2172 2166
2150 2172 2149
2164 2171 2173
2164 2173 2174
2167 2166 2175
2167 2176 2168
2175 2176 2167
2177 2169 2168
2177 2168 2176
2169 2178 2170
2178 2169 2177
2171 2170 2179
2179 2170 2178
2171 2180 2173
2171 2179 2180
2173 2181 2174
2173 2180 2181
2180 2182 2181
2177 2183 2178
2179 2178 2183
2184 2180 2179
2184 2179 2183
2180 2184 2182
2177 2185 2183
2185 2184 2183
2176 2185 2177
2182 2184 2185
2186 2174 2181
2187 2174 2186
2176 2188 2185
2182 2185 2188
2181 2189 2186
2181 2182 2189
2187 2186 2190
2189 2190 2186
2190 2191 2187
2192 2188 2176
2175 2192 2176
2193 2182 2188
2192 2193 2188
2190 2194 2191
2195 2191 2194
2189 2196 2190
2196 2194 2190
2197 2189 2182
2193 2197 2182
2195 2194 2198
2199 2195 2198
2196 2200 2194
2198 2194 2200
2201 2196 2189
2201 2189 2197
2199 2198 2202
2203 2199 2202
2198 2200 2204
2202 2198 2204
2205 2200 2196
2205 2196 2201
2203 2202 2206
2207 2203 2206
2200 2208 2204
2200 2205 2208
2201 2209 2205
2197 2210 2201
2201 2210 2209
2205 2211 2208
2205 2209 2211
2202 2204 2212
2204 2208 2213
2204 2213 2212
2214 2202 2212
2202 2214 2206
2214 2212 2215
2215 2212 2213
2208 2211 2216
2208 2216 2213
2214 2217 2206
2217 2214 2215
2209 2218 2211
2209 2219 2218
2210 2219 2209
2211 2218 2220
2211 2220 2216
2210 2221 2219
2222 2221 2210
2222 2223 2221
2197 2222 2210
2224 2223 2222
2197 2224 2222
2224 2225 2223
2197 2193 2224
2225 2224 2226
2193 2226 2224
2225 2226 2227
2193 2192 2226
2228 2227 2226
2229 2226 2192
2228 2226 2229
2229 2192 2175
2229 2230 2228
2230 2231 2228
2232 2229 2175
2175 2166 2232
2172 2232 2166
2230 2229 2233
2232 2233 2229
2230 2234 2231
2233 2234 2230
2172 2235 2232
2235 2233 2232
2231 2234 2236
2231 2236 2237
2233 2238 2234
2235 2238 2233
2234 2238 2239
2234 2239 2236
2239 2238 2235
2240 2235 2172
2239 2235 2240
2240 2172 2150
2236 2241 2237
2241 2236 2239
2242 2240 2150
2242 2150 2145
2239 2240 2243
2239 2243 2241
2240 2242 2243
2244 2237 2241
2244 2245 2237
2244 2246 2245
2247 2242 2145
2145 2129 2247
2248 2243 2242
2247 2248 2242
2249 2241 2243
2248 2249 2243
2249 2244 2241
2244 2250 2246
2250 2251 2246
2252 2250 2244
2252 2244 2249
2250 2253 2251
2252 2253 2250
2254 2251 2253
2248 2255 2249
2247 2255 2248
2254 2253 2256
2256 2257 2254
2249 2258 2252
2249 2255 2258
2259 2252 2258
2252 2260 2253
2256 2253 2260
2259 2260 2252
2256 2261 2257
2262 2257 2261
2263 2258 2255
2263 2259 2258
2264 2255 2247
2263 2255 2264
2256 2260 2265
2261 2256 2265
2262 2261 2266
2267 2262 2266
2268 2260 2259
2268 2265 2260
2261 2265 2269
2266 2261 2269
2264 2247 2270
2129 2270 2247
2268 2271 2265
2271 2269 2265
2129 2272 2270
2129 2131 2272
2272 2131 2133
2270 2272 2273
2272 2133 2273
2274 2264 2270
2270 2273 2274
2273 2133 2275
2134 2275 2133
2276 2264 2274
2276 2263 2264
2274 2273 2277
2274 2277 2276
2273 2275 2277
2263 2276 2278
2278 2276 2277
2263 2278 2259
2278 2277 2279
2279 2277 2275
2259 2278 2279
2280 2275 2134
2279 2275 2280
2280 2134 2281
2259 2279 2282
2282 2279 2280
2282 2280 2281
2268 2259 2282
2281 2283 2282
2268 2282 2283
2284 2283 2281
2268 2283 2285
2284 2285 2283
2286 2285 2284
2268 2285 2271
2286 2287 2285
2287 2271 2285
2287 2286 2288
2287 2289 2271
2271 2289 2269
2287 2288 2290
2289 2287 2290
2290 2288 2291
2292 2269 2289
2266 2269 2292
2289 2290 2293
2292 2289 2293
2290 2291 2294
2293 2290 2294
2294 2291 2295
2296 2266 2292
2267 2266 2296
2297 2292 2293
2296 2292 2297
2298 2267 2296
2298 2299 2267
2298 2300 2299
2298 2296 2301
2297 2301 2296
2300 2298 2302
2298 2301 2302
2293 2294 2303
2297 2293 2303
2294 2295 2304
2304 2295 2305
2303 2294 2306
2306 2294 2304
2297 2303 2307
2303 2306 2307
2297 2308 2301
2297 2307 2308
2306 2309 2307
2309 2306 2304
2310 2301 2308
2310 2302 2301
2310 2309 2311
2312 2308 2307
2308 2312 2310
2309 2312 2307
2312 2309 2310
2313 2309 2304
2309 2313 2311
2314 2313 2304
2304 2305 2314
2311 2313 2314
2305 2315 2314
2315 2311 2314
2305 2316 2315
2316 2317 2315
2316 2318 2317
2317 2318 2319
2310 2311 2320
2320 2302 2310
2315 2321 2311
2315 2317 2321
2317 2319 2322
2322 2319 2323
2322 2323 2324
2325 2322 2324
2326 2317 2322
2325 2326 2322
2326 2321 2317
2327 2326 2325
2311 2328 2320
2321 2328 2311
2320 2329 2302
2328 2329 2320
2330 2321 2326
2321 2330 2328
2327 2331 2326
2330 2326 2331
2330 2332 2328
2328 2332 2329
2329 2333 2302
2300 2302 2333
2334 2300 2333
2329 2335 2333
2335 2334 2333
2335 2329 2332
2335 2336 2334
2336 2335 2337
2335 2332 2337
2338 2336 2337
2338 2337 2339
2340 2339 2337
2341 2332 2330
2341 2337 2332
2331 2341 2330
2340 2337 2341
2331 2342 2341
2342 2340 2341
2342 2331 2327
2342 2343 2340
2342 2327 2344
2344 2343 2342
2344 2345 2343
2346 2347 2348
2346 2348 2349
2350 2346 2349
2351 2349 2348
2350 2349 2352
2351 2353 2349
2352 2349 2353
2354 2350 2352
2354 2355 2350
2356 2355 2354
2356 2354 2357
2357 2354 2352
2358 2356 2357
2351 2359 2353
2351 2360 2359
2357 2352 2361
2353 2361 2352
2358 2357 2362
2362 2363 2358
2364 2362 2357
2364 2357 2361
2361 2365 2364
2363 2362 2366
2366 2362 2364
2363 2366 2367
2367 2366 2368
2367 2368 2369
2368 2370 2369
2353 2371 2361
2365 2361 2371
2366 2364 2372
2364 2365 2372
2366 2372 2373
2366 2373 2368
2365 2373 2372
2374 2373 2365
2368 2375 2370
2375 2376 2370
2377 2368 2373
2374 2377 2373
2378 2368 2377
2375 2368 2378
2378 2377 2374
2375 2379 2376
2380 2376 2379
2375 2378 2381
2379 2375 2381
2378 2374 2382
2381 2378 2382
2380 2379 2383
2384 2380 2383
2379 2385 2383
2384 2383 2386
2385 2386 2383
2387 2384 2386
2387 2388 2384
2389 2388 2387
2379 2381 2390
2379 2390 2385
2385 2391 2386
2391 2387 2386
2389 2387 2392
2392 2393 2389
2394 2385 2390
2391 2385 2394
2395 2390 2381
2394 2390 2395
2391 2396 2387
2392 2387 2396
2392 2397 2393
2398 2393 2397
2395 2381 2399
2381 2382 2399
2400 2399 2382
2374 2400 2382
2401 2395 2399
2400 2401 2399
2402 2394 2395
2401 2402 2395
2391 2394 2403
2403 2396 2391
2392 2396 2404
2397 2392 2404
2402 2405 2394
2403 2394 2405
2403 2406 2396
2406 2404 2396
2403 2405 2407
2407 2406 2403
2397 2404 2408
2406 2409 2404
2408 2404 2409
2407 2410 2406
2410 2409 2406
2411 2397 2408
2398 2397 2411
2411 2412 2398
2413 2405 2402
2407 2405 2414
2413 2414 2405
2402 2415 2413
2402 2401 2415
2408 2409 2416
2411 2408 2417
2417 2408 2416
2411 2418 2412
2418 2411 2417
2416 2409 2419
2410 2419 2409
2412 2418 2420
2412 2420 2421
2422 2421 2420
2422 2423 2421
2424 2423 2422
2424 2425 2423
2425 2424 2426
2425 2426 2427
2428 2427 2426
2418 2429 2420
2420 2430 2422
2420 2429 2430
2431 2424 2422
2431 2422 2430
2432 2426 2424
2432 2424 2431
2418 2433 2429
2429 2433 2434
2418 2417 2433
2434 2433 2417
2434 2417 2435
2417 2416 2435
2435 2416 2436
2416 2419 2436
2437 2431 2430
2438 2430 2429
2437 2430 2438
2431 2439 2432
2431 2437 2439
2429 2434 2440
2438 2429 2440
2441 2437 2438
2437 2442 2439
2437 2441 2442
2443 2438 2440
2441 2438 2443
2432 2439 2444
2439 2442 2445
2439 2445 2444
2432 2444 2446
2426 2432 2446
2426 2446 2447
2428 2426 2447
2448 2428 2447
2448 2449 2428
2447 2446 2450
2447 2450 2448
2451 2449 2448
2450 2451 2448
2451 2452 2449
2453 2446 2444
2453 2450 2446
2454 2444 2445
2454 2453 2444
2450 2455 2451
2455 2450 2453
2452 2451 2456
2452 2456 2457
2457 2456 2458
2457 2458 2459
2460 2459 2458
2461 2451 2455
2461 2456 2451
2455 2453 2462
2461 2455 2462
2453 2454 2463
2453 2463 2462
2460 2458 2464
2464 2465 2460
2466 2458 2456
2466 2456 2461
2464 2467 2465
2467 2468 2465
2468 2467 2469
2468 2469 2470
2471 2467 2464
2469 2467 2471
2472 2470 2469
2472 2473 2470
2474 2473 2472
2475 2472 2469
2474 2472 2475
2469 2471 2476
2475 2469 2476
2477 2476 2471
2476 2478 2475
2479 2474 2475
2479 2475 2478
2479 2480 2474
2481 2480 2479
2481 2482 2480
2479 2483 2481
2479 2478 2483
2484 2483 2478
2477 2471 2485
2471 2464 2485
2464 2486 2485
2486 2477 2485
2487 2477 2486
2464 2458 2486
2488 2486 2458
2487 2486 2488
2466 2488 2458
2466 2487 2488
2466 2489 2487
2489 2466 2461
2489 2461 2490
2461 2462 2490
2490 2491 2489
2487 2489 2491
2462 2492 2490
2492 2491 2490
2462 2463 2492
2493 2477 2487
2487 2491 2494
2493 2487 2494
2491 2495 2494
2495 2493 2494
2492 2496 2491
2491 2496 2495
2497 2492 2463
2498 2496 2492
2498 2492 2497
2496 2499 2495
2498 2499 2496
2500 2493 2495
2499 2500 2495
2493 2501 2477
2493 2500 2501
2497 2463 2502
2502 2463 2454
2503 2477 2501
2503 2476 2477
2476 2503 2478
2501 2504 2503
2478 2503 2504
2501 2500 2505
2501 2505 2504
2506 2505 2500
2499 2506 2500
2502 2454 2507
2445 2507 2454
2478 2504 2508
2484 2478 2508
2509 2504 2505
2506 2509 2505
2484 2508 2510
2484 2510 2511
2508 2504 2512
2509 2512 2504
2508 2512 2510
2513 2511 2510
2513 2514 2511
2515 2514 2513
2515 2513 2516
2510 2517 2513
2510 2512 2517
2516 2513 2517
2518 2517 2512
2516 2517 2518
2518 2512 2509
2519 2516 2518
2520 2509 2506
2520 2518 2509
2521 2519 2518
2520 2521 2518
2521 2522 2519
2521 2523 2522
2521 2524 2523
2525 2523 2524
2520 2506 2526
2499 2526 2506
2527 2521 2520
2521 2527 2524
2520 2526 2527
2526 2524 2527
2526 2499 2528
2526 2528 2524
2498 2528 2499
2524 2528 2498
2525 2524 2529
2524 2498 2529
2498 2497 2529
2530 2525 2529
2530 2529 2497
2502 2530 2497
2502 2531 2530
2502 2532 2531
2502 2507 2532
2532 2507 2533
2532 2533 2534
2445 2533 2507
2533 2535 2534
2445 2536 2533
2533 2536 2535
2445 2442 2536
2536 2537 2535
2442 2538 2536
2536 2538 2537
2442 2441 2538
2538 2539 2537
2441 2540 2538
2538 2540 2539
2441 2443 2540
2541 2539 2540
2542 2540 2443
2541 2540 2542
2542 2443 2543
2443 2440 2543
2541 2542 2544
2541 2544 2545
2544 2546 2545
2543 2440 2547
2547 2440 2434
2542 2543 2548
2542 2548 2544
2543 2547 2548
2544 2549 2546
2550 2546 2549
2550 2549 2551
2544 2552 2549
2551 2549 2552
2544 2548 2552
2551 2552 2553
2548 2554 2552
2553 2552 2554
2548 2547 2554
2553 2554 2555
2554 2556 2555
2557 2554 2547
2554 2557 2556
2547 2434 2558
2557 2547 2558
2434 2559 2558
2559 2557 2558
2434 2435 2559
2556 2557 2560
2559 2560 2557
2556 2560 2561
2560 2562 2561
2559 2435 2563
2435 2436 2563
2560 2564 2562
2564 2565 2562
2560 2559 2566
2559 2563 2566
2560 2566 2564
2564 2567 2565
2566 2567 2564
2567 2568 2565
2567 2569 2568
2569 2567 2570
2566 2570 2567
2569 2570 2571
2570 2572 2571
2566 2563 2573
2566 2573 2570
2573 2563 2436
2570 2573 2572
2573 2436 2574
2574 2572 2573
2574 2436 2419
2574 2575 2572
2574 2419 2576
2575 2574 2576
2410 2576 2419
2575 2576 2577
2410 2578 2576
2578 2577 2576
2407 2578 2410
2578 2579 2577
2407 2580 2578
2579 2578 2580
2579 2580 2581
2407 2414 2580
2582 2581 2580
2582 2580 2414
2413 2582 2414
2413 2583 2582
2583 2413 2415
2583 2415 2584
2585 2584 2415
2585 2586 2584
2587 2586 2585
2587 2588 2586
2415 2589 2585
2589 2587 2585
2401 2589 2415
2590 2588 2587
2590 2591 2588
2592 2591 2590
2401 2593 2589
2400 2593 2401
2592 2590 2594
2595 2592 2594
2589 2593 2596
2593 2400 2597
2593 2597 2596
2589 2598 2587
2589 2596 2598
2599 2587 2598
2599 2598 2596
2590 2587 2600
2599 2600 2587
2600 2601 2590
2601 2600 2599
2601 2594 2590
2602 2599 2596
2601 2599 2602
2597 2400 2603
2374 2603 2400
2604 2603 2374
2604 2597 2603
2604 2374 2365
2605 2596 2597
2604 2605 2597
2602 2596 2605
2606 2604 2365
2605 2604 2606
2365 2371 2606
2605 2606 2607
2607 2602 2605
2607 2606 2371
2608 2601 2602
2607 2608 2602
2608 2594 2601
2607 2371 2609
2608 2607 2609
2609 2371 2353
2609 2353 2359
2608 2609 2610
2594 2608 2610
2610 2609 2359
2594 2610 2611
2611 2595 2594
2610 2359 2612
2611 2610 2612
2612 2359 2360
2612 2360 2613
2614 2595 2611
2611 2612 2614
2613 2614 2612
2614 2615 2595
2613 2616 2614
2614 2616 2615
2617 2618 2619
2620 2618 2617
2620 2621 2618
2622 2621 2620
2623 2621 2622
2623 2622 2624
2625 2623 2624
2626 2624 2622
2627 2626 2622
2628 2629 2630
2628 2630 2631
2632 2633 2634
2635 2634 2633
2635 2636 2634
2636 2635 2637
2636 2637 2638
2639 2638 2637
2640 2641 2642
2641 2643 2642
2641 2644 2643
2644 2645 2643
2644 2646 2645
2646 2647 2645
2648 2649 2650
2648 2650 2651
2652 2653 2654
2654 2653 2655
2655 2653 2656
2657 2658 2659
2657 2659 2660
2657 2660 2661
2660 2662 2661
2663 2661 2662
2663 2662 2664
2663 2664 2665
2666 2667 2668
2666 2669 2667
2669 2666 2670
2671 2672 2673
2671 2673 2674
2675 2676 2677
2678 2676 2675
2678 2675 2679
2680 2678 2679
2681 2682 2683
2681 2683 2684
2683 2685 2684
2685 2686 2684
2681 2684 2687
2688 2681 2687
2688 2687 2689
2688 2689 2690
2690 2689 2691
2692 2693 2694
2695 2694 2693
2695 2693 2696
2694 2695 2697
2697 2695 2698
2699 2700 2701
2699 2701 2702
2703 2704 2705
2703 2706 2704
2707 2706 2703
2707 2708 2706
2707 2703 2709
2710 2711 2712
2710 2713 2711
2713 2710 2714
2713 2714 2715
2716 2717 2718
2716 2718 2719
2716 2719 2720
2721 2716 2720
2716 2721 2722
2722 2723 2716
2724 2725 2726
2727 2724 2726
2726 2728 2727
2726 2729 2728
2726 2730 2729
2731 2730 2726
2732 2733 2734
2735 2733 2732
2733 2735 2736
2733 2736 2737
2738 2733 2737
2733 2738 2739
2740 2741 2742
2743 2742 2741
2744 2742 2743
2745 2742 2744
2746 2742 2745
2747 2742 2746
2748 2749 2750
2748 2751 2749
2748 2752 2751
2752 2753 2751
2752 2754 2753
2755 2753 2754
2755 2754 2756
2755 2756 2757
2755 2757 2758
2757 2759 2758
2757 2760 2759
2760 2761 2759
2760 2762 2761
2763 2761 2762
2763 2762 2764
2764 2765 2763
2764 2766 2765
2767 2765 2766
2767 2768 2765
2768 2767 2769
2770 2771 2772
2770 2772 2773
2774 2770 2773
2775 2773 2772
2774 2773 2776
2776 2777 2774
2775 2778 2773
2776 2773 2778
2776 2779 2777
2779 2780 2777
2781 2778 2775
2781 2775 2782
2776 2778 2783
2783 2779 2776
2783 2778 2781
2784 2781 2782
2784 2782 2785
2783 2781 2786
2786 2781 2784
2787 2784 2785
2787 2785 2788
2788 2789 2787
2783 2790 2779
2790 2783 2786
2786 2784 2791
2791 2784 2787
2787 2789 2792
2793 2792 2789
2791 2787 2794
2794 2787 2792
2791 2795 2786
2790 2786 2796
2796 2786 2795
2794 2797 2791
2791 2797 2795
2795 2797 2798
2798 2797 2794
2799 2796 2795
2795 2798 2799
2799 2798 2800
2801 2790 2796
2799 2801 2796
2798 2794 2802
2800 2798 2802
2803 2794 2792
2802 2794 2803
2802 2803 2804
2803 2792 2805
2793 2805 2792
2803 2805 2806
2806 2804 2803
2807 2805 2793
2807 2806 2805
2807 2793 2808
2801 2809 2790
2779 2790 2809
2779 2809 2810
2779 2810 2780
2811 2809 2801
2811 2810 2809
2812 2780 2810
2811 2812 2810
2812 2813 2780
2814 2807 2808
2814 2808 2815
2811 2801 2816
2816 2801 2799
2799 2800 2816
2817 2813 2812
2817 2818 2813
2819 2818 2817
2819 2817 2820
2812 2820 2817
2821 2819 2820
2822 2812 2811
2820 2812 2822
2823 2811 2816
2823 2822 2811
2821 2820 2824
2824 2825 2821
2826 2820 2822
2826 2822 2823
2824 2820 2826
2824 2827 2825
2828 2825 2827
2824 2826 2829
2829 2827 2824
2816 2830 2823
2830 2816 2800
2826 2823 2831
2826 2831 2829
2823 2830 2832
2823 2832 2831
2828 2827 2833
2829 2834 2827
2833 2827 2834
2835 2829 2831
2834 2829 2835
2836 2831 2832
2835 2831 2836
2837 2832 2830
2837 2836 2832
2830 2800 2838
2837 2830 2838
2828 2833 2839
2828 2839 2840
2840 2839 2841
2840 2841 2842
2843 2841 2839
2844 2839 2833
2843 2839 2844
2844 2833 2845
2833 2834 2845
2846 2843 2844
2846 2844 2845
2846 2847 2843
2846 2848 2847
2849 2845 2834
2846 2845 2849
2848 2846 2850
2849 2850 2846
2849 2834 2851
2851 2834 2835
2848 2850 2852
2848 2852 2853
2849 2854 2850
2851 2854 2849
2852 2850 2854
2851 2835 2855
2856 2855 2835
2836 2856 2835
2837 2856 2836
2837 2857 2856
2856 2857 2855
2837 2858 2857
2838 2858 2837
2838 2859 2858
2858 2859 2860
2859 2838 2800
2859 2800 2861
2861 2860 2859
2802 2861 2800
2861 2802 2804
2861 2862 2860
2804 2862 2861
2863 2860 2862
2864 2855 2857
2865 2857 2858
2864 2857 2865
2858 2860 2866
2865 2858 2866
2867 2855 2864
2867 2851 2855
2867 2868 2851
2851 2868 2854
2868 2867 2869
2864 2869 2867
2870 2854 2868
2868 2869 2870
2870 2871 2854
2852 2854 2871
2852 2871 2872
2870 2872 2871
2852 2872 2873
2873 2853 2852
2874 2853 2873
2874 2875 2853
2876 2874 2873
2876 2877 2874
2876 2878 2877
2879 2873 2872
2879 2876 2873
2870 2880 2872
2879 2872 2880
2876 2881 2878
2881 2882 2878
2883 2880 2870
2883 2870 2869
2884 2876 2879
2884 2881 2876
2879 2880 2885
2883 2885 2880
2879 2885 2884
2881 2886 2882
2887 2882 2886
2881 2884 2888
2881 2888 2886
2889 2884 2885
2889 2888 2884
2883 2890 2885
2890 2889 2885
2869 2891 2883
2883 2892 2890
2883 2891 2892
2893 2890 2892
2890 2893 2889
2894 2893 2892
2891 2894 2892
2869 2895 2891
2864 2895 2869
2889 2893 2896
2894 2896 2893
2897 2888 2889
2889 2896 2897
2898 2897 2896
2897 2899 2888
2899 2897 2898
2899 2886 2888
2891 2900 2894
2895 2900 2891
2864 2901 2895
2865 2901 2864
2902 2896 2894
2898 2896 2902
2902 2894 2903
2903 2894 2900
2895 2904 2900
2901 2904 2895
2865 2905 2901
2866 2905 2865
2906 2902 2903
2898 2902 2906
2903 2900 2907
2907 2900 2904
2906 2903 2907
2901 2908 2904
2905 2908 2901
2866 2909 2905
2860 2909 2866
2907 2904 2910
2910 2904 2908
2906 2907 2911
2911 2907 2910
2905 2912 2908
2909 2912 2905
2910 2908 2913
2913 2908 2912
2860 2914 2909
2863 2914 2860
2915 2906 2911
2898 2906 2915
2911 2910 2916
2916 2910 2913
2909 2917 2912
2914 2918 2909
2918 2917 2909
2913 2912 2919
2919 2912 2917
2914 2863 2920
2914 2920 2918
2920 2921 2918
2918 2922 2917
2921 2922 2918
2916 2913 2923
2919 2923 2913
2919 2917 2924
2922 2924 2917
2920 2863 2925
2920 2925 2921
2919 2926 2923
2924 2926 2919
2927 2925 2863
2927 2921 2925
2916 2923 2928
2929 2923 2926
2929 2928 2923
2930 2916 2928
2931 2928 2929
2931 2930 2928
2930 2932 2916
2932 2911 2916
2932 2933 2911
2915 2911 2933
2934 2932 2930
2935 2930 2931
2935 2934 2930
2934 2936 2932
2936 2933 2932
2937 2934 2935
2937 2936 2934
2933 2938 2915
2936 2939 2933
2933 2939 2938
2939 2936 2940
2937 2940 2936
2915 2938 2941
2941 2898 2915
2938 2939 2942
2939 2940 2942
2943 2941 2938
2938 2942 2943
2941 2944 2898
2899 2898 2944
2945 2944 2941
2943 2945 2941
2946 2899 2944
2945 2946 2944
2946 2947 2899
2899 2947 2886
2887 2886 2947
2887 2947 2946
2887 2946 2948
2948 2946 2945
2948 2945 2949
2949 2945 2943
2949 2943 2950
2950 2943 2942
2950 2942 2951
2952 2951 2942
2952 2953 2951
2940 2952 2942
2954 2952 2940
2954 2940 2937
2955 2954 2937
2954 2955 2956
2937 2935 2955
2955 2957 2956
2955 2935 2958
2955 2959 2957
2955 2958 2959
2935 2960 2958
2935 2931 2960
2961 2957 2959
2961 2962 2957
2963 2959 2958
2960 2963 2958
2963 2961 2959
2964 2962 2961
2964 2965 2962
2966 2964 2961
2966 2961 2963
2963 2967 2966
2963 2968 2967
2960 2968 2963
2969 2960 2931
2969 2931 2929
2967 2968 2970
2967 2970 2971
2968 2960 2972
2960 2969 2972
2968 2972 2970
2971 2970 2973
2971 2973 2974
2975 2970 2972
2975 2973 2970
2976 2972 2969
2976 2975 2972
2929 2977 2969
2976 2969 2977
2929 2978 2977
2929 2926 2978
2976 2977 2979
2979 2977 2978
2976 2980 2975
2979 2980 2976
2978 2926 2981
2924 2981 2926
2979 2978 2982
2978 2981 2982
2982 2983 2979
2979 2983 2980
2984 2975 2980
2973 2975 2984
2981 2985 2982
2982 2985 2983
2983 2985 2986
2983 2987 2980
2987 2984 2980
2983 2986 2987
2981 2988 2985
2988 2981 2924
2988 2986 2985
2988 2924 2989
2922 2989 2924
2989 2990 2988
2988 2990 2986
2991 2986 2990
2922 2992 2989
2989 2992 2990
2991 2990 2993
2992 2993 2990
2922 2994 2992
2921 2994 2922
2995 2992 2994
2992 2995 2993
2921 2996 2994
2995 2994 2996
2921 2997 2996
2927 2997 2921
2998 2993 2995
2996 2999 2995
2998 2995 2999
3000 2996 2997
2996 3000 2999
2927 3001 2997
3000 2997 3001
2991 2993 3002
3002 2993 2998
2927 3003 3001
2927 2863 3003
3003 2863 3004
3004 2863 2862
3003 3005 3001
3003 3004 3005
3004 2862 3006
2804 3006 2862
3004 3007 3005
3004 3006 3007
3008 3001 3005
3008 3005 3007
3009 3006 2804
3009 3007 3006
3010 3009 2804
2806 3010 2804
3007 3009 3011
3007 3011 3008
3010 3011 3009
3010 3012 3011
3012 3008 3011
3008 3013 3001
3000 3001 3013
2806 3014 3010
3010 3014 3012
3012 3015 3008
3013 3008 3015
3014 3015 3012
3016 3000 3013
3000 3016 2999
2806 3017 3014
2807 3017 2806
3018 3017 2807
3014 3017 3018
3018 2807 2814
3014 3019 3015
3014 3018 3019
3013 3015 3020
3019 3020 3015
2814 3021 3018
3018 3021 3019
3022 2999 3016
3022 2998 2999
3013 3023 3016
3013 3020 3023
3019 3024 3020
3024 3019 3021
2814 3025 3021
2815 3025 2814
2815 3026 3025
3027 3025 3026
3027 3021 3025
3027 3026 3028
3027 3029 3021
3024 3021 3029
3030 3027 3028
3029 3027 3030
3030 3028 3031
3032 3020 3024
3032 3023 3020
3033 3024 3029
3029 3030 3033
3033 3032 3024
3034 3030 3031
3033 3030 3034
3034 3031 3035
3036 3032 3033
3033 3034 3036
3037 3034 3035
3036 3034 3037
3037 3035 3038
3039 3037 3038
3039 3038 3040
3023 3032 3041
3041 3032 3036
3036 3037 3042
3042 3037 3039
3041 3036 3042
3043 3039 3040
3043 3040 3044
3023 3041 3045
3016 3023 3045
3016 3045 3022
3041 3022 3045
3041 3046 3022
3042 3046 3041
2998 3022 3046
2998 3046 3002
3042 3047 3046
3002 3046 3047
3042 3039 3047
3002 3047 2991
2991 3047 3039
2991 3039 3048
3039 3043 3048
3043 3044 3049
3044 3050 3049
3051 3049 3050
2991 3048 3052
2986 2991 3052
3043 3053 3048
3043 3049 3053
3051 3054 3049
3055 3054 3051
2986 3052 3056
2986 3056 2987
3052 3048 3057
3048 3053 3057
3057 3056 3052
3058 3053 3049
3058 3049 3054
3053 3059 3057
3057 3059 3056
3053 3058 3059
3055 3060 3054
3060 3055 3061
3062 2987 3056
3062 3056 3059
3058 3063 3059
3062 3059 3063
3054 3064 3058
3054 3060 3064
3058 3064 3063
3060 3061 3065
3066 3065 3061
3062 3067 2987
2987 3067 2984
3068 3064 3060
3068 3060 3065
3064 3069 3063
3064 3068 3069
3063 3070 3062
3063 3069 3070
3062 3070 3067
3066 3071 3065
3072 3071 3066
3072 3073 3071
3074 3071 3073
3075 3065 3071
3074 3075 3071
3075 3068 3065
3075 3074 3076
3068 3077 3069
3068 3075 3077
3077 3070 3069
3075 3076 3077
3077 3078 3070
3076 3078 3077
3067 3070 3078
3076 3079 3078
3067 3078 3080
3080 3078 3079
3080 2984 3067
3080 3079 3081
3080 2973 2984
3082 3080 3081
2973 3080 3082
3082 3081 3083
3082 2974 2973
3082 3083 2974
3084 3085 3086
3084 3086 3087
3084 3087 3088
3088 3087 3089
3088 3089 3090
3091 3090 3089
3091 3092 3090
3091 3093 3092
3091 3094 3093
3093 3094 3095
3093 3095 3096
3096 3095 3097
3096 3097 3098
3099 3098 3097
3099 3100 3098
3100 3099 3101
3100 3101 3102
3103 3102 3101
3103 3101 3104
3104 3105 3103
3106 3107 3108
3106 3109 3107
3110 3109 3106
3111 3107 3109
3110 3112 3109
3112 3110 3113
3111 3109 3114
3112 3114 3109
3112 3113 3115
3115 3113 3116
3117 3111 3114
3117 3118 3111
3112 3119 3114
3119 3112 3115
3119 3117 3114
3120 3118 3117
3120 3121 3118
3119 3122 3117
3122 3120 3117
3123 3121 3120
3123 3124 3121
3124 3123 3125
3119 3115 3126
3126 3122 3119
3122 3127 3120
3127 3123 3120
3123 3128 3125
3129 3125 3128
3127 3130 3123
3130 3128 3123
3127 3122 3131
3126 3132 3122
3132 3131 3122
3130 3127 3133
3127 3131 3133
3131 3134 3133
3134 3130 3133
3135 3131 3132
3131 3135 3134
3135 3136 3134
3137 3132 3126
3135 3132 3137
3134 3138 3130
3136 3138 3134
3139 3128 3130
3138 3139 3130
3138 3140 3139
3139 3141 3128
3129 3128 3141
3139 3142 3141
3142 3139 3140
3143 3129 3141
3143 3141 3142
3143 3144 3129
3137 3126 3145
3115 3145 3126
3115 3146 3145
3115 3116 3146
3147 3137 3145
3147 3145 3146
3148 3146 3116
3147 3146 3148
3148 3116 3149
3150 3144 3143
3150 3151 3144
3147 3152 3137
3152 3135 3137
3135 3152 3136
3153 3148 3149
3153 3149 3154
3155 3153 3154
3155 3156 3153
3148 3153 3156
3157 3156 3155
3158 3147 3148
3156 3158 3148
3159 3152 3147
3159 3147 3158
3157 3160 3156
3160 3157 3161
3162 3158 3156
3162 3159 3158
3160 3162 3156
3160 3161 3163
3164 3163 3161
3160 3165 3162
3165 3160 3163
3152 3159 3166
3166 3136 3152
3162 3167 3159
3162 3165 3167
3159 3168 3166
3159 3167 3168
3164 3169 3163
3165 3163 3170
3169 3170 3163
3171 3167 3165
3170 3171 3165
3167 3172 3168
3171 3172 3167
3173 3166 3168
3173 3168 3172
3166 3174 3136
3173 3174 3166
3164 3175 3169
3164 3176 3175
3176 3177 3175
3176 3178 3177
3179 3175 3177
3180 3169 3175
3179 3180 3175
3180 3181 3169
3169 3181 3170
3182 3180 3179
3182 3181 3180
3182 3179 3183
3182 3183 3184
3185 3170 3181
3182 3185 3181
3184 3186 3182
3185 3182 3186
3185 3187 3170
3187 3171 3170
3184 3188 3186
3184 3189 3188
3185 3186 3190
3187 3185 3190
3188 3190 3186
3187 3191 3171
3191 3192 3171
3192 3172 3171
3173 3172 3192
3173 3192 3193
3191 3193 3192
3173 3193 3194
3174 3173 3194
3174 3194 3195
3194 3196 3195
3195 3136 3174
3195 3197 3136
3197 3195 3196
3138 3136 3197
3197 3140 3138
3197 3196 3198
3140 3197 3198
3199 3198 3196
3200 3193 3191
3194 3193 3201
3200 3201 3193
3194 3202 3196
3194 3201 3202
3203 3200 3191
3203 3191 3187
3203 3187 3204
3187 3190 3204
3204 3205 3203
3200 3203 3205
3206 3204 3190
3204 3206 3205
3206 3190 3207
3188 3207 3190
3188 3208 3207
3206 3207 3208
3188 3209 3208
3209 3188 3189
3210 3209 3189
3210 3189 3211
3212 3209 3210
3212 3210 3213
3212 3213 3214
3215 3208 3209
3215 3209 3212
3206 3208 3216
3215 3216 3208
3212 3214 3217
3217 3214 3218
3219 3206 3216
3219 3205 3206
3220 3215 3212
3220 3212 3217
3215 3221 3216
3219 3216 3221
3215 3220 3221
3217 3218 3222
3223 3222 3218
3217 3224 3220
3217 3222 3224
3225 3221 3220
3225 3220 3224
3219 3221 3226
3226 3221 3225
3205 3219 3227
3219 3226 3228
3219 3228 3227
3229 3228 3226
3226 3225 3229
3230 3228 3229
3227 3228 3230
3205 3227 3231
3200 3205 3231
3225 3232 3229
3230 3229 3232
3233 3225 3224
3225 3233 3232
3234 3232 3233
3233 3224 3235
3235 3234 3233
3235 3224 3222
3227 3230 3236
3231 3227 3236
3200 3231 3237
3237 3201 3200
3238 3230 3232
3234 3238 3232
3238 3239 3230
3239 3236 3230
3231 3236 3240
3237 3231 3240
3237 3241 3201
3202 3201 3241
3242 3239 3238
3234 3242 3238
3239 3243 3236
3243 3240 3236
3242 3243 3239
3237 3240 3244
3244 3241 3237
3202 3241 3245
3196 3202 3245
3243 3246 3240
3246 3244 3240
3242 3247 3243
3247 3246 3243
3244 3248 3241
3245 3241 3248
3246 3249 3244
3249 3248 3244
3196 3245 3250
3199 3196 3250
3251 3247 3242
3234 3251 3242
3247 3252 3246
3252 3249 3246
3245 3248 3253
3250 3245 3254
3254 3245 3253
3249 3255 3248
3253 3248 3255
3250 3256 3199
3250 3254 3256
3256 3254 3257
3254 3253 3258
3257 3254 3258
3252 3259 3249
3259 3255 3249
3253 3255 3260
3258 3253 3260
3256 3261 3199
3256 3257 3261
3259 3262 3255
3260 3255 3262
3263 3199 3261
3263 3261 3257
3252 3264 3259
3265 3262 3259
3265 3259 3264
3266 3264 3252
3267 3265 3264
3267 3264 3266
3266 3252 3268
3268 3252 3247
3268 3247 3269
3251 3269 3247
3270 3266 3268
3271 3267 3266
3271 3266 3270
3270 3268 3272
3272 3268 3269
3273 3271 3270
3273 3270 3272
3269 3251 3274
3272 3269 3275
3269 3274 3275
3275 3276 3272
3273 3272 3276
3251 3277 3274
3277 3251 3234
3274 3278 3275
3275 3278 3276
3279 3274 3277
3274 3279 3278
3277 3234 3280
3235 3280 3234
3281 3277 3280
3279 3277 3281
3282 3280 3235
3281 3280 3282
3282 3235 3283
3235 3222 3283
3223 3283 3222
3223 3282 3283
3223 3284 3282
3284 3281 3282
3284 3285 3281
3285 3279 3281
3285 3286 3279
3286 3278 3279
3286 3287 3278
3288 3278 3287
3288 3287 3289
3276 3278 3288
3290 3276 3288
3290 3273 3276
3291 3273 3290
3290 3292 3291
3273 3291 3271
3291 3292 3293
3291 3294 3271
3291 3293 3295
3291 3295 3294
3271 3294 3296
3271 3296 3267
3297 3295 3293
3297 3293 3298
3299 3294 3295
3296 3294 3299
3299 3295 3297
3300 3297 3298
3300 3298 3301
3302 3297 3300
3302 3299 3297
3299 3302 3303
3299 3303 3304
3296 3299 3304
3305 3267 3296
3305 3265 3267
3303 3306 3304
3303 3307 3306
3304 3308 3296
3296 3308 3305
3304 3306 3308
3307 3309 3306
3307 3310 3309
3311 3308 3306
3311 3306 3309
3312 3305 3308
3312 3308 3311
3265 3305 3313
3312 3313 3305
3265 3313 3314
3265 3314 3262
3312 3315 3313
3314 3313 3315
3312 3311 3316
3315 3312 3316
3317 3262 3314
3260 3262 3317
3314 3315 3318
3317 3314 3318
3318 3315 3319
3315 3316 3319
3320 3316 3311
3309 3320 3311
3317 3318 3321
3318 3319 3321
3319 3322 3321
3319 3316 3323
3323 3316 3320
3319 3323 3322
3317 3321 3324
3324 3260 3317
3324 3321 3322
3324 3325 3260
3258 3260 3325
3325 3324 3326
3324 3322 3326
3327 3326 3322
3258 3325 3328
3325 3326 3328
3327 3329 3326
3328 3326 3329
3258 3328 3330
3257 3258 3330
3331 3330 3328
3328 3329 3331
3257 3330 3332
3331 3332 3330
3257 3332 3333
3263 3257 3333
3334 3331 3329
3332 3331 3335
3334 3335 3331
3336 3333 3332
3332 3335 3336
3263 3333 3337
3336 3337 3333
3327 3338 3329
3338 3334 3329
3263 3337 3339
3263 3339 3199
3339 3340 3199
3340 3198 3199
3339 3337 3341
3339 3341 3340
3340 3342 3198
3140 3198 3342
3340 3341 3343
3340 3343 3342
3344 3341 3337
3344 3343 3341
3345 3140 3342
3345 3342 3343
3346 3140 3345
3142 3140 3346
3343 3347 3345
3343 3344 3347
3346 3345 3347
3346 3347 3348
3348 3347 3344
3344 3337 3349
3336 3349 3337
3142 3346 3350
3346 3348 3350
3348 3344 3351
3349 3351 3344
3350 3348 3351
3352 3349 3336
3336 3335 3352
3142 3350 3353
3143 3142 3353
3354 3143 3353
3350 3354 3353
3354 3150 3143
3350 3351 3355
3350 3355 3354
3349 3356 3351
3355 3351 3356
3150 3354 3357
3354 3355 3357
3358 3352 3335
3358 3335 3334
3349 3352 3359
3349 3359 3356
3355 3356 3360
3360 3357 3355
3150 3357 3361
3151 3150 3361
3151 3361 3362
3363 3362 3361
3363 3361 3357
3363 3364 3362
3363 3357 3365
3360 3365 3357
3366 3364 3363
3365 3366 3363
3366 3367 3364
3368 3360 3356
3368 3356 3359
3369 3365 3360
3365 3369 3366
3369 3360 3368
3370 3367 3366
3369 3370 3366
3370 3371 3367
3372 3369 3368
3369 3372 3370
3373 3371 3370
3372 3373 3370
3373 3374 3371
3375 3374 3373
3375 3376 3374
3359 3377 3368
3377 3372 3368
3372 3378 3373
3378 3375 3373
3377 3378 3372
3379 3376 3375
3379 3380 3376
3359 3381 3377
3352 3381 3359
3352 3358 3381
3377 3381 3358
3377 3358 3382
3378 3377 3382
3334 3382 3358
3334 3338 3382
3378 3382 3383
3338 3383 3382
3378 3383 3375
3338 3327 3383
3327 3375 3383
3327 3384 3375
3375 3384 3379
3379 3385 3380
3380 3385 3386
3387 3386 3385
3327 3388 3384
3322 3388 3327
3379 3384 3389
3379 3389 3385
3387 3385 3390
3391 3387 3390
3322 3392 3388
3322 3323 3392
3388 3393 3384
3384 3393 3389
3393 3388 3392
3394 3385 3389
3394 3390 3385
3389 3393 3395
3393 3392 3395
3389 3395 3394
3391 3390 3396
3396 3397 3391
3398 3392 3323
3398 3395 3392
3394 3395 3399
3398 3399 3395
3390 3394 3400
3390 3400 3396
3394 3399 3400
3396 3401 3397
3402 3397 3401
3398 3323 3403
3323 3320 3403
3399 3398 3404
3398 3403 3404
3400 3399 3405
3399 3404 3405
3406 3396 3400
3400 3405 3406
3406 3401 3396
3402 3401 3407
3408 3402 3407
3408 3407 3409
3410 3409 3407
3411 3407 3401
3410 3407 3411
3411 3401 3406
3411 3412 3410
3406 3405 3413
3406 3413 3411
3413 3405 3404
3411 3413 3412
3413 3404 3414
3412 3413 3414
3403 3414 3404
3412 3414 3415
3403 3416 3414
3416 3415 3414
3416 3403 3320
3416 3417 3415
3416 3320 3309
3418 3417 3416
3309 3418 3416
3418 3419 3417
3418 3309 3310
3418 3310 3419
3420 3421 3422
3423 3420 3422
3423 3422 3424
3423 3424 3425
3423 3425 3426
3426 3425 3427
3426 3427 3428
3428 3427 3429
3430 3431 3432
3430 3432 3433
3434 3435 3436
3434 3436 3437
3438 3434 3437
3438 3437 3439
3440 3438 3439
3440 3439 3441
3437 3442 3439
3437 3443 3442
3444 3445 3446
3444 3446 3447
3448 3449 3450
3450 3451 3448
3450 3452 3451
3453 3454 3455
3453 3455 3456
3457 3458 3459
3460 3457 3459
3460 3461 3457
3462 3463 3464
3462 3464 3465
3466 3467 3468
3466 3468 3469
3470 3471 3472
3470 3472 3473
3474 3475 3476
3474 3476 3477
3478 3479 3480
3478 3480 3481
3482 3483 3484
3482 3484 3485
3486 3487 3488
3486 3488 3489
3490 3491 3492
3490 3492 3493
3490 3494 3495
3490 3496 3494
3497 3494 3496
3497 3498 3494
3499 3500 3501
3499 3501 3502
3503 3504 3505
3503 3505 3506
3507 3508 3509
3507 3509 3510
3511 3512 3513
3511 3513 3514
3515 3516 3517
3515 3517 3518
3519 3520 3521
3519 3521 3522
3523 3524 3525
3523 3525 3526
3527 3528 3529
3527 3529 3530
3531 3532 3533
3531 3533 3534
3535 3536 3537
3535 3537 3538
3539 3540 3541
3539 3541 3542
3543 3544 3545
3543 3545 3546
3547 3548 3549
3547 3549 3550
3551 3552 3553
3551 3553 3554
3555 3556 3557
3555 3557 3558
3559 3560 3561
3559 3561 3562
3563 3564 3565
3563 3566 3564
3563 3567 3566
3563 3568 3567
3569 3564 3566
3567 3568 3570
3569 3566 3571
3567 3571 3566
3572 3569 3571
3572 3571 3573
3574 3572 3573
3575 3573 3571
3567 3575 3571
3574 3573 3576
3575 3576 3573
3577 3574 3576
3567 3570 3578
3579 3578 3570
3567 3580 3575
3567 3578 3580
3577 3576 3581
3582 3577 3581
3575 3583 3576
3580 3583 3575
3576 3584 3581
3576 3583 3584
3582 3581 3585
3581 3584 3585
3583 3586 3584
3584 3586 3585
3587 3582 3585
3587 3588 3582
3587 3589 3588
3585 3590 3587
3585 3586 3590
3587 3591 3589
3590 3591 3587
3592 3589 3591
3592 3591 3593
3594 3593 3591
3590 3594 3591
3594 3595 3593
3595 3594 3596
3595 3596 3597
3594 3590 3598
3594 3598 3596
3597 3596 3599
3597 3599 3600
3601 3600 3599
3601 3599 3602
3603 3599 3596
3603 3596 3598
3599 3604 3602
3599 3603 3604
3604 3605 3602
3604 3606 3605
3607 3598 3590
3607 3590 3586
3608 3603 3598
3608 3598 3607
3604 3609 3606
3609 3610 3606
3611 3604 3603
3611 3603 3608
3611 3609 3604
3612 3611 3608
3609 3613 3610
3613 3614 3610
3613 3615 3614
3614 3615 3616
3615 3617 3616
3611 3618 3609
3613 3609 3618
3611 3619 3618
3611 3612 3619
3613 3618 3620
3615 3613 3620
3619 3620 3618
3621 3612 3608
3607 3621 3608
3622 3617 3615
3622 3623 3617
3624 3623 3622
3624 3625 3623
3624 3626 3625
3627 3622 3615
3624 3622 3627
3626 3624 3628
3624 3627 3628
3627 3629 3628
3626 3628 3630
3629 3630 3628
3629 3631 3630
3632 3631 3629
3627 3615 3633
3615 3620 3633
3632 3629 3634
3635 3632 3634
3627 3636 3629
3633 3636 3627
3633 3620 3637
3619 3637 3620
3629 3638 3634
3629 3636 3638
3635 3634 3639
3638 3639 3634
3633 3640 3636
3633 3637 3640
3641 3636 3640
3638 3636 3641
3642 3640 3637
3641 3640 3642
3619 3643 3637
3642 3637 3643
3644 3635 3639
3644 3645 3635
3645 3644 3646
3645 3646 3647
3646 3648 3647
3649 3644 3639
3649 3646 3644
3638 3650 3639
3649 3639 3650
3638 3641 3651
3651 3650 3638
3641 3642 3652
3641 3652 3651
3642 3643 3653
3642 3653 3652
3646 3654 3648
3655 3648 3654
3655 3654 3656
3657 3655 3656
3657 3656 3658
3659 3654 3646
3659 3656 3654
3656 3660 3658
3659 3660 3656
3661 3660 3659
3662 3658 3660
3662 3660 3661
3663 3662 3661
3664 3663 3661
3659 3646 3665
3649 3665 3646
3664 3661 3666
3664 3666 3667
3661 3659 3668
3665 3668 3659
3667 3666 3669
3667 3669 3670
3670 3669 3671
3670 3671 3672
3671 3673 3672
3674 3666 3661
3674 3661 3668
3675 3669 3666
3671 3669 3675
3675 3666 3674
3676 3673 3671
3677 3673 3676
3677 3676 3678
3676 3679 3678
3676 3680 3679
3680 3681 3679
3676 3671 3682
3680 3676 3682
3671 3675 3683
3682 3671 3683
3674 3684 3675
3683 3675 3684
3683 3684 3685
3680 3686 3681
3686 3687 3681
3682 3683 3688
3683 3685 3688
3680 3682 3689
3686 3680 3689
3688 3689 3682
3686 3690 3687
3690 3691 3687
3690 3692 3691
3686 3689 3693
3693 3690 3686
3694 3692 3690
3693 3694 3690
3694 3695 3692
3694 3696 3695
3688 3697 3689
3697 3693 3689
3694 3698 3696
3698 3694 3693
3699 3688 3685
3697 3688 3699
3700 3696 3698
3700 3701 3696
3698 3693 3702
3697 3702 3693
3701 3700 3703
3701 3703 3704
3704 3703 3705
3704 3705 3706
3700 3707 3703
3705 3703 3707
3708 3700 3698
3700 3708 3707
3709 3706 3705
3709 3710 3706
3705 3707 3711
3708 3711 3707
3705 3711 3709
3712 3708 3698
3712 3698 3702
3711 3708 3712
3713 3710 3709
3713 3714 3710
3715 3714 3713
3715 3716 3714
3713 3717 3715
3709 3718 3713
3713 3718 3717
3711 3719 3709
3709 3719 3718
3711 3712 3720
3719 3711 3720
3721 3712 3702
3720 3712 3721
3722 3717 3718
3722 3723 3717
3724 3718 3719
3719 3720 3724
3724 3722 3718
3723 3722 3725
3723 3725 3726
3722 3724 3727
3727 3724 3720
3722 3727 3725
3726 3725 3728
3726 3728 3729
3579 3729 3728
3721 3702 3730
3730 3702 3697
3720 3721 3731
3727 3720 3731
3727 3732 3725
3725 3732 3728
3579 3728 3733
3579 3733 3578
3734 3733 3728
3734 3578 3733
3734 3728 3732
3727 3735 3732
3735 3727 3731
3578 3734 3736
3578 3736 3580
3580 3736 3737
3732 3738 3734
3736 3734 3738
3732 3735 3738
3736 3738 3739
3739 3738 3735
3736 3739 3737
3739 3735 3740
3735 3731 3740
3740 3737 3739
3731 3741 3740
3740 3741 3737
3731 3742 3741
3721 3742 3731
3721 3730 3742
3743 3741 3742
3743 3737 3741
3743 3742 3730
3580 3737 3744
3580 3744 3583
3586 3583 3744
3745 3744 3737
3586 3744 3745
3743 3745 3737
3607 3586 3745
3746 3743 3730
3745 3743 3746
3607 3745 3747
3745 3746 3747
3748 3747 3746
3607 3747 3621
3748 3621 3747
3746 3730 3749
3749 3748 3746
3730 3697 3749
3697 3699 3749
3749 3699 3748
3750 3621 3748
3621 3750 3612
3748 3699 3751
3699 3685 3751
3750 3748 3752
3748 3751 3752
3753 3612 3750
3753 3750 3754
3754 3750 3752
3755 3612 3753
3755 3753 3754
3755 3756 3612
3612 3756 3619
3619 3756 3643
3643 3756 3757
3643 3757 3653
3758 3653 3757
3756 3759 3757
3756 3755 3759
3759 3758 3757
3755 3754 3760
3755 3760 3759
3754 3752 3761
3761 3760 3754
3752 3751 3762
3752 3762 3761
3760 3763 3759
3759 3763 3758
3761 3764 3760
3760 3764 3763
3765 3764 3761
3763 3764 3765
3765 3761 3762
3751 3766 3762
3751 3685 3766
3767 3762 3766
3767 3765 3762
3767 3766 3685
3763 3765 3768
3765 3767 3768
3758 3763 3768
3767 3685 3769
3769 3768 3767
3769 3685 3684
3769 3770 3768
3758 3768 3770
3771 3769 3684
3770 3769 3771
3772 3758 3770
3770 3771 3772
3771 3684 3773
3674 3773 3684
3668 3773 3674
3773 3774 3771
3772 3771 3774
3668 3775 3773
3773 3775 3774
3665 3775 3668
3775 3665 3776
3775 3776 3774
3776 3665 3649
3772 3777 3758
3758 3777 3653
3652 3653 3777
3772 3774 3778
3778 3774 3776
3778 3777 3772
3776 3649 3779
3778 3776 3779
3650 3779 3649
3652 3777 3780
3778 3780 3777
3779 3780 3778
3651 3652 3780
3650 3781 3779
3651 3781 3650
3779 3781 3780
3651 3780 3781
3782 3783 3784
3782 3785 3783
3785 3782 3786
3787 3783 3785
3785 3786 3788
3789 3788 3786
3787 3785 3790
3788 3790 3785
3791 3787 3790
3789 3792 3788
3793 3792 3789
3788 3794 3790
3792 3794 3788
3791 3790 3795
3794 3795 3790
3796 3792 3793
3796 3793 3797
3792 3798 3794
3792 3796 3798
3799 3796 3797
3799 3797 3800
3801 3791 3795
3801 3802 3791
3794 3803 3795
3798 3803 3794
3798 3796 3804
3804 3796 3799
3799 3800 3805
3800 3806 3805
3806 3807 3805
3795 3808 3801
3795 3803 3808
3802 3801 3809
3802 3809 3810
3798 3811 3803
3804 3811 3798
3812 3810 3809
3812 3813 3810
3809 3814 3812
3801 3815 3809
3809 3815 3814
3801 3808 3815
3816 3814 3815
3816 3815 3817
3808 3817 3815
3817 3818 3816
3803 3819 3808
3803 3811 3819
3808 3819 3817
3818 3817 3820
3820 3817 3819
3818 3820 3821
3822 3819 3811
3804 3822 3811
3823 3821 3820
3823 3824 3821
3820 3819 3825
3822 3825 3819
3820 3825 3823
3826 3822 3804
3804 3799 3826
3825 3822 3827
3826 3827 3822
3828 3826 3799
3828 3799 3805
3824 3823 3829
3830 3824 3829
3831 3830 3829
3823 3825 3832
3825 3827 3832
3823 3833 3829
3832 3833 3823
3831 3829 3834
3833 3834 3829
3835 3831 3834
3835 3836 3831
3837 3835 3834
3837 3834 3838
3838 3834 3833
3839 3837 3838
3832 3840 3833
3840 3832 3827
3839 3838 3841
3842 3839 3841
3838 3833 3843
3840 3843 3833
3843 3841 3838
3842 3841 3844
3845 3842 3844
3845 3844 3846
3843 3847 3841
3844 3841 3847
3848 3846 3844
3844 3847 3848
3848 3849 3846
3850 3849 3848
3850 3848 3851
3851 3852 3850
3840 3853 3843
3853 3847 3843
3847 3854 3848
3854 3851 3848
3855 3851 3854
3856 3855 3854
3851 3857 3852
3855 3857 3851
3858 3852 3857
3847 3859 3854
3853 3859 3847
3859 3856 3854
3858 3857 3860
3857 3855 3860
3861 3858 3860
3862 3853 3840
3862 3859 3853
3861 3860 3863
3864 3861 3863
3860 3865 3863
3860 3855 3865
3866 3865 3855
3864 3863 3867
3865 3867 3863
3868 3864 3867
3868 3867 3869
3869 3867 3865
3869 3870 3868
3869 3871 3870
3869 3865 3872
3871 3869 3872
3872 3865 3866
3871 3872 3873
3873 3872 3874
3872 3866 3874
3873 3874 3875
3876 3875 3874
3876 3874 3877
3866 3877 3874
3878 3876 3877
3878 3877 3879
3880 3878 3879
3880 3879 3881
3879 3877 3882
3866 3882 3877
3883 3882 3866
3881 3879 3884
3879 3882 3884
3881 3884 3885
3886 3885 3884
3884 3882 3887
3886 3884 3887
3888 3887 3882
3888 3886 3887
3888 3882 3883
3888 3889 3886
3890 3889 3888
3883 3890 3888
3890 3891 3889
3891 3890 3892
3883 3892 3890
3893 3891 3892
3894 3893 3892
3894 3895 3893
3894 3896 3895
3883 3897 3892
3892 3897 3894
3894 3898 3896
3899 3896 3898
3899 3898 3900
3898 3894 3901
3897 3901 3894
3900 3898 3902
3898 3901 3902
3900 3902 3903
3903 3902 3904
3903 3904 3905
3902 3901 3906
3902 3906 3904
3897 3907 3901
3906 3901 3907
3856 3897 3883
3907 3897 3856
3905 3904 3908
3905 3908 3909
3807 3909 3908
3807 3910 3909
3807 3908 3805
3828 3805 3908
3828 3908 3904
3828 3904 3906
3906 3911 3828
3828 3911 3826
3827 3826 3911
3906 3907 3912
3906 3912 3911
3827 3911 3913
3913 3911 3912
3840 3827 3913
3862 3840 3913
3913 3912 3862
3914 3912 3907
3914 3862 3912
3862 3914 3859
3907 3856 3914
3859 3914 3856
3856 3883 3915
3856 3915 3855
3883 3866 3915
3866 3855 3915
3916 3917 3918
3916 3918 3919
3918 3920 3919
3918 3921 3920
3920 3921 3922
3920 3922 3923
3923 3922 3924
3923 3924 3925
3925 3924 3926
3925 3926 3927
3926 3928 3927
3926 3929 3928
3929 3930 3928
3929 3931 3930
3930 3931 3932
3930 3932 3933
3932 3934 3933
3932 3935 3934
3934 3935 3936
3934 3936 3937
3938 3939 3940
3938 3940 3941
3942 3938 3941
3942 3943 3938
3944 3943 3942
3944 3945 3943
3944 3946 3945
3944 3947 3946
3948 3946 3947
3948 3949 3946
3949 3948 3950
3949 3950 3951
3952 3953 3954
3952 3954 3955
3952 3955 3956
3952 3956 3957
3958 3957 3956
3958 3956 3959
3960 3958 3959
3960 3961 3958
3960 3962 3961
3960 3963 3962
3962 3963 3964
3962 3964 3965
3966 3967 3968
3966 3969 3967
3970 3967 3969
3970 3971 3967
3970 3972 3971
3970 3973 3972
3973 3974 3972
3973 3975 3974
3976 3974 3975
3976 3975 3977
3978 3976 3977
3978 3977 3979
3978 3979 3980
3978 3980 3981
3982 3981 3980
3982 3983 3981
3982 3984 3983
3982 3985 3984
3984 3985 3986
3984 3986 3987
3988 3989 3990
3988 3991 3989
3992 3991 3988
3992 3993 3991
3994 3993 3992
3994 3995 3993
3996 3995 3994
3996 3997 3995
3998 3997 3996
3998 3996 3999
4000 3998 3999
4000 3999 4001
4002 4000 4001
4002 4001 4003
4002 4003 4004
4002 4004 4005
4006 4005 4004
4006 4007 4005
4008 4007 4006
4008 4009 4007
4010 4011 4012
4010 4013 4011
4014 4013 4010
4013 4015 4011
4014 4016 4013
4016 4014 4017
4013 4018 4015
4018 4013 4016
4018 4019 4015
4016 4017 4020
4021 4020 4017
4021 4022 4020
4018 4023 4019
4024 4019 4023
4018 4016 4025
4025 4016 4020
4025 4023 4018
4026 4020 4022
4025 4020 4026
4026 4022 4027
4025 4028 4023
4028 4025 4026
4027 4029 4026
4028 4026 4029
4027 4030 4029
4024 4023 4031
4031 4023 4028
4030 4032 4029
4030 4033 4032
4029 4034 4028
4031 4028 4034
4029 4032 4034
4035 4024 4031
4035 4036 4024
4031 4034 4037
4032 4037 4034
4031 4037 4035
4038 4032 4033
4032 4038 4037
4038 4033 4039
4040 4038 4039
4040 4041 4038
4041 4037 4038
4042 4041 4040
4036 4035 4043
4036 4043 4044
4035 4037 4045
4041 4045 4037
4035 4045 4043
4042 4046 4041
4045 4041 4046
4046 4042 4047
4048 4044 4043
4048 4049 4044
4050 4043 4045
4045 4046 4050
4050 4048 4043
4046 4047 4051
4050 4046 4051
4052 4051 4047
4053 4049 4048
4050 4053 4048
4053 4054 4049
4052 4055 4051
4056 4055 4052
4056 4057 4055
4050 4051 4058
4058 4051 4055
4050 4058 4053
4057 4059 4055
4058 4055 4059
4059 4053 4058
4057 4060 4059
4061 4054 4053
4059 4061 4053
4061 4059 4060
4061 4062 4054
4061 4060 4063
4064 4062 4061
4064 4061 4063
4065 4066 4067
4065 4067 4068
4067 4069 4068
4067 4070 4069
4070 4071 4069
4070 4072 4071
4073 4071 4072
4073 4072 4074
4073 4074 4075
4073 4075 4076
4076 4075 4077
4076 4077 4078
4079 4078 4077
4079 4080 4078
4081 4080 4079
4081 4082 4080
4083 4082 4081
4083 4081 4084
4083 4084 4085
4083 4085 4086
4087 4088 4089
4087 4089 4090
4091 4087 4090
4090 4089 4092
4091 4090 4093
4093 4094 4091
4090 4092 4095
4093 4090 4095
4095 4092 4096
4093 4097 4094
4098 4094 4097
4098 4097 4099
4095 4096 4100
4101 4100 4096
4093 4095 4102
4097 4093 4102
4100 4102 4095
4103 4099 4097
4097 4102 4103
4103 4104 4099
4100 4105 4102
4105 4103 4102
4104 4103 4106
4105 4106 4103
4104 4106 4107
4101 4108 4100
4108 4105 4100
4109 4107 4106
4109 4110 4107
4106 4105 4111
4108 4111 4105
4106 4111 4109
4101 4112 4108
4101 4113 4112
4114 4111 4108
4114 4109 4111
4114 4108 4112
4115 4110 4109
4114 4115 4109
4115 4116 4110
4115 4117 4116
4115 4118 4117
4118 4115 4114
4118 4119 4117
4120 4112 4113
4120 4113 4121
4122 4114 4112
4118 4114 4122
4122 4112 4120
4118 4123 4119
4123 4118 4122
4124 4119 4123
4125 4120 4121
4125 4121 4126
4127 4122 4120
4123 4122 4127
4127 4120 4125
4124 4123 4128
4127 4128 4123
4128 4129 4124
4126 4130 4125
4126 4131 4130
4125 4132 4127
4127 4132 4128
4125 4130 4132
4128 4133 4129
4132 4133 4128
4133 4134 4129
4133 4135 4134
4132 4136 4133
4135 4133 4136
4136 4132 4130
4135 4136 4137
4131 4138 4130
4136 4130 4138
4138 4137 4136
4131 4139 4138
4138 4140 4137
4141 4138 4139
4141 4140 4138
4142 4143 4144
4142 4145 4143
4146 4145 4142
4145 4147 4143
4146 4148 4145
4148 4146 4149
4145 4150 4147
4148 4150 4145
4151 4147 4150
4148 4149 4152
4153 4152 4149
4153 4154 4152
4151 4150 4155
4155 4156 4151
4148 4157 4150
4157 4148 4152
4150 4157 4155
4158 4152 4154
4157 4152 4158
4158 4154 4159
4155 4160 4156
4160 4161 4156
4155 4157 4162
4158 4162 4157
4162 4160 4155
4163 4158 4159
4158 4163 4162
4163 4159 4164
4160 4165 4161
4165 4166 4161
4162 4167 4160
4163 4167 4162
4165 4160 4167
4168 4163 4164
4163 4168 4167
4168 4164 4169
4165 4170 4166
4171 4166 4170
4165 4167 4172
4168 4172 4167
4172 4170 4165
4173 4168 4169
4168 4173 4172
4173 4169 4174
4171 4170 4175
4176 4171 4175
4172 4177 4170
4173 4177 4172
4175 4170 4177
4174 4178 4173
4173 4178 4177
4174 4179 4178
4176 4175 4180
4180 4181 4176
4180 4182 4181
4175 4177 4183
4183 4177 4178
4183 4180 4175
4179 4184 4178
4183 4178 4184
4179 4185 4184
4186 4182 4180
4183 4186 4180
4184 4186 4183
4186 4187 4182
4188 4184 4185
4184 4188 4186
4188 4187 4186
4188 4185 4189
4188 4190 4187
4189 4190 4188
4189 4191 4190
4192 4193 4194
4192 4195 4193
4195 4196 4193
4195 4197 4196
4196 4197 4198
4196 4198 4199
4198 4200 4199
4198 4201 4200
4200 4201 4202
4200 4202 4203
4203 4202 4204
4203 4204 4205
4206 4205 4204
4206 4204 4207
4208 4206 4207
4208 4207 4209
4209 4210 4208
4209 4211 4210
4212 4213 4214
4212 4215 4213
4215 4212 4216
4215 4216 4217
4218 4217 4216
4218 4216 4219
4218 4219 4220
4218 4220 4221
4222 4221 4220
4222 4220 4223
4222 4223 4224
4222 4224 4225
4225 4224 4226
4225 4226 4227
4227 4226 4228
4227 4228 4229
4230 4229 4228
4230 4228 4231
4232 4233 4234
4232 4234 4235
4235 4236 4232
4237 4235 4234
4235 4238 4236
4239 4236 4238
4237 4240 4235
4240 4238 4235
4241 4240 4237
4239 4238 4242
4242 4243 4239
4242 4244 4243
4241 4245 4240
4245 4241 4246
4240 4247 4238
4247 4242 4238
4240 4245 4247
4248 4244 4242
4247 4248 4242
4248 4249 4244
4245 4246 4250
4251 4250 4246
4245 4252 4247
4252 4248 4247
4250 4252 4245
4249 4248 4253
4252 4253 4248
4249 4253 4254
4251 4255 4250
4255 4251 4256
4250 4257 4252
4257 4253 4252
4255 4257 4250
4254 4253 4258
4257 4258 4253
4254 4258 4259
4255 4256 4260
4261 4260 4256
4255 4262 4257
4258 4257 4262
4262 4255 4260
4259 4258 4263
4258 4262 4263
4259 4263 4264
4261 4265 4260
4265 4261 4266
4262 4260 4267
4267 4263 4262
4267 4260 4265
4264 4263 4268
4267 4268 4263
4264 4268 4269
4265 4266 4270
4270 4266 4271
4270 4271 4272
4267 4265 4273
4268 4267 4273
4270 4273 4265
4269 4268 4274
4268 4273 4274
4269 4274 4275
4276 4270 4272
4270 4276 4273
4276 4274 4273
4276 4272 4277
4278 4275 4274
4276 4278 4274
4278 4276 4277
4278 4279 4275
4278 4277 4280
4279 4278 4280
4279 4280 4281
4282 4283 4284
4282 4285 4283
4286 4285 4282
4286 4287 4285
4288 4287 4286
4288 4286 4289
4290 4288 4289
4290 4291 4288
4292 4291 4290
4292 4290 4293
4294 4292 4293
4294 4293 4295
4294 4295 4296
4294 4296 4297
4297 4296 4298
4297 4298 4299
4299 4298 4300
4299 4300 4301
4302 4303 4304
4302 4305 4303
4306 4303 4305
4306 4305 4307
4306 4307 4308
4306 4308 4309
4310 4309 4308
4310 4308 4311
4312 4310 4311
4312 4311 4313
4314 4312 4313
4314 4313 4315
4314 4315 4316
4314 4316 4317
4318 4317 4316
4318 4316 4319
4320 4318 4319
4320 4321 4318
4322 4323 4324
4322 4324 4325
4326 4322 4325
4326 4327 4322
4327 4326 4328
4327 4328 4329
4330 4329 4328
4330 4328 4331
4332 4330 4331
4332 4331 4333
4334 4332 4333
4334 4333 4335
4335 4336 4334
4337 4338 4339
4337 4340 4338
4341 4340 4337
4341 4342 4340
4341 4343 4342
4341 4344 4343
4345 4343 4344
4345 4346 4343
4347 4346 4345
4347 4348 4346
4349 4348 4347
4349 4350 4348
4350 4349 4351
4352 4353 4354
4352 4355 4353
4356 4355 4352
4356 4357 4355
4358 4357 4356
4358 4356 4359
4360 4358 4359
4360 4361 4358
4362 4361 4360
4362 4363 4361
4364 4363 4362
4364 4365 4363
4366 4365 4364
4366 4367 4365
4368 4367 4366
4368 4369 4367
4370 4369 4368
4370 4371 4369
4372 4371 4370
4372 4373 4371
4374 4373 4372
4374 4375 4373
4376 4375 4374
4376 4374 4377
4378 4376 4377
4378 4379 4376
4380 4379 4378
4380 4381 4379
4382 4383 4384
4382 4384 4385
4386 4382 4385
4386 4387 4382
4388 4387 4386
4388 4386 4389
4390 4389 4386
4390 4386 4391
4385 4391 4386
4390 4391 4392
4393 4385 4384
4385 4393 4391
4393 4384 4394
4394 4395 4393
4391 4396 4392
4391 4393 4396
4393 4395 4396
4396 4397 4392
4395 4398 4396
4396 4399 4397
4398 4399 4396
4400 4397 4399
4398 4401 4399
4400 4399 4402
4401 4402 4399
4403 4400 4402
4401 4404 4402
4403 4402 4405
4404 4405 4402
4405 4406 4403
4404 4407 4405
4405 4408 4406
4407 4408 4405
4407 4409 4408
4410 4408 4409
4408 4411 4406
4410 4412 4408
4408 4412 4411
4413 4412 4410
4414 4411 4412
4413 4414 4412
4414 4415 4411
4416 4414 4413
4417 4415 4414
4416 4417 4414
4417 4418 4415
4419 4417 4416
4419 4416 4420
4418 4417 4421
4421 4417 4419
4419 4420 4422
4422 4420 4423
4423 4424 4422
4425 4424 4423
4424 4425 4426
4427 4419 4422
4424 4427 4422
4418 4421 4428
4428 4429 4418
4421 4419 4430
4427 4430 4419
4421 4431 4428
4421 4430 4431
4428 4432 4429
4432 4428 4431
4432 4433 4429
4434 4430 4427
4434 4431 4430
4432 4431 4435
4434 4435 4431
4432 4436 4433
4436 4432 4435
4437 4433 4436
4437 4438 4433
4436 4435 4439
4437 4436 4439
4440 4438 4437
4437 4439 4440
4439 4435 4441
4434 4441 4435
4442 4434 4427
4442 4427 4424
4442 4443 4434
4443 4441 4434
4443 4442 4424
4440 4444 4438
4444 4445 4438
4446 4440 4439
4439 4441 4446
4444 4447 4445
4448 4445 4447
4444 4440 4449
4446 4449 4440
4450 4447 4444
4444 4449 4450
4443 4451 4441
4452 4446 4441
4452 4441 4451
4451 4453 4452
4454 4446 4452
4454 4449 4446
4454 4452 4453
4455 4449 4454
4455 4450 4449
4454 4453 4455
4450 4455 4456
4457 4451 4443
4443 4424 4457
4457 4458 4451
4451 4458 4453
4424 4459 4457
4458 4457 4459
4450 4456 4460
4450 4460 4447
4447 4460 4461
4461 4460 4456
4456 4455 4462
4453 4462 4455
4463 4453 4458
4458 4459 4463
4424 4464 4459
4424 4426 4464
4464 4426 4465
4464 4465 4466
4467 4466 4465
4467 4468 4466
4466 4468 4469
4470 4464 4466
4466 4469 4470
4470 4459 4464
4470 4469 4471
4472 4459 4470
4470 4471 4472
4472 4463 4459
4473 4472 4471
4463 4474 4453
4453 4474 4462
4475 4463 4472
4475 4474 4463
4473 4475 4472
4462 4474 4475
4473 4476 4475
4462 4475 4476
4473 4477 4476
4476 4478 4462
4456 4462 4478
4479 4476 4477
4476 4479 4478
4478 4479 4480
4479 4477 4481
4480 4479 4481
4480 4481 4482
4480 4482 4483
4484 4456 4478
4478 4480 4484
4480 4485 4484
4480 4483 4486
4480 4486 4485
4486 4483 4487
4484 4488 4456
4488 4484 4485
4461 4456 4488
4488 4489 4461
4486 4487 4490
4490 4485 4486
4491 4490 4487
4491 4487 4492
4488 4485 4493
4493 4489 4488
4490 4494 4485
4491 4494 4490
4495 4493 4485
4495 4489 4493
4494 4495 4485
4492 4496 4491
4492 4497 4496
4496 4497 4498
4496 4498 4499
4500 4494 4491
4496 4500 4491
4501 4496 4499
4496 4501 4500
4501 4499 4502
4501 4502 4503
4500 4501 4503
4503 4502 4504
4494 4505 4495
4505 4494 4500
4504 4506 4503
4504 4507 4506
4500 4503 4508
4505 4500 4508
4509 4508 4503
4509 4503 4506
4509 4505 4508
4505 4510 4495
4495 4510 4489
4511 4506 4507
4511 4507 4512
4513 4509 4506
4513 4506 4511
4509 4514 4505
4505 4514 4510
4513 4514 4509
4512 4515 4511
4512 4516 4515
4517 4515 4516
4518 4510 4514
4518 4489 4510
4519 4513 4511
4519 4511 4515
4520 4514 4513
4518 4514 4520
4520 4513 4519
4517 4521 4515
4521 4517 4522
4523 4515 4521
4523 4519 4515
4521 4522 4524
4523 4521 4524
4522 4525 4524
4522 4526 4525
4527 4525 4526
4527 4526 4528
4528 4529 4527
4528 4530 4529
4531 4525 4527
4531 4527 4529
4532 4524 4525
4531 4532 4525
4532 4533 4524
4523 4524 4533
4534 4533 4532
4531 4534 4532
4534 4535 4533
4535 4523 4533
4535 4536 4523
4519 4523 4536
4519 4536 4537
4520 4519 4537
4520 4537 4538
4520 4538 4518
4531 4539 4534
4518 4538 4540
4539 4531 4541
4539 4541 4542
4531 4529 4541
4518 4540 4543
4543 4489 4518
4448 4543 4540
4544 4542 4541
4544 4541 4529
4544 4545 4542
4546 4489 4543
4448 4546 4543
4546 4461 4489
4448 4447 4546
4447 4461 4546
4544 4529 4547
4530 4547 4529
4530 4548 4547
4549 4545 4544
4549 4544 4547
4549 4550 4545
4550 4549 4551
4552 4547 4548
4549 4547 4552
4552 4548 4553
4554 4551 4549
4549 4552 4554
4553 4555 4552
4552 4555 4554
4553 4556 4555
4555 4556 4557
4558 4551 4554
4558 4559 4551
4558 4560 4559
4555 4561 4554
4558 4554 4561
4555 4557 4562
4555 4562 4561
4562 4557 4563
4558 4564 4560
4564 4565 4560
4564 4566 4565
4567 4566 4564
4558 4561 4568
4564 4558 4568
4567 4564 4569
4564 4568 4569
4570 4567 4569
4568 4570 4569
4561 4571 4568
4571 4570 4568
4571 4561 4562
4572 4570 4571
4571 4573 4572
4562 4563 4574
4571 4562 4574
4571 4574 4573
4575 4574 4563
4575 4573 4574
4576 4577 4578
4576 4579 4577
4580 4579 4576
4580 4576 4581
4581 4582 4580
4581 4583 4582
4584 4582 4583
4584 4585 4582
4586 4585 4584
4586 4587 4585
4588 4587 4586
4588 4589 4587
4589 4588 4590
4591 4592 4593
4591 4593 4594
4595 4591 4594
4595 4594 4596
4595 4596 4597
4595 4597 4598
4599 4598 4597
4599 4597 4600
4601 4599 4600
4601 4600 4602
4603 4601 4602
4603 4602 4604
4604 4605 4603
4606 4607 4608
4606 4608 4609
4610 4606 4609
4610 4609 4611
4612 4610 4611
4612 4613 4610
4614 4613 4612
4614 4612 4615
4616 4614 4615
4616 4615 4617
4618 4616 4617
4618 4617 4619
4620 4618 4619
4620 4619 4621
4622 4620 4621
4622 4621 4623
4624 4622 4623
4624 4623 4625
4626 4624 4625
4626 4625 4627
4628 4626 4627
4628 4627 4629
4630 4628 4629
4630 4631 4628
4632 4631 4630
4632 4630 4633
4634 4632 4633
4634 4633 4635
4636 4637 4638
4636 4639 4637
4640 4639 4636
4640 4636 4641
4642 4640 4641
4642 4643 4640
4644 4637 4639
4644 4645 4637
4645 4644 4646
4639 4640 4647
4639 4647 4644
4644 4648 4646
4647 4648 4644
4646 4648 4649
4650 4640 4643
4650 4647 4640
4649 4648 4651
4649 4651 4652
4647 4653 4648
4650 4653 4647
4650 4643 4654
4654 4643 4655
4654 4655 4656
4657 4654 4656
4657 4658 4654
4658 4657 4659
4650 4654 4660
4658 4660 4654
4658 4659 4661
4662 4661 4659
4652 4651 4663
4652 4663 4664
4650 4660 4665
4650 4665 4653
4658 4666 4660
4661 4666 4658
4666 4667 4660
4660 4667 4665
4661 4668 4666
4668 4667 4666
4662 4669 4661
4669 4668 4661
4664 4663 4670
4664 4670 4671
4672 4669 4662
4672 4662 4673
4674 4672 4673
4671 4670 4675
4671 4675 4676
4677 4676 4675
4674 4678 4672
4678 4674 4679
4680 4678 4679
4680 4679 4681
4680 4681 4682
4672 4678 4683
4680 4683 4678
4684 4669 4672
4672 4683 4684
4685 4680 4682
4686 4685 4682
4677 4675 4687
4688 4677 4687
4688 4687 4689
4690 4688 4689
4675 4691 4687
4689 4687 4691
4684 4692 4669
4669 4692 4668
4693 4683 4680
4685 4693 4680
4675 4694 4691
4670 4694 4675
4695 4668 4692
4668 4695 4667
4670 4696 4694
4696 4670 4663
4695 4697 4667
4665 4667 4697
4696 4663 4698
4698 4663 4651
4698 4651 4699
4648 4699 4651
4648 4653 4699
4653 4665 4700
4653 4700 4699
4665 4697 4700
4700 4697 4701
4699 4702 4698
4700 4702 4699
4698 4702 4696
4700 4701 4702
4695 4703 4697
4703 4701 4697
4696 4702 4704
4704 4702 4701
4705 4703 4695
4695 4692 4705
4706 4705 4692
4706 4692 4684
4705 4707 4703
4706 4707 4705
4684 4708 4706
4684 4683 4708
4696 4704 4709
4696 4709 4694
4710 4701 4703
4707 4710 4703
4706 4711 4707
4708 4711 4706
4707 4712 4710
4711 4712 4707
4713 4701 4710
4713 4710 4712
4704 4701 4714
4713 4714 4701
4714 4715 4704
4704 4715 4709
4694 4709 4716
4694 4716 4691
4713 4717 4714
4717 4715 4714
4718 4709 4715
4718 4716 4709
4719 4691 4716
4689 4691 4719
4715 4717 4720
4715 4720 4718
4713 4721 4717
4720 4717 4721
4713 4712 4722
4722 4721 4713
4723 4716 4718
4719 4716 4723
4724 4689 4719
4690 4689 4724
4725 4718 4720
4723 4718 4725
4726 4723 4725
4723 4727 4719
4724 4719 4727
4728 4690 4724
4728 4729 4690
4725 4720 4730
4730 4726 4725
4720 4721 4731
4730 4720 4731
4726 4732 4723
4723 4732 4727
4727 4733 4724
4733 4728 4724
4734 4727 4732
4727 4734 4733
4734 4732 4735
4735 4732 4726
4733 4734 4736
4735 4736 4734
4731 4721 4737
4722 4737 4721
4733 4738 4728
4733 4736 4738
4735 4739 4736
4740 4738 4736
4740 4736 4739
4741 4728 4738
4740 4741 4738
4735 4726 4742
4742 4739 4735
4741 4743 4728
4728 4743 4729
4743 4744 4729
4744 4743 4745
4745 4743 4741
4746 4744 4745
4745 4747 4746
4748 4741 4740
4748 4745 4741
4748 4740 4749
4749 4745 4748
4740 4739 4750
4749 4740 4750
4742 4751 4739
4751 4750 4739
4745 4752 4747
4752 4753 4747
4754 4751 4742
4754 4742 4726
4754 4726 4755
4730 4755 4726
4754 4756 4751
4756 4754 4755
4751 4757 4750
4757 4751 4756
4752 4758 4753
4759 4753 4758
4759 4758 4760
4758 4761 4760
4758 4762 4761
4762 4758 4752
4762 4763 4761
4762 4752 4764
4745 4764 4752
4762 4765 4763
4765 4762 4764
4766 4763 4765
4745 4767 4764
4749 4767 4745
4767 4749 4768
4749 4750 4768
4769 4764 4767
4767 4768 4769
4768 4770 4769
4771 4768 4750
4768 4771 4770
4771 4750 4757
4769 4772 4764
4765 4764 4772
4772 4769 4770
4766 4765 4773
4773 4765 4772
4774 4771 4757
4774 4770 4771
4774 4757 4775
4757 4756 4775
4766 4773 4776
4766 4776 4777
4773 4772 4778
4772 4770 4778
4779 4773 4778
4770 4779 4778
4779 4776 4773
4774 4780 4770
4780 4774 4775
4770 4780 4779
4781 4779 4780
4782 4775 4756
4756 4755 4782
4780 4775 4783
4783 4781 4780
4782 4783 4775
4784 4777 4776
4784 4785 4777
4786 4785 4784
4786 4787 4785
4786 4788 4787
4776 4779 4789
4776 4789 4784
4781 4789 4779
4789 4786 4784
4782 4755 4790
4790 4755 4730
4783 4782 4791
4782 4790 4791
4786 4792 4788
4786 4793 4792
4792 4794 4788
4789 4795 4786
4795 4789 4781
4786 4795 4793
4792 4796 4794
4796 4792 4793
4797 4794 4796
4797 4798 4794
4790 4730 4799
4730 4731 4799
4799 4731 4800
4731 4737 4800
4790 4799 4801
4799 4800 4801
4790 4801 4802
4802 4791 4790
4803 4793 4795
4795 4781 4803
4798 4797 4804
4798 4804 4805
4804 4806 4805
4804 4807 4806
4808 4807 4804
4808 4809 4807
4804 4797 4810
4804 4810 4808
4808 4811 4809
4810 4811 4808
4811 4812 4809
4810 4797 4813
4797 4796 4813
4796 4793 4813
4812 4811 4814
4812 4814 4815
4816 4815 4814
4816 4817 4815
4817 4816 4818
4817 4818 4819
4820 4819 4818
4820 4818 4821
4821 4822 4820
4823 4810 4813
4813 4793 4824
4813 4824 4823
4810 4825 4811
4823 4825 4810
4826 4811 4825
4826 4825 4823
4826 4814 4811
4827 4816 4814
4827 4814 4826
4828 4818 4816
4828 4816 4827
4829 4821 4818
4829 4818 4828
4826 4823 4830
4827 4826 4830
4824 4793 4831
4824 4831 4832
4803 4831 4793
4831 4803 4832
4823 4824 4833
4823 4833 4830
4824 4832 4833
4834 4827 4830
4834 4828 4827
4835 4830 4833
4835 4833 4832
4835 4834 4830
4829 4836 4821
4821 4836 4822
4803 4837 4832
4837 4803 4781
4822 4836 4838
4822 4838 4839
4837 4781 4840
4783 4840 4781
4783 4791 4840
4791 4837 4840
4791 4841 4837
4841 4832 4837
4802 4841 4791
4841 4842 4832
4802 4842 4841
4842 4835 4832
4802 4843 4842
4835 4842 4843
4844 4843 4802
4844 4802 4801
4844 4801 4800
4835 4843 4845
4845 4843 4844
4834 4835 4845
4834 4845 4846
4834 4846 4828
4845 4844 4847
4846 4845 4847
4828 4846 4848
4846 4847 4848
4828 4848 4829
4844 4800 4849
4847 4844 4849
4848 4847 4850
4847 4849 4850
4851 4829 4848
4848 4850 4851
4800 4852 4849
4800 4737 4852
4849 4853 4850
4853 4851 4850
4849 4852 4853
4851 4854 4829
4829 4854 4836
4855 4852 4737
4855 4737 4722
4856 4854 4851
4853 4856 4851
4857 4836 4854
4856 4857 4854
4857 4838 4836
4858 4853 4852
4858 4852 4855
4722 4859 4855
4722 4712 4859
4711 4859 4712
4860 4856 4853
4860 4853 4858
4861 4857 4856
4861 4838 4857
4861 4856 4860
4855 4859 4862
4855 4862 4858
4863 4859 4711
4863 4862 4859
4708 4863 4711
4858 4864 4860
4858 4862 4864
4865 4862 4863
4865 4864 4862
4866 4863 4708
4866 4865 4863
4860 4864 4867
4860 4867 4861
4861 4868 4838
4868 4839 4838
4868 4869 4839
4861 4870 4868
4869 4868 4870
4861 4867 4870
4869 4870 4871
4872 4867 4864
4872 4864 4865
4872 4870 4867
4871 4870 4873
4872 4873 4870
4871 4873 4874
4875 4872 4865
4875 4873 4872
4875 4865 4866
4876 4874 4873
4875 4876 4873
4876 4877 4874
4877 4876 4878
4877 4878 4879
4878 4880 4879
4875 4881 4876
4876 4881 4878
4866 4882 4875
4881 4875 4882
4878 4883 4880
4883 4884 4880
4878 4881 4885
4878 4885 4883
4883 4886 4884
4887 4884 4886
4887 4886 4888
4889 4886 4883
4889 4888 4886
4889 4883 4885
4889 4890 4888
4890 4889 4891
4892 4885 4881
4892 4881 4882
4885 4893 4889
4889 4893 4891
4892 4893 4885
4893 4894 4891
4891 4894 4895
4896 4894 4893
4895 4894 4896
4896 4893 4892
4895 4896 4897
4896 4686 4897
4896 4898 4686
4892 4898 4896
4898 4685 4686
4892 4899 4898
4899 4685 4898
4892 4882 4899
4899 4693 4685
4882 4693 4899
4882 4900 4693
4900 4882 4866
4693 4900 4683
4866 4708 4900
4708 4683 4900
4901 4902 4903
4901 4903 4904
4901 4904 4905
4901 4905 4906
4901 4906 4907
4908 4901 4907
4901 4909 4902
4908 4909 4901
4902 4909 4910
4910 4909 4908
4902 4910 4911
4910 4908 4912
4911 4910 4913
4911 4913 4914
4915 4910 4912
4915 4913 4910
4915 4912 4916
4917 4915 4916
4913 4915 4917
4918 4917 4916
4918 4919 4917
4913 4917 4920
4914 4913 4920
4918 4921 4919
4920 4922 4914
4920 4923 4922
4923 4924 4922
4918 4925 4921
4922 4924 4926
4927 4921 4925
4927 4924 4921
4927 4926 4924
4927 4925 4928
4929 4927 4928
4927 4930 4926
4929 4930 4927
4929 4928 4931
4929 4932 4930
4929 4931 4933
4934 4932 4929
4929 4933 4935
4934 4929 4935
4936 4937 4938
4936 4938 4939
4936 4940 4937
4940 4941 4937
4942 4940 4936
4940 4942 4943
4940 4943 4941
4942 4936 4944
4936 4939 4944
4941 4943 4945
4943 4942 4945
4941 4945 4946
4946 4945 4942
4946 4942 4947
4942 4948 4947
4949 4944 4939
4942 4944 4949
4949 4939 4950
4942 4951 4948
4951 4942 4949
4950 4948 4951
4950 4951 4949
4952 4953 4954
4955 4952 4954
4955 4956 4952
4957 4952 4956
4958 4956 4955
4958 4959 4956
4957 4956 4959
4959 4958 4960
4959 4960 4957
4952 4961 4953
4957 4961 4952
4962 4953 4961
4962 4961 4957
4962 4963 4953
4964 4963 4962
4960 4965 4957
4960 4966 4965
4965 4966 4964
4957 4967 4962
4967 4957 4965
4965 4964 4967
4964 4962 4967
4968 4969 4970
4970 4971 4968
4970 4969 4972
4971 4970 4973
4971 4973 4974
4973 4975 4974
4976 4974 4975
4970 4972 4977
4978 4977 4972
4978 4972 4979
4980 4978 4979
4980 4981 4978
4982 4978 4981
4973 4970 4983
4983 4970 4977
4975 4973 4984
4973 4983 4984
4985 4976 4975
4975 4984 4985
4986 4977 4978
4983 4977 4986
4982 4987 4978
4986 4978 4987
4984 4983 4988
4988 4983 4986
4989 4987 4982
4989 4982 4990
4986 4987 4991
4988 4986 4991
4989 4991 4987
4992 4976 4985
4976 4992 4993
2220 4993 4992
2220 4992 2216
2216 4992 4994
4994 4992 4985
4994 2213 2216
4994 4995 2213
2215 2213 4995
4994 4985 4996
4994 4996 4995
4995 4997 2215
4997 4995 4996
4997 2217 2215
2217 4997 4996
2217 4996 4998
4985 4999 4996
4998 4996 4999
4985 4984 4999
4984 4988 4999
4988 4998 4999
5000 2217 4998
2217 5000 2206
5000 5001 2206
5000 4998 5001
2207 2206 5001
2207 5001 5002
4998 5002 5001
2207 5002 5003
4988 5004 4998
5004 5002 4998
4988 4991 5004
4989 5004 4991
5005 5003 5002
5004 5005 5002
5005 5004 4989
5005 5006 5003
5007 5006 5005
5005 4989 5008
5007 5005 5008
5008 4989 4990
5009 5007 5008
5008 4990 5010
5009 5008 5010
5011 5012 5013
5011 5013 5014
5015 5013 5012
5015 5016 5013
5013 5017 5014
5018 5013 5016
5013 5019 5017
5018 5019 5013
5017 5019 5020
5020 5019 5018
5017 5020 5021
5020 5018 5022
5021 5020 5023
5021 5023 5024
5025 5020 5022
5023 5020 5025
5025 5022 5026
5027 5024 5023
5027 5023 5025
5027 5028 5024
5027 5029 5028
5027 5025 5030
5026 5030 5025
5028 5029 5031
5032 5030 5026
5032 5033 5030
5033 5032 5034
5028 5031 5035
5032 5036 5034
5035 5031 5037
5037 5031 5034
5036 5037 5034
5035 5037 5038
5038 5037 5039
5036 5040 5037
5040 5039 5037
5038 5039 5041
5040 5042 5039
5043 5041 5039
5039 5042 5044
5043 5039 5045
5039 5044 5045
5046 5047 5048
5047 5049 5048
5046 5050 5047
5047 5051 5049
5051 5052 5049
5051 5053 5052
5046 5054 5050
5046 5055 5054
5056 5052 5053
5056 5053 5057
5054 5055 5058
5054 5058 5059
5060 5056 5057
5058 5060 5059
5060 5061 5056
5058 5061 5060
5062 5063 5064
5065 5064 5063
5062 5066 5063
5065 5063 5067
5065 5067 5068
5065 5068 5069
5070 5069 5068
5070 5071 5069
5072 5066 5062
5072 5073 5066
5074 5073 5072
5074 5072 5075
5071 5070 5076
5076 5074 5075
5071 5076 5077
5076 5075 5077
5078 5079 5080
5078 5081 5079
5082 5078 5080
5081 5078 5083
5084 5078 5082
5083 5078 5085
5086 5078 5084
5078 5087 5085
5086 5088 5078
5087 5078 5088
5089 5090 5091
5089 5091 5092
5093 5090 5089
5092 5094 5089
5095 5093 5089
5094 5096 5089
5097 5095 5089
5089 5096 5098
5097 5089 5099
5098 5099 5089
5100 5101 5102
5103 5100 5102
5100 5104 5101
5103 5105 5100
5104 5106 5101
5107 5105 5103
5104 5108 5106
5106 5108 5109
5109 5108 5110
5109 5110 5111
5107 5112 5105
5107 5113 5112
5112 5113 5114
5112 5114 5115
5115 5114 5116
5117 5115 5116
5117 5116 5118
5119 5117 5118
5119 5118 5120
5111 5110 5121
5111 5121 5122
5121 5123 5122
5121 5124 5123
5125 5123 5124
5120 5126 5119
5125 5124 5126
5120 5127 5126
5127 5125 5126
5128 5129 5130
5131 5128 5130
5132 5129 5128
5133 5128 5131
5132 5128 5134
5135 5128 5133
5128 5136 5134
5137 5128 5135
5136 5128 5138
5139 5128 5137
5138 5128 5140
5140 5128 5139
5141 5142 5143
5144 5141 5143
5141 5145 5142
5142 5145 5146
5142 5146 5147
5146 5148 5147
5146 5149 5148
5149 5146 5150
5149 5150 5151
5152 5151 5150
5146 5145 5153
5146 5153 5150
5152 5150 5154
5153 5154 5150
5155 5152 5154
5145 5156 5153
5145 5141 5156
5153 5157 5154
5157 5153 5156
5155 5154 5158
5158 5154 5157
5155 5158 5159
5158 5160 5159
5161 5155 5159
5162 5161 5159
5163 5162 5159
5163 5159 5160
5164 5162 5163
5165 5158 5157
5158 5165 5160
5164 5163 5166
5167 5164 5166
5168 5165 5157
5157 5156 5168
5169 5165 5168
5169 5160 5165
5156 5170 5168
5169 5168 5170
5163 5160 5171
5166 5163 5171
5156 5172 5170
5141 5172 5156
5141 5173 5172
5144 5173 5141
5144 5174 5173
5144 5175 5174
5173 5176 5172
5173 5174 5176
5177 5174 5175
5177 5176 5174
5177 5175 5178
5179 5177 5178
5172 5180 5170
5172 5176 5180
5179 5181 5177
5182 5181 5179
5182 5183 5181
5177 5184 5176
5181 5184 5177
5183 5185 5181
5181 5185 5184
5183 5186 5185
5187 5185 5186
5184 5185 5187
5187 5186 5188
5189 5187 5188
5176 5184 5190
5184 5187 5190
5176 5190 5180
5189 5191 5187
5191 5190 5187
5191 5189 5192
5193 5180 5190
5191 5193 5190
5191 5192 5194
5193 5191 5194
5195 5194 5192
5193 5196 5180
5196 5170 5180
5196 5169 5170
5195 5197 5194
5198 5197 5195
5193 5194 5199
5196 5193 5199
5197 5199 5194
5169 5196 5200
5196 5199 5200
5197 5201 5199
5201 5200 5199
5198 5202 5197
5202 5201 5197
5169 5200 5203
5169 5203 5160
5201 5204 5200
5204 5203 5200
5203 5205 5160
5204 5205 5203
5205 5171 5160
5206 5204 5201
5202 5206 5201
5207 5205 5204
5206 5207 5204
5208 5171 5205
5207 5208 5205
5206 5209 5207
5208 5207 5209
5208 5210 5171
5166 5171 5210
5211 5206 5202
5206 5211 5209
5208 5209 5212
5212 5210 5208
5213 5166 5210
5167 5166 5213
5211 5214 5209
5214 5212 5209
5212 5215 5210
5215 5213 5210
5167 5213 5216
5167 5216 5217
5216 5218 5217
5216 5219 5218
5220 5219 5216
5221 5216 5213
5220 5216 5221
5221 5213 5215
5221 5222 5220
5223 5215 5212
5223 5221 5215
5221 5223 5222
5214 5223 5212
5224 5222 5223
5224 5223 5214
5225 5224 5214
5225 5226 5224
5211 5225 5214
5227 5226 5225
5225 5211 5228
5211 5202 5228
5227 5225 5229
5225 5228 5229
5229 5230 5227
5231 5230 5229
5231 5229 5228
5231 5232 5230
5231 5233 5232
5202 5234 5228
5198 5234 5202
5234 5198 5235
5236 5228 5234
5235 5236 5234
5236 5231 5228
5235 5237 5236
5238 5233 5231
5238 5231 5236
5237 5238 5236
5239 5233 5238
5237 5240 5238
5240 5239 5238
5241 5242 5243
5242 5244 5243
5242 5245 5244
5245 5246 5244
5241 5247 5242
5245 5242 5247
5248 5247 5241
5248 5249 5247
5247 5249 5245
5250 5249 5248
5245 5249 5250
5250 5248 5251
5252 5250 5251
5252 5253 5250
5245 5250 5253
5252 5254 5253
5253 5254 5245
5252 5255 5254
5245 5256 5246
5256 5255 5246
5254 5256 5245
5256 5254 5255
5257 5258 5259
5259 5258 5260
5257 5259 5261
5261 5259 5262
5263 5262 5259
5259 5260 5263
5263 5260 5264
5263 5264 5262
5265 5257 5261
5262 5264 5266
5265 5261 5267
5267 5261 5262
5265 5267 5268
5268 5267 5262
5265 5268 5269
5270 5269 5268
5270 5268 5262
5270 5271 5269
5262 5266 5272
5272 5270 5262
5272 5266 5271
5272 5271 5270
5273 5274 5275
5276 5273 5275
5273 5277 5274
5276 5278 5273
5279 5278 5276
5279 5280 5278
5281 5280 5279
5281 5282 5280
5277 5283 5274
5277 5284 5283
5282 5281 5285
5282 5285 5286
5283 5284 5287
5287 5286 5285
5283 5287 5288
5287 5285 5288
5289 5290 5291
5292 5291 5290
5289 5293 5290
5292 5290 5294
5294 5295 5292
5294 5296 5295
5296 5297 5295
5296 5298 5297
5298 5299 5297
5298 5300 5299
5300 5301 5299
5300 5302 5301
5303 5293 5289
5302 5303 5301
5303 5304 5293
5302 5304 5303
5305 5306 5307
5307 5306 5308
5305 5307 5309
5310 5305 5309
5310 5309 5311
5310 5311 5312
5311 5313 5312
5311 5314 5313
5311 5315 5314
5307 5308 5316
5316 5308 5317
5318 5316 5317
5319 5316 5318
5307 5320 5309
5309 5320 5311
5316 5320 5307
5311 5321 5315
5311 5320 5321
5322 5320 5316
5319 5322 5316
5321 5320 5323
5324 5315 5321
5321 5323 5324
5325 5322 5319
5324 5323 5326
5322 5325 5327
5327 5320 5322
5327 5325 5328
5329 5326 5323
5323 5320 5329
5329 5330 5326
5331 5330 5329
5328 5332 5327
5332 5320 5327
5328 5333 5332
5331 5329 5334
5329 5320 5334
5334 5335 5331
5333 5336 5332
5336 5320 5332
5333 5337 5336
5338 5336 5337
5339 5335 5334
5334 5320 5339
5339 5320 5336
5338 5339 5336
5339 5340 5335
5338 5340 5339
5341 5342 5343
5342 5344 5343
5341 5345 5342
5346 5345 5341
5346 5347 5345
5346 5348 5347
5347 5348 5349
5347 5349 5350
5347 5350 5351
5342 5352 5344
5352 5353 5344
5354 5353 5352
5355 5354 5352
5342 5345 5356
5345 5347 5356
5352 5342 5356
5347 5351 5357
5347 5357 5356
5358 5352 5356
5355 5352 5358
5357 5359 5356
5360 5357 5351
5357 5360 5359
5361 5355 5358
5360 5362 5359
5358 5363 5361
5363 5358 5356
5363 5364 5361
5365 5359 5362
5359 5365 5356
5365 5362 5366
5367 5365 5366
5364 5363 5368
5368 5363 5356
5364 5368 5369
5367 5370 5365
5365 5370 5356
5370 5367 5371
5369 5368 5372
5372 5368 5356
5369 5372 5373
5374 5373 5372
5375 5370 5371
5370 5375 5356
5375 5372 5356
5374 5372 5375
5375 5371 5376
5374 5375 5376
