byte offset: 0
first index: 0
index count: 7020
topology: trianglelist
format: DXGI_FORMAT_R16_UINT

0 1 2
0 3 1
3 4 1
3 5 4
5 6 4
5 7 6
8 6 7
8 9 6
10 9 8
10 11 9
12 11 10
12 13 11
14 15 16
14 17 15
17 18 15
17 19 18
19 20 18
19 21 20
21 22 20
23 22 21
23 21 24
24 25 23
24 26 25
26 27 25
26 28 27
28 29 27
28 30 29
31 29 30
31 32 29
33 32 31
33 34 32
35 34 33
35 36 34
36 35 37
36 37 38
37 39 38
40 39 37
40 41 39
42 41 40
42 43 41
44 43 42
44 45 43
46 47 48
46 49 47
49 46 50
49 50 51
51 50 52
53 51 52
53 52 54
55 53 54
55 56 53
57 56 55
57 58 56
59 58 57
60 58 59
60 59 61
61 62 60
59 63 61
61 64 62
65 62 64
66 61 63
66 64 61
65 64 67
67 64 66
67 68 65
69 66 63
69 63 70
67 71 68
71 72 68
73 69 70
74 73 70
74 75 73
73 75 76
73 77 69
77 73 76
78 66 69
77 78 69
67 66 79
78 79 66
77 76 80
80 76 81
82 67 79
71 67 82
82 79 83
83 79 78
71 82 84
83 78 85
86 78 77
85 78 86
86 77 80
85 86 87
84 88 71
71 88 72
88 89 72
84 90 88
88 91 89
90 91 88
90 92 91
87 86 93
93 86 80
93 94 87
93 80 95
80 81 95
95 81 96
95 96 97
97 93 95
98 97 96
93 99 94
97 99 93
100 94 99
97 98 101
97 101 99
100 99 101
101 102 100
101 98 103
101 104 102
104 101 103
104 103 105
106 107 108
106 109 107
109 110 107
109 111 110
111 112 110
112 111 113
112 113 114
113 115 114
113 116 115
116 117 115
116 118 117
119 117 118
119 118 120
119 120 121
121 120 122
119 121 123
121 122 124
125 124 122
126 123 121
126 121 124
125 127 124
126 124 127
127 125 128
129 123 126
129 130 123
127 128 131
131 128 132
129 133 130
133 134 130
133 135 134
133 136 135
129 137 133
137 136 133
138 129 126
137 129 138
126 127 139
138 126 139
137 140 136
140 141 136
142 139 127
131 142 127
142 143 139
143 138 139
131 144 142
143 145 138
146 137 138
145 146 138
146 140 137
145 147 146
144 131 148
131 132 148
148 132 149
144 148 150
148 149 151
150 148 151
150 151 152
147 153 146
153 140 146
153 147 154
153 155 140
140 155 141
155 156 141
155 157 156
157 155 153
158 156 157
153 154 159
157 153 159
160 159 154
157 161 158
157 159 161
160 161 159
161 160 162
161 163 158
161 162 164
164 163 161
164 165 163
166 167 168
166 168 169
170 166 169
169 168 171
170 169 172
169 171 173
169 174 172
169 173 174
175 176 177
175 178 176
178 175 179
178 180 176
178 179 181
178 182 180
178 181 183
178 183 182
184 185 186
186 187 184
186 188 187
187 188 189
187 190 184
184 190 191
187 189 192
193 192 189
187 194 190
194 187 192
190 195 191
194 196 190
190 196 195
191 195 197
191 197 198
199 198 197
199 197 200
201 199 200
201 200 202
203 201 202
203 202 204
205 203 204
205 204 206
207 205 206
207 206 208
209 207 208
195 210 197
195 211 210
197 210 212
197 212 200
196 211 195
196 213 211
212 214 200
214 202 200
214 212 215
216 213 196
194 216 196
216 217 213
214 218 202
214 215 218
204 202 218
215 219 218
204 218 219
220 219 215
216 194 221
194 192 221
222 217 216
216 221 222
222 223 217
220 224 219
225 224 220
204 219 226
224 226 219
227 221 192
193 227 192
228 222 221
227 228 221
229 223 222
228 229 222
229 230 223
229 231 230
193 232 227
193 233 232
234 228 227
229 228 234
234 227 232
229 235 231
229 234 235
235 236 231
235 237 236
237 235 234
237 238 236
233 239 232
233 240 239
241 234 232
237 234 241
241 232 239
237 242 238
243 238 242
243 242 244
245 242 237
245 237 241
245 241 239
243 244 246
247 243 246
248 247 246
248 246 249
250 248 249
249 251 250
245 239 252
250 251 253
251 254 253
253 254 252
240 252 239
253 252 255
240 255 252
256 257 258
256 258 259
259 260 256
261 259 258
259 262 260
263 260 262
264 259 261
265 264 261
263 262 266
267 263 266
268 262 259
264 268 259
267 266 269
267 269 270
266 262 271
268 271 262
269 272 270
272 273 270
273 272 274
273 274 275
276 275 274
276 277 275
278 274 272
278 276 274
279 272 269
278 272 279
280 269 266
279 269 280
277 276 281
277 281 282
281 276 283
278 283 276
282 281 284
281 283 284
282 284 285
284 286 285
284 287 286
283 287 284
287 288 286
283 289 287
287 289 288
289 283 278
289 290 288
289 278 291
289 291 290
279 291 278
291 292 290
279 293 291
291 293 292
293 294 292
280 293 279
293 295 294
280 295 293
295 296 294
295 280 297
280 266 297
266 271 297
296 295 298
295 297 298
298 297 271
296 298 299
298 300 299
298 271 301
298 301 300
302 301 271
300 301 302
300 302 303
302 271 268
304 303 302
305 302 268
304 302 305
306 304 305
305 268 264
306 305 307
307 305 264
307 308 306
307 309 308
310 307 264
310 309 307
265 310 264
265 311 310
310 311 309
309 311 312
265 313 311
312 311 313
312 313 314
309 315 308
308 315 316
316 315 317
312 314 318
318 314 319
309 320 315
315 321 317
321 315 320
322 320 309
309 312 322
323 317 321
323 324 317
325 324 323
321 320 326
322 326 320
323 321 326
325 323 327
327 328 325
323 326 329
327 323 329
327 330 328
330 331 328
330 332 331
331 332 333
332 334 333
327 335 330
330 336 332
330 335 336
332 337 334
336 337 332
327 329 338
327 338 335
339 334 337
339 340 334
340 339 341
342 341 339
343 341 342
344 339 337
344 342 339
336 345 337
344 337 345
346 336 335
346 345 336
347 335 338
346 335 347
329 348 338
347 338 348
343 342 349
343 349 350
344 345 351
346 351 345
344 352 342
352 349 342
353 350 349
353 354 350
329 355 348
326 355 329
344 351 356
356 352 344
352 357 349
357 353 349
354 353 358
354 358 359
360 358 353
357 360 353
361 359 358
360 361 358
361 362 359
363 362 361
363 361 364
364 361 360
365 363 364
365 364 366
364 360 366
366 367 365
368 366 360
366 368 367
368 360 357
369 367 368
370 368 357
369 368 370
370 357 352
371 369 370
356 370 352
370 356 371
356 372 371
356 373 372
356 351 373
351 374 373
351 346 374
375 374 346
375 346 347
376 375 347
376 347 348
376 348 377
355 377 348
355 378 377
379 378 355
326 379 355
322 379 326
380 379 322
379 381 378
380 381 379
381 382 378
380 322 383
312 383 322
383 312 384
384 380 383
312 318 384
381 385 382
380 386 381
385 381 386
382 385 387
382 387 388
389 388 387
389 387 390
391 389 390
391 390 392
391 392 393
387 394 390
392 390 394
385 395 387
387 395 394
385 386 396
385 396 395
393 392 397
393 397 398
398 397 399
397 400 399
400 401 399
402 401 400
392 394 403
395 404 394
403 394 404
405 395 396
395 405 404
406 396 386
405 396 406
407 397 392
407 392 403
408 400 397
408 397 407
402 400 409
408 409 400
406 386 410
380 410 386
411 402 409
411 412 402
413 405 406
410 413 406
413 414 405
405 414 415
404 405 415
404 415 416
410 417 413
380 418 410
410 418 417
384 418 380
419 404 416
403 404 419
419 416 420
419 407 403
420 421 419
419 421 407
420 422 421
421 422 423
424 407 421
424 421 423
425 424 423
424 408 407
426 424 425
408 424 426
426 425 427
408 426 428
408 428 409
428 411 409
427 429 426
429 428 426
427 430 429
428 431 411
429 431 428
430 432 429
432 431 429
430 433 432
433 434 432
432 434 431
433 435 434
436 434 435
431 437 411
431 434 437
436 437 434
412 411 437
412 437 436
438 439 440
440 439 441
441 442 440
441 439 209
442 441 443
444 442 443
441 209 445
443 441 445
209 208 445
446 444 443
443 445 447
446 443 447
445 208 448
448 447 445
449 447 448
450 448 208
450 449 448
444 446 451
444 451 452
453 452 451
446 447 454
449 454 447
446 455 451
446 454 455
453 451 456
456 451 455
208 457 450
458 450 457
206 457 208
206 459 457
459 458 457
450 460 449
458 460 450
454 449 461
454 461 455
462 453 456
462 463 453
462 464 463
465 459 206
466 459 465
206 204 465
204 226 465
226 466 465
466 467 459
459 467 458
226 468 466
224 468 226
468 224 469
225 469 224
225 470 469
225 471 470
471 472 470
471 473 472
474 472 473
468 469 475
476 469 470
476 475 469
477 470 472
477 476 470
474 478 472
478 477 472
479 468 475
479 466 468
480 475 476
480 479 475
480 476 477
479 481 466
481 479 480
466 481 482
482 467 466
481 480 483
484 482 481
483 480 485
480 477 485
483 485 486
487 486 485
485 477 488
478 488 477
487 485 489
485 488 489
478 490 488
489 488 490
487 489 491
489 490 491
487 491 492
491 493 492
478 494 490
474 494 478
474 495 494
496 494 495
497 490 494
496 497 494
498 491 490
497 498 490
491 499 493
498 499 491
500 497 496
500 496 501
502 498 497
502 499 498
502 497 500
493 499 503
502 503 499
493 503 504
501 505 500
501 506 505
507 505 506
508 502 500
503 502 508
508 500 505
504 503 509
503 508 509
504 509 510
507 511 505
508 505 511
512 511 507
513 509 508
508 511 513
514 510 509
513 514 509
514 515 510
516 515 514
511 517 513
514 513 517
511 518 517
512 518 511
514 517 519
516 514 519
520 518 512
516 519 521
522 520 512
523 516 521
520 522 524
522 525 524
523 521 526
523 526 527
528 524 525
526 528 527
528 529 524
526 529 528
530 531 532
530 533 531
534 533 530
533 535 531
534 536 533
533 537 535
533 536 538
533 538 537
539 540 541
539 541 542
542 543 539
542 541 544
542 545 543
542 544 546
542 547 545
542 546 547
548 549 550
549 548 551
549 551 552
551 553 552
551 548 554
548 555 554
551 556 553
557 553 556
551 554 558
558 556 551
554 555 559
558 554 560
554 559 560
555 561 559
555 562 561
563 561 562
563 564 561
565 564 563
565 566 564
567 566 565
567 568 566
569 568 567
569 570 568
571 570 569
571 572 570
573 572 571
559 561 574
559 574 575
561 576 574
561 564 576
560 559 575
560 575 577
576 564 578
578 564 566
578 579 576
580 560 577
558 560 580
580 577 581
578 566 582
578 582 579
568 582 566
579 582 583
568 583 582
584 579 583
580 585 558
558 585 556
586 580 581
580 586 585
586 581 587
584 583 588
589 584 588
568 590 583
588 583 590
591 556 585
557 556 591
592 585 586
591 585 592
593 586 587
592 586 593
593 587 594
593 594 595
557 591 596
557 596 597
598 591 592
593 598 592
598 596 591
593 595 599
593 599 598
599 595 600
599 600 601
601 598 599
601 600 602
597 596 603
597 603 604
605 596 598
601 605 598
605 603 596
601 602 606
607 606 602
607 608 606
609 601 606
609 605 601
609 603 605
607 610 608
611 610 607
612 610 611
612 613 610
614 613 612
613 614 615
609 616 603
614 617 615
615 617 618
617 616 618
604 603 616
617 619 616
604 616 619
620 621 622
620 623 621
623 620 624
625 621 623
623 624 626
627 626 624
628 625 623
629 625 628
627 630 626
631 630 627
632 623 626
628 623 632
631 633 630
631 634 633
630 635 626
632 626 635
633 634 636
636 634 637
637 638 636
637 639 638
640 638 639
640 639 641
642 636 638
642 638 640
643 633 636
642 643 636
644 630 633
643 644 633
641 645 640
641 646 645
645 647 640
642 640 647
646 648 645
645 648 647
646 649 648
648 649 650
648 650 651
647 648 651
651 650 652
647 651 653
651 652 653
653 642 647
653 652 654
653 655 642
653 654 655
643 642 655
655 654 656
643 655 657
655 656 657
657 656 658
644 643 657
657 658 659
644 657 659
659 658 660
659 661 644
644 661 630
630 661 635
660 662 659
659 662 661
662 635 661
660 663 662
662 663 664
662 665 635
662 664 665
666 635 665
664 666 665
664 667 666
666 632 635
668 666 667
669 632 666
668 669 666
670 669 668
669 628 632
670 671 669
671 628 669
671 670 672
671 672 673
674 628 671
674 671 673
629 628 674
629 674 675
674 673 675
673 676 675
629 675 677
676 677 675
676 678 677
673 672 679
672 680 679
680 681 679
676 682 678
682 683 678
673 679 684
679 681 685
685 684 679
686 673 684
673 686 676
687 685 681
687 681 688
689 687 688
685 690 684
686 684 690
687 690 685
689 691 687
691 689 692
687 693 690
691 693 687
691 692 694
694 692 695
694 695 696
695 697 696
696 697 698
691 694 699
694 696 700
694 700 699
696 698 701
700 696 701
691 702 693
691 699 702
703 701 698
703 698 704
704 705 703
706 703 705
707 706 705
708 701 703
708 703 706
700 701 709
708 709 701
710 699 700
710 700 709
711 702 699
710 711 699
693 702 712
711 712 702
707 713 706
707 714 713
708 715 709
710 709 715
708 706 716
716 706 713
717 713 714
717 714 718
693 712 719
690 693 719
708 720 715
720 708 716
716 713 721
721 713 717
718 722 717
718 723 722
724 717 722
721 717 724
725 722 723
724 722 725
725 723 726
727 725 726
727 728 725
728 724 725
729 728 727
729 730 728
728 730 724
730 729 731
732 724 730
730 731 732
732 721 724
733 732 731
734 721 732
733 734 732
734 716 721
735 734 733
720 716 734
734 735 720
720 735 736
720 736 737
720 737 715
715 737 738
715 738 710
739 710 738
739 711 710
740 711 739
740 712 711
740 741 712
719 712 741
719 741 742
743 719 742
690 719 743
686 690 743
744 686 743
743 742 745
744 743 745
745 742 746
744 747 686
676 686 747
747 748 676
748 747 744
676 748 682
745 746 749
744 745 750
749 750 745
746 751 749
746 752 751
753 751 752
753 754 751
755 754 753
755 756 754
755 757 756
751 754 758
756 758 754
749 751 759
751 758 759
749 760 750
749 759 760
757 761 756
757 762 761
762 763 761
761 763 764
764 763 765
766 764 765
756 767 758
759 758 768
767 768 758
769 760 759
759 768 769
770 750 760
769 770 760
771 756 761
771 767 756
772 761 764
772 771 761
766 773 764
772 764 773
770 774 750
744 750 774
775 773 766
775 766 776
777 770 769
774 770 777
777 769 778
769 779 778
768 779 769
768 780 779
774 777 781
744 774 782
774 781 782
748 744 782
783 780 768
767 783 768
783 784 780
783 767 771
784 783 785
783 771 785
784 785 786
785 787 786
788 785 771
788 787 785
789 787 788
788 771 772
790 789 788
772 790 788
790 791 789
772 792 790
772 773 792
792 773 775
791 790 793
793 790 792
791 793 794
792 775 795
793 792 795
794 793 796
796 793 795
794 796 797
797 796 798
796 795 798
797 798 799
800 799 798
795 775 801
795 801 798
800 798 801
776 801 775
776 800 801
802 803 804
803 805 804
805 803 806
805 573 804
806 807 805
808 807 806
805 809 573
807 809 805
573 809 572
810 807 808
807 811 809
810 811 807
809 812 572
812 809 811
813 812 811
814 572 812
814 812 813
808 815 810
808 816 815
817 815 816
810 818 811
813 811 818
810 815 819
810 819 818
817 820 815
820 819 815
572 814 821
822 821 814
570 572 821
570 821 823
823 821 822
814 813 824
822 814 824
818 819 825
818 825 813
826 820 817
826 817 827
826 827 828
829 570 823
830 829 823
570 829 568
568 829 590
590 829 830
830 823 831
823 822 831
590 830 832
588 590 832
832 833 588
589 588 833
589 833 834
589 834 835
835 834 836
835 836 837
838 837 836
832 839 833
840 834 833
840 833 839
841 836 834
841 834 840
838 836 842
842 836 841
843 839 832
843 832 830
844 840 839
844 839 843
844 841 840
843 830 845
845 844 843
830 846 845
846 830 831
845 847 844
848 845 846
847 849 844
844 849 841
847 850 849
851 849 850
849 852 841
842 841 852
851 853 849
849 853 852
842 852 854
853 854 852
851 855 853
853 855 854
851 856 855
855 856 857
842 854 858
838 842 858
838 858 859
860 859 858
861 858 854
860 858 861
862 854 855
861 854 862
855 857 863
862 855 863
864 860 861
864 865 860
866 861 862
866 862 863
866 864 861
857 867 863
866 863 867
857 868 867
865 864 869
865 869 870
871 870 869
872 864 866
867 872 866
872 869 864
868 873 867
867 873 872
868 874 873
871 869 875
872 875 869
876 871 875
877 873 874
877 874 878
879 877 878
880 872 873
872 880 875
880 873 877
875 880 881
877 881 880
875 881 882
876 875 882
877 883 881
879 883 877
884 876 882
879 885 883
886 876 884
887 885 879
884 888 886
886 888 889
887 890 885
887 891 890
892 889 888
890 891 892
892 888 893
890 892 893
894 895 896
895 894 897
895 898 896
895 897 899
898 895 900
895 899 901
900 895 902
901 903 895
904 902 895
895 903 905
904 895 906
895 905 907
906 895 908
909 895 907
910 908 895
911 895 909
895 912 910
895 911 912
913 914 915
916 915 914
917 915 916
916 918 917
919 917 918
913 915 920
913 920 921
921 922 913
921 923 922
922 923 924
925 920 915
915 926 925
915 917 926
925 927 920
921 920 927
921 927 928
923 921 928
929 926 917
923 928 930
929 917 931
931 932 929
919 931 917
933 923 930
924 923 933
933 930 934
931 935 932
931 919 935
935 936 932
919 937 935
935 937 936
934 938 933
924 933 938
934 939 938
940 938 939
924 938 940
940 939 941
940 941 942
924 940 943
940 942 943
944 943 942
943 945 924
944 946 943
943 946 945
946 944 947
945 946 948
946 947 948
945 948 949
947 949 948
950 951 952
953 950 952
954 952 951
953 952 955
952 954 956
957 955 952
952 956 958
959 957 952
958 960 952
952 961 959
960 962 952
963 961 952
952 962 964
952 965 963
952 964 966
952 967 965
968 952 966
952 968 967
969 970 971
972 971 970
973 972 970
972 973 974
975 974 973
969 976 970
969 977 976
977 969 978
977 978 979
978 980 979
981 970 976
970 981 982
970 982 973
981 976 983
977 983 976
977 984 983
979 984 977
985 973 982
979 986 984
985 987 973
987 985 988
975 973 987
989 986 979
980 989 979
989 990 986
987 988 991
987 991 975
991 988 992
975 991 993
991 992 993
990 989 994
980 994 989
990 994 995
996 995 994
980 996 994
996 997 995
996 998 997
980 999 996
996 999 998
1000 998 999
999 980 1001
1000 999 1002
999 1001 1002
1002 1003 1000
1001 1004 1002
1002 1004 1003
1001 1005 1004
1003 1004 1005
1006 1007 1008
1006 1009 1007
1010 1008 1007
1011 1007 1009
1010 1007 1012
1011 1013 1007
1007 1014 1012
1007 1013 1014
1015 1016 1017
1015 1017 1018
1016 1015 1019
1020 1015 1018
1021 1016 1019
1021 1022 1016
1023 1022 1021
1024 1023 1021
1020 1018 1025
1026 1023 1024
1027 1020 1025
1028 1026 1024
1029 1027 1025
1029 1025 1030
1029 1030 1031
1032 1027 1029
1026 1028 1033
1033 1028 1032
1026 1033 1034
1035 1034 1033
1029 1031 1036
1036 1031 1037
1032 1029 1038
1033 1032 1038
1038 1029 1036
1035 1033 1039
1039 1033 1038
1040 1035 1039
1038 1036 1041
1039 1038 1041
1036 1037 1042
1042 1041 1036
1040 1039 1043
1043 1039 1041
1037 1044 1042
1037 1045 1044
1042 1046 1041
1043 1041 1046
1044 1046 1042
1047 1040 1043
1047 1043 1046
1047 1048 1040
1047 1046 1049
1044 1049 1046
1050 1048 1047
1049 1050 1047
1050 1051 1048
1050 1052 1051
1045 1053 1044
1045 1054 1053
1055 1053 1054
1056 1049 1044
1049 1056 1050
1056 1044 1053
1050 1057 1052
1056 1057 1050
1057 1058 1052
1055 1059 1053
1059 1056 1053
1057 1060 1058
484 1058 1060
1056 1061 1057
1059 1061 1056
1061 1060 1057
1062 1059 1055
1062 1055 1063
1064 1061 1059
1061 1064 1060
1064 1059 1062
484 1060 1065
1064 1065 1060
484 1065 482
1066 1062 1063
1066 1063 1067
1062 1068 1064
1064 1068 1065
1062 1066 1068
1069 482 1065
1069 1065 1068
1066 1069 1068
482 1069 467
1067 1070 1066
1066 1070 1069
1070 467 1069
1067 1071 1070
1070 458 467
1071 458 1070
458 1071 1072
460 458 1072
1072 1071 1073
460 1072 1074
1072 1073 1075
1075 1074 1072
460 1074 1076
460 1076 449
1073 1077 1075
1078 1075 1077
1078 1077 1079
1073 1080 1077
1080 1079 1077
1080 1081 1079
1082 1079 1081
1075 1083 1074
1078 1083 1075
1084 1074 1083
1084 1076 1074
1078 1084 1083
1085 449 1076
461 449 1085
1086 1085 1076
1086 1076 1084
1087 461 1085
1086 1084 1088
1078 1088 1084
1086 1088 1089
1089 1088 1090
1090 1088 1078
1089 1090 1091
1087 1092 461
1092 455 461
1087 1093 1092
1087 1094 1093
1092 1095 455
1095 1092 1093
456 455 1095
456 1095 1096
1095 1093 1096
456 1096 462
1097 1093 1094
1097 1096 1093
1097 1094 1098
1099 1097 1098
1100 462 1096
462 1100 464
1099 1101 1097
1102 1101 1099
1097 1103 1096
1100 1096 1103
1101 1103 1097
464 1100 1104
464 1104 1105
1100 1103 1106
1101 1106 1103
1100 1106 1104
1102 1107 1101
1107 1106 1101
1108 1107 1102
1109 1105 1104
1109 1110 1105
1104 1106 1111
1107 1111 1106
1104 1111 1109
1108 1112 1107
1112 1111 1107
1112 1108 1113
1114 1110 1109
1114 1115 1110
1114 1116 1115
1117 1109 1111
1112 1117 1111
1117 1114 1109
1112 1113 1118
1117 1112 1118
1118 1113 1119
1114 1120 1116
1120 1114 1117
1121 1116 1120
1117 1118 1122
1120 1117 1122
1118 1119 1123
1122 1118 1123
1123 1119 1124
1121 1120 1125
1122 1125 1120
1126 1121 1125
1122 1123 1127
1122 1127 1125
1123 1124 1128
1128 1127 1123
1128 1124 1129
1128 1130 1127
1125 1127 1130
1124 1131 1129
1125 1130 1132
1126 1125 1132
1126 1132 1133
1134 1126 1133
1135 1129 1131
1136 1135 1131
1133 1137 1134
1137 1138 1134
1139 1135 1136
1139 1138 1137
1139 1140 1135
1139 1137 1140
1141 1142 1143
1141 1144 1142
1145 1141 1143
1146 1144 1141
1145 1147 1141
1146 1141 1148
1141 1147 1149
1141 1149 1148
1150 1151 1152
1153 1152 1151
1150 1154 1151
1153 1151 1155
1156 1153 1155
1157 1154 1150
1157 1150 1158
1157 1158 1159
1160 1157 1159
1160 1159 1161
1162 1156 1155
1161 1163 1160
1162 1164 1156
1163 1161 1165
1162 1166 1164
1166 1167 1164
1163 1165 1168
1169 1168 1165
1163 1168 1170
1170 1166 1162
1163 1170 1171
1170 1162 1171
1169 1172 1168
1172 1170 1168
1172 1169 1173
1166 1174 1167
1175 1167 1174
1166 1170 1176
1172 1176 1170
1166 1176 1174
1172 1173 1177
1176 1172 1177
1177 1173 1178
1175 1174 1179
1180 1175 1179
1181 1174 1176
1176 1177 1181
1181 1179 1174
1177 1178 1182
1181 1177 1182
1180 1179 1183
1183 1179 1181
1184 1182 1178
1184 1178 1185
1091 1184 1185
1091 1090 1184
1181 1182 1186
1186 1182 1184
1183 1181 1186
1186 1184 1187
1187 1184 1090
1187 1183 1186
1180 1183 1188
1187 1188 1183
1180 1188 1082
1082 1188 1079
1079 1188 1187
1187 1090 1189
1079 1187 1189
1090 1078 1189
1078 1079 1189
1190 1191 1192
1190 1192 1193
1190 1194 1191
1194 1195 1191
1190 1193 1196
1194 1190 1196
1196 1193 1197
1196 1197 1198
1198 1197 1199
1194 1200 1195
1201 1195 1200
1201 1200 1202
1194 1202 1200
1203 1201 1202
1194 1196 1204
1194 1204 1202
1198 1204 1196
1203 1202 1205
1205 1202 1204
1205 1206 1203
1198 1199 1207
1207 1199 1208
1198 1209 1204
1205 1204 1209
1210 1209 1198
1210 1205 1209
1210 1198 1207
1205 1211 1206
1210 1211 1205
1206 1211 1212
1213 1207 1208
1214 1213 1208
1207 1215 1210
1215 1211 1210
1207 1213 1215
1211 1216 1212
1215 1216 1211
1216 1217 1212
1218 1213 1214
1218 1214 1219
1213 1220 1215
1220 1216 1215
1213 1218 1220
1221 1217 1216
1220 1221 1216
1221 1222 1217
1223 1222 1221
1224 1218 1219
1224 1219 1225
1226 1224 1225
1218 1227 1220
1227 1221 1220
1218 1224 1227
1223 1221 1228
1227 1228 1221
1228 1229 1223
1230 1224 1226
1230 1226 1231
1224 1232 1227
1228 1227 1232
1224 1230 1232
1229 1228 1233
1228 1232 1233
1234 1229 1233
1235 1230 1231
1232 1230 1235
1235 1231 1236
1237 1234 1233
1237 1238 1234
1237 1239 1238
1240 1233 1232
1232 1235 1240
1240 1237 1233
1236 1241 1235
1241 1240 1235
1236 1242 1241
1242 1243 1241
1241 1244 1240
1244 1237 1240
1243 1244 1241
1237 1245 1239
1237 1244 1245
1246 1239 1245
1246 1247 1239
1248 1245 1244
1248 1246 1245
1243 1248 1244
1246 1249 1247
1249 1246 1248
1249 1250 1247
1249 1251 1250
1249 1252 1251
1252 1253 1251
1252 1254 1253
319 1254 1252
1249 1248 1255
1249 1255 1252
319 1252 1256
1255 1256 1252
318 319 1256
1257 1255 1248
1256 1255 1257
1257 318 1256
1257 1248 1243
318 1257 1258
1258 1257 1243
384 318 1258
384 1258 1259
1258 1243 1259
384 1259 418
1259 1243 1260
1243 1242 1260
1260 1242 1261
1259 1262 418
418 1262 417
1263 417 1262
1259 1260 1264
1259 1264 1262
1263 1262 1265
1264 1265 1262
1265 1266 1263
1267 1260 1261
1267 1264 1260
1264 1268 1265
1267 1268 1264
1265 1269 1266
1269 1265 1268
1269 1270 1266
1261 1271 1267
1268 1267 1271
1261 1272 1271
1271 1272 1273
1269 1268 1274
1268 1271 1274
1269 1275 1270
1275 1269 1274
1275 1276 1270
1271 1273 1277
1277 1274 1271
1273 1278 1277
1279 1276 1275
1279 1280 1276
1281 1280 1279
1281 1282 1280
1283 1282 1281
1275 1274 1284
1277 1284 1274
1279 1275 1284
1285 1277 1278
1285 1284 1277
1285 1278 1286
1285 1286 1287
1279 1284 1288
1285 1288 1284
1288 1281 1279
1285 1287 1289
1288 1285 1289
1289 1287 1290
1288 1289 1291
1288 1291 1281
1289 1290 1292
1291 1289 1292
1290 1293 1292
1294 1281 1291
1291 1292 1294
1293 1295 1292
1294 1292 1295
1293 1296 1295
1294 1297 1281
1281 1297 1283
1297 1298 1283
1299 1297 1294
1294 1295 1299
1298 1297 1300
1299 1300 1297
1298 1300 1301
1302 1295 1296
1302 1296 1303
1295 1304 1299
1304 1300 1299
1295 1302 1304
1301 1300 1305
1304 1305 1300
1301 1305 1306
1307 1302 1303
1304 1302 1307
1307 1303 1308
1304 1307 1309
1309 1307 1308
1309 1305 1304
1309 1308 1310
1311 1309 1310
1306 1305 1312
1306 1312 1311
1309 1312 1305
1311 1312 1309
1313 1314 1315
1313 1315 1316
1317 1315 1314
1318 1316 1315
1317 1319 1315
1318 1315 1320
1315 1319 1321
1315 1321 1320
1322 1323 1324
1322 1325 1323
1324 1326 1322
1327 1325 1322
1328 1326 1324
1328 1324 1329
1330 1328 1329
1331 1328 1330
1327 1332 1325
1333 1331 1330
1334 1332 1327
1335 1331 1333
1336 1332 1334
1336 1337 1332
1336 1338 1337
1339 1336 1334
1333 1340 1335
1340 1339 1335
1333 1341 1340
1342 1340 1341
1336 1343 1338
1343 1344 1338
1339 1345 1336
1340 1345 1339
1345 1343 1336
1342 1346 1340
1346 1345 1340
1347 1346 1342
1345 1348 1343
1346 1348 1345
1343 1349 1344
1349 1343 1348
1347 1350 1346
1350 1348 1346
1344 1349 1351
1344 1351 1352
1349 1348 1353
1350 1353 1348
1351 1349 1353
1354 1350 1347
1354 1353 1350
1354 1347 1355
1354 1356 1353
1351 1353 1356
1357 1354 1355
1356 1354 1357
1357 1355 1358
1357 1358 1359
1352 1351 1360
1352 1360 1361
1362 1361 1360
1363 1351 1356
1356 1357 1363
1363 1360 1351
1357 1359 1364
1363 1357 1364
1364 1359 1365
1362 1360 1366
1366 1360 1363
1364 1365 1367
848 1367 1365
1363 1364 1368
1366 1363 1368
1368 1364 1367
1369 1362 1366
1369 1370 1362
1371 1366 1368
1368 1367 1371
1371 1369 1366
848 1372 1367
1371 1367 1372
848 846 1372
1373 1370 1369
1373 1374 1370
1369 1371 1375
1371 1372 1375
1369 1375 1373
1376 1372 846
1376 1375 1372
1373 1375 1376
846 831 1376
1374 1373 1377
1373 1376 1377
1377 1376 831
1374 1377 1378
1377 831 822
1378 1377 822
822 1379 1378
824 1379 822
1379 1380 1378
824 1381 1379
1379 1382 1380
1382 1379 1381
824 1383 1381
824 813 1383
1380 1382 1384
1385 1384 1382
1385 1386 1384
1380 1384 1387
1387 1384 1386
1387 1386 1388
1389 1388 1386
1382 1381 1390
1385 1382 1390
1391 1390 1381
1391 1381 1383
1385 1390 1391
1392 1383 813
825 1392 813
1393 1383 1392
1393 1391 1383
1394 1392 825
1393 1395 1391
1385 1391 1395
1393 1396 1395
1396 1397 1395
1397 1385 1395
1396 1398 1397
1394 825 1399
1399 825 819
1394 1399 1400
1394 1400 1401
1399 819 1402
1402 1400 1399
820 1402 819
820 1403 1402
1402 1403 1400
820 826 1403
1404 1401 1400
1404 1400 1403
1404 1405 1401
1406 1405 1404
1407 1403 826
826 828 1407
1406 1404 1408
1409 1406 1408
1404 1403 1410
1407 1410 1403
1408 1404 1410
828 1411 1407
828 1412 1411
1407 1413 1410
1408 1410 1413
1407 1411 1413
1409 1408 1414
1414 1408 1413
1415 1409 1414
1416 1411 1412
1416 1412 1417
1411 1418 1413
1414 1413 1418
1411 1416 1418
1415 1414 1419
1419 1414 1418
1419 1420 1415
1421 1416 1417
1421 1417 1422
1421 1422 1423
1424 1418 1416
1419 1418 1424
1424 1416 1421
1419 1425 1420
1424 1425 1419
1425 1426 1420
1421 1423 1427
1427 1424 1421
1428 1427 1423
1424 1429 1425
1427 1429 1424
1425 1430 1426
1429 1430 1425
1430 1431 1426
1428 1432 1427
1429 1427 1432
1433 1432 1428
1429 1434 1430
1429 1432 1434
1430 1435 1431
1435 1430 1434
1435 1436 1431
1435 1434 1437
1432 1437 1434
1431 1436 1438
1432 1439 1437
1433 1439 1432
1433 1440 1439
1441 1440 1433
1442 1438 1436
1443 1438 1442
1440 1441 1444
1444 1441 1445
1446 1443 1442
1446 1444 1445
1446 1442 1447
1446 1447 1444
1448 1449 1450
1448 1450 1451
1452 1449 1448
1453 1448 1451
1452 1448 1454
1453 1455 1448
1448 1456 1454
1448 1455 1456
1457 1458 1459
1460 1459 1458
1457 1459 1461
1460 1462 1459
1463 1462 1460
1464 1457 1461
1464 1465 1457
1464 1466 1465
1467 1466 1464
1467 1468 1466
1469 1462 1463
1468 1467 1470
1469 1463 1471
1470 1472 1468
1469 1471 1473
1473 1471 1474
1470 1475 1472
1476 1472 1475
1470 1477 1475
1477 1469 1473
1470 1478 1477
1477 1478 1469
1476 1475 1479
1479 1475 1477
1479 1480 1476
1473 1474 1481
1482 1481 1474
1473 1483 1477
1479 1477 1483
1473 1481 1483
1479 1484 1480
1483 1484 1479
1484 1485 1480
1482 1486 1481
1487 1486 1482
1488 1483 1481
1483 1488 1484
1488 1481 1486
1484 1489 1485
1488 1489 1484
1487 1490 1486
1490 1488 1486
1491 1485 1489
1491 1492 1485
1398 1492 1491
1398 1491 1397
1488 1493 1489
1493 1491 1489
1490 1493 1488
1493 1494 1491
1494 1397 1491
1494 1493 1490
1487 1495 1490
1494 1490 1495
1487 1389 1495
1389 1386 1495
1386 1494 1495
1494 1496 1397
1386 1496 1494
1397 1496 1385
1385 1496 1386
1497 1498 1499
1497 1500 1498
1497 1499 1501
1501 1499 1502
1497 1503 1500
1501 1503 1497
1503 1504 1500
1503 1505 1504
1505 1506 1504
1501 1502 1507
1508 1507 1502
1508 1509 1507
1501 1507 1509
1510 1509 1508
1501 1511 1503
1501 1509 1511
1505 1503 1511
1510 1512 1509
1512 1511 1509
1512 1510 1513
1505 1514 1506
1514 1515 1506
1505 1511 1516
1512 1516 1511
1517 1505 1516
1517 1516 1512
1517 1514 1505
1512 1513 1518
1517 1512 1518
1513 1519 1518
1520 1515 1514
1521 1515 1520
1514 1517 1522
1522 1517 1518
1514 1522 1520
1518 1519 1523
1522 1518 1523
1523 1519 1524
1525 1521 1520
1525 1526 1521
1520 1522 1527
1527 1522 1523
1520 1527 1525
1528 1523 1524
1527 1523 1528
1528 1524 1529
1530 1528 1529
1531 1526 1525
1531 1532 1526
1533 1532 1531
1525 1527 1534
1534 1527 1528
1525 1534 1531
1530 1535 1528
1534 1528 1535
1535 1530 1536
1537 1533 1531
1537 1538 1533
1531 1534 1539
1535 1539 1534
1531 1539 1537
1536 1540 1535
1535 1540 1539
1541 1540 1536
1542 1538 1537
1539 1542 1537
1542 1543 1538
1544 1540 1541
1544 1541 1545
1544 1545 1546
1547 1539 1540
1539 1547 1542
1547 1540 1544
1543 1542 1548
1548 1542 1547
1543 1548 1549
1549 1548 1550
1548 1547 1551
1551 1547 1544
1550 1548 1551
1544 1546 1552
1544 1552 1551
1553 1552 1546
1553 1546 1554
1555 1551 1552
1555 1552 1553
1550 1551 1555
1553 1554 1556
1556 1555 1553
1556 1554 1557
1556 1557 1558
1556 1558 1559
1559 1558 1560
1559 1560 1561
683 1559 1561
1556 1562 1555
1556 1559 1562
683 1563 1559
1562 1559 1563
682 1563 683
1564 1555 1562
1563 1564 1562
1564 1563 682
1564 1550 1555
682 1565 1564
1565 1550 1564
748 1565 682
748 1566 1565
1565 1566 1550
748 782 1566
1566 1567 1550
1550 1567 1549
1567 1568 1549
1566 782 1569
782 781 1569
1570 1569 781
1566 1571 1567
1566 1569 1571
1570 1572 1569
1571 1569 1572
1572 1570 1573
1574 1568 1567
1574 1567 1571
1571 1572 1575
1574 1571 1575
1572 1573 1576
1576 1575 1572
1576 1573 1577
1568 1574 1578
1575 1578 1574
1568 1578 1579
1578 1580 1579
1576 1581 1575
1575 1581 1578
1576 1577 1582
1582 1581 1576
1582 1577 1583
1578 1584 1580
1584 1578 1581
1580 1584 1585
1586 1582 1583
1586 1583 1587
1588 1586 1587
1588 1587 1589
1590 1588 1589
1582 1591 1581
1584 1581 1591
1586 1591 1582
1592 1585 1584
1592 1584 1591
1592 1593 1585
1592 1594 1593
1586 1595 1591
1592 1591 1595
1595 1586 1588
1592 1596 1594
1595 1596 1592
1596 1597 1594
1595 1598 1596
1595 1588 1598
1596 1599 1597
1598 1599 1596
1597 1599 1600
1601 1598 1588
1598 1601 1599
1600 1599 1602
1601 1602 1599
1600 1602 1603
1601 1588 1604
1588 1590 1604
1604 1590 1605
1606 1601 1604
1601 1606 1602
1605 1607 1604
1606 1604 1607
1605 1608 1607
1609 1603 1602
1609 1610 1603
1602 1606 1611
1611 1606 1607
1602 1611 1609
1608 1612 1607
1611 1607 1612
1608 1613 1612
1614 1610 1609
1611 1614 1609
1614 1615 1610
1611 1616 1614
1616 1615 1614
1616 1611 1612
1616 1617 1615
1618 1617 1616
1613 1618 1619
1613 1619 1612
1616 1612 1619
1618 1616 1619
1620 1621 1622
1620 1622 1623
1622 1621 1624
1625 1623 1622
1622 1624 1626
1625 1622 1627
1622 1626 1628
1622 1628 1627
1629 1630 1631
1629 1631 1632
1633 1631 1630
1631 1634 1632
1633 1635 1631
1631 1636 1634
1631 1635 1637
1631 1637 1636
