byte offset: 0
first index: 0
index count: 3726
topology: trianglelist
format: DXGI_FORMAT_R16_UINT

0 1 2
3 4 5
6 7 8
9 10 11
10 12 13
14 15 16
17 18 19
20 21 22
23 24 25
26 27 28
28 29 30
31 32 33
34 35 36
37 38 39
40 41 42
43 44 45
45 46 47
48 49 50
51 52 53
54 55 56
57 58 59
60 61 62
61 63 64
65 66 67
68 69 70
71 72 70
70 73 74
70 75 76
70 77 78
79 70 78
80 81 70
70 81 82
83 84 85
86 87 83
83 88 89
90 83 91
83 92 93
94 83 93
95 96 83
83 97 95
98 99 100
101 99 102
99 103 104
99 105 106
99 107 108
109 107 99
110 99 111
99 112 111
113 114 115
116 113 117
113 118 119
120 121 113
113 122 123
124 122 113
125 113 126
113 125 127
128 129 130
131 132 133
134 135 136
137 138 139
140 141 142
140 142 143
144 145 146
144 147 145
148 147 149
148 149 150
151 152 153
151 153 154
155 154 156
155 156 157
158 159 160
158 160 161
162 161 160
163 161 162
164 161 163
164 165 161
162 160 166
160 167 166
160 168 167
163 162 169
163 169 170
171 169 162
171 170 169
163 170 172
173 163 172
173 172 174
170 175 172
176 172 175
176 175 177
166 178 162
171 162 179
178 179 162
171 179 180
178 180 179
181 178 166
166 182 181
166 183 182
178 184 180
181 184 178
170 185 175
175 185 186
175 186 187
171 180 188
189 188 180
189 180 184
190 171 188
189 190 188
171 191 170
190 191 171
192 170 191
192 191 190
185 170 192
192 190 193
189 193 190
189 194 193
195 189 184
195 194 189
196 185 192
196 192 193
185 196 197
185 197 198
199 196 193
199 193 194
196 199 200
196 200 201
202 195 184
202 184 181
181 203 202
181 204 203
194 205 199
199 205 206
199 206 207
208 205 194
209 205 208
209 208 210
194 211 208
212 208 211
212 211 213
214 211 194
214 215 211
214 216 215
214 194 195
195 217 214
218 214 217
218 219 214
217 195 220
195 202 220
221 217 220
221 222 217
202 223 220
202 224 223
225 226 227
225 227 228
229 230 231
229 231 232
233 234 235
233 236 234
237 238 236
237 239 238
240 241 242
240 242 243
244 245 246
244 246 247
248 249 250
248 250 251
252 253 251
252 254 253
255 256 257
255 257 258
259 260 261
259 261 262
263 264 265
263 265 266
267 268 266
267 269 268
270 271 272
270 273 271
274 275 273
274 276 275
277 278 279
277 280 278
281 278 280
282 281 280
283 282 280
283 280 284
281 285 278
278 285 286
278 286 287
282 288 281
282 289 288
290 281 288
290 288 289
282 291 289
292 291 282
292 293 291
289 291 294
295 294 291
295 296 294
285 281 297
290 298 281
297 281 298
299 298 290
297 298 299
300 285 297
285 300 301
285 301 302
297 299 303
300 297 303
289 294 304
294 305 304
294 306 305
299 290 307
308 299 307
308 303 299
290 309 307
308 307 309
290 289 310
290 310 309
311 310 289
311 309 310
304 311 289
311 312 309
308 309 312
308 312 313
314 303 308
314 308 313
315 311 304
315 312 311
304 316 315
304 317 316
318 312 315
318 313 312
315 319 318
315 320 319
321 303 314
321 300 303
300 321 322
300 322 323
313 318 324
318 325 324
318 326 325
327 313 324
328 327 324
328 329 327
313 327 330
331 330 327
331 332 330
333 313 330
333 330 334
333 334 335
333 314 313
314 333 336
337 336 333
337 333 338
336 339 314
314 339 321
340 339 336
340 336 341
321 339 342
321 342 343
344 345 346
344 346 347
348 349 350
348 350 351
352 353 354
352 354 355
356 355 357
356 357 358
359 360 361
359 361 362
363 364 365
363 365 366
367 368 369
367 370 368
371 370 372
371 372 373
374 375 376
374 376 377
378 379 380
378 380 381
382 383 384
382 384 385
386 387 388
386 388 389
390 391 392
390 392 393
394 395 396
394 396 397
397 398 399
397 399 400
401 402 400
401 403 402
404 405 406
404 406 407
408 409 410
408 410 411
412 413 408
412 414 413
415 416 411
415 417 416
418 419 420
418 420 421
422 423 424
422 424 425
425 424 426
425 426 427
427 426 428
427 428 429
429 428 430
429 430 431
432 433 434
432 434 435
436 437 438
436 438 439
440 441 442
440 442 443
444 445 446
444 446 447
448 449 450
448 450 451
452 453 454
452 454 455
456 457 458
456 458 459
460 461 462
460 462 463
464 465 466
464 466 467
468 469 470
468 470 471
472 473 474
472 474 475
475 476 477
475 477 478
479 480 478
479 481 480
482 483 484
482 484 485
486 487 488
486 488 489
490 491 486
490 492 491
493 494 489
493 495 494
496 497 498
496 498 499
500 501 502
500 502 503
503 502 504
503 504 505
505 504 506
505 506 507
507 506 508
507 508 509
510 511 512
510 512 513
514 510 513
515 514 513
515 516 514
514 517 510
518 510 517
518 517 519
514 520 517
517 520 521
517 521 522
514 523 520
524 523 514
524 514 525
526 520 523
527 526 523
527 523 528
526 529 520
520 529 530
520 530 531
532 529 526
526 533 532
526 534 533
532 535 529
536 529 535
536 535 537
532 538 535
538 539 535
538 540 539
532 541 538
541 532 542
541 542 543
541 544 538
541 545 544
546 547 548
546 549 547
550 547 549
550 551 547
551 550 552
551 552 553
553 552 554
553 554 555
555 554 556
555 556 557
558 559 560
558 560 561
562 563 564
562 564 565
566 567 568
566 568 569
570 571 572
570 572 573
574 575 576
574 577 575
577 578 579
577 580 578
581 580 582
581 582 583
584 585 586
584 586 587
588 589 590
588 591 589
592 588 593
592 593 594
595 591 596
595 596 597
598 599 600
598 600 601
602 603 604
602 605 603
605 606 603
605 607 606
607 608 606
607 609 608
609 610 608
609 611 610
612 613 614
612 614 615
616 617 618
616 618 619
620 621 622
620 622 623
624 625 626
624 626 627
628 629 630
628 631 629
631 632 633
631 634 632
635 634 636
635 636 637
638 639 640
638 640 641
642 643 644
642 645 643
646 642 647
646 647 648
649 645 650
649 650 651
652 653 654
652 654 655
656 657 658
656 659 657
659 660 657
659 661 660
661 662 660
661 663 662
663 664 662
663 665 664
666 667 668
666 668 669
670 666 669
670 671 666
672 673 674
672 674 675
674 676 675
674 677 676
678 679 680
678 680 681
682 678 681
682 683 678
684 685 686
684 686 687
686 688 687
686 689 688
690 691 692
690 692 693
694 695 696
694 696 697
698 699 700
698 700 701
702 703 704
702 704 705
706 707 708
706 708 709
710 711 712
710 712 713
714 715 716
714 716 717
718 719 720
718 720 721
722 723 724
722 724 725
725 724 726
725 726 727
728 729 730
728 730 731
732 733 734
732 734 735
736 737 738
736 738 739
740 741 742
740 742 743
744 745 746
744 746 747
748 749 750
748 750 751
752 753 754
752 754 755
756 757 758
756 758 759
759 758 760
759 760 761
761 760 762
761 762 763
763 762 764
763 764 765
766 767 768
766 768 769
770 771 772
770 772 773
774 775 776
774 776 777
778 779 780
778 780 781
782 783 784
782 784 785
786 787 788
786 788 789
790 791 792
790 792 793
794 795 796
794 796 797
798 799 800
798 800 801
802 803 804
802 804 805
806 807 808
806 808 809
810 811 812
810 812 813
814 815 816
814 817 815
818 817 814
818 819 817
819 820 821
819 821 822
823 824 825
823 826 824
827 828 826
827 829 828
827 830 829
827 831 830
832 833 831
832 834 833
835 836 837
835 837 838
839 838 840
839 840 841
842 843 844
842 844 845
845 846 847
845 847 848
849 850 851
851 850 852
853 854 850
853 855 854
856 855 853
857 858 859
860 859 858
860 861 859
861 862 863
861 864 862
865 866 867
865 867 868
869 865 868
869 868 870
870 871 872
870 872 873
874 875 876
874 877 875
878 879 877
879 880 877
881 882 883
881 884 882
885 886 884
885 884 887
885 888 889
885 889 890
891 892 893
891 893 894
895 896 897
895 897 898
899 900 901
899 901 902
903 899 904
903 904 905
906 907 908
906 908 909
910 906 911
910 911 912
913 914 915
913 915 916
913 917 918
913 918 919
920 921 918
920 922 921
923 924 925
923 925 926
927 928 929
927 929 930
931 932 933
931 933 934
935 936 937
935 937 938
939 940 941
939 942 940
943 944 942
943 942 945
946 947 948
946 948 949
950 951 952
950 952 953
954 955 956
954 956 957
958 959 960
958 960 961
962 963 964
962 964 965
962 966 967
962 967 968
969 970 971
969 971 972
973 974 975
973 975 976
977 978 979
977 979 980
981 982 979
981 979 983
984 985 986
984 986 987
988 989 990
988 990 991
992 993 994
992 994 995
996 997 998
996 998 999
1000 1001 1002
1000 1002 1003
1004 1005 1003
1004 1003 1006
1004 1007 1008
1004 1008 1009
1010 1011 1012
1010 1012 1013
1014 1015 1016
1014 1016 1017
1018 1019 1020
1018 1020 1021
1022 1023 1018
1022 1024 1023
1025 1026 1027
1025 1027 1028
1029 1030 1025
1029 1031 1030
1032 1033 1034
1032 1034 1035
1032 1036 1037
1032 1037 1038
1039 1037 1040
1039 1040 1041
1042 1043 1044
1042 1044 1045
1046 1047 1048
1046 1048 1049
1050 1051 1052
1050 1052 1053
1054 1055 1056
1054 1056 1057
1058 1059 1060
1058 1060 1061
1062 1063 1061
1062 1061 1064
1065 1066 1067
1065 1067 1068
1069 1070 1071
1069 1071 1072
1073 1074 1075
1073 1075 1076
1077 1078 1079
1077 1079 1080
1081 1082 1083
1081 1083 1084
1081 1085 1086
1081 1086 1087
1088 1089 1090
1088 1090 1091
1092 1093 1094
1092 1094 1095
1096 1097 1098
1096 1098 1099
1100 1101 1098
1100 1098 1102
1103 1104 1105
1103 1105 1106
1107 1108 1109
1107 1109 1110
1111 1112 1113
1111 1113 1114
1115 1116 1117
1115 1117 1118
1119 1120 1121
1119 1121 1122
1123 1124 1122
1123 1122 1125
1123 1126 1127
1123 1127 1128
1129 1130 1131
1129 1131 1132
1133 1134 1135
1133 1135 1136
1137 1138 1139
1137 1139 1140
1141 1142 1137
1141 1143 1142
1144 1145 1146
1144 1146 1147
1148 1149 1144
1148 1150 1149
1151 1152 1153
1151 1153 1154
1151 1155 1156
1151 1156 1157
1158 1156 1159
1158 1159 1160
1161 1162 1163
1161 1163 1164
1165 1166 1167
1165 1167 1168
1169 1170 1171
1169 1171 1172
1173 1174 1175
1173 1175 1176
1177 1178 1179
1177 1179 1180
1181 1182 1180
1181 1180 1183
1184 1185 1186
1184 1186 1187
1188 1189 1190
1188 1190 1191
1192 1193 1194
1192 1194 1195
1196 1197 1198
1196 1198 1199
1200 1201 1202
1200 1202 1203
1200 1204 1205
1200 1205 1206
1207 1208 1209
1207 1209 1210
1211 1212 1213
1211 1213 1214
1215 1216 1217
1215 1217 1218
1219 1220 1217
1219 1217 1221
1222 1223 1224
1222 1224 1225
1226 1227 1228
1226 1228 1229
1230 1231 1232
1230 1232 1233
1234 1235 1236
1234 1236 1237
1238 1239 1240
1238 1241 1239
1242 1243 1241
1242 1241 1244
1242 1245 1246
1242 1246 1247
1248 1249 1250
1248 1250 1251
1252 1253 1254
1252 1254 1255
1256 1257 1258
1256 1258 1259
1260 1256 1261
1260 1261 1262
1263 1264 1265
1263 1265 1266
1267 1263 1268
1267 1268 1269
1270 1271 1272
1270 1272 1273
1270 1274 1275
1270 1275 1276
1277 1278 1275
1277 1279 1278
1280 1281 1282
1280 1282 1283
1284 1285 1286
1284 1286 1287
1288 1289 1290
1288 1290 1291
1292 1293 1294
1292 1294 1295
1296 1297 1298
1296 1299 1297
1300 1301 1299
1300 1299 1302
1303 1304 1305
1303 1305 1306
1307 1308 1309
1307 1309 1310
1311 1312 1313
1311 1313 1314
1315 1316 1317
1315 1317 1318
1319 1320 1321
1319 1321 1322
1319 1323 1324
1319 1324 1325
1326 1327 1328
1326 1328 1329
1330 1331 1332
1330 1332 1333
1334 1335 1336
1334 1336 1337
1338 1339 1336
1338 1336 1340
1341 1342 1343
1341 1343 1344
1345 1346 1347
1345 1347 1348
1349 1350 1351
1349 1351 1352
1353 1354 1355
1353 1355 1356
1357 1358 1359
1357 1359 1360
1357 1361 1362
1357 1362 1363
1364 1357 1365
1364 1365 1366
1364 1367 1357
1364 1368 1367
1364 1369 1370
1364 1370 1371
1371 1372 1364
1371 1373 1372
1371 1374 1375
1371 1375 1376
1376 1377 1371
1376 1378 1377
1376 1379 1378
1376 1380 1379
1376 1381 1380
1376 1382 1381
1380 1383 1384
1380 1385 1383
1386 1385 1380
1386 1387 1385
1388 1389 1385
1388 1385 1390
1390 1385 1391
1390 1391 1392
1393 1390 1394
1393 1395 1390
1396 1390 1395
1396 1395 1397
1398 1399 1395
1398 1395 1400
1401 1400 1395
1401 1402 1400
1400 1403 1404
1400 1404 1405
1406 1400 1405
1406 1405 1407
1408 1405 1409
1408 1410 1405
1410 1411 1405
1410 1412 1411
1413 1414 1410
1413 1415 1414
1413 1410 1416
1413 1416 1417
1418 1415 1413
1418 1413 1419
1420 1419 1413
1420 1421 1419
1422 1423 1419
1422 1419 1424
1425 1424 1419
1425 1426 1424
1427 1424 1428
1427 1429 1424
1430 1424 1429
1430 1431 1424
1429 1432 1430
1429 1433 1432
1429 1434 1435
1429 1435 1436
1437 1438 1439
1437 1440 1438
1437 1441 1440
1437 1442 1441
1440 1443 1444
1440 1445 1443
1446 1445 1440
1446 1447 1445
1445 1448 1449
1445 1450 1448
1451 1450 1445
1451 1452 1450
1437 1453 1454
1437 1454 1455
1437 1455 1456
1437 1456 1457
1455 1458 1459
1455 1459 1460
1461 1455 1460
1461 1460 1462
1460 1463 1464
1460 1464 1465
1466 1460 1465
1466 1465 1467
1465 1468 1469
1465 1469 1470
1471 1465 1470
1471 1472 1465
1473 1474 1470
1473 1475 1474
1473 1470 1476
1473 1476 1477
1473 1478 1479
1473 1479 1480
1480 1481 1473
1480 1482 1481
1483 1482 1480
1483 1484 1482
1483 1480 1485
1483 1485 1486
1487 1483 1486
1487 1486 1488
1489 1490 1483
1489 1483 1491
1450 1492 1493
1450 1494 1492
1495 1494 1450
1495 1450 1496
1497 1498 1494
1497 1499 1498
1500 1494 1498
1500 1498 1501
1502 1503 1498
1502 1498 1504
1505 1504 1498
1505 1506 1504
1502 1504 1507
1502 1507 1508
1509 1507 1504
1509 1510 1507
1511 1507 1512
1511 1513 1507
1513 1514 1507
1513 1515 1514
1516 1513 1517
1516 1517 1518
1519 1520 1513
1519 1521 1520
1522 1523 1524
1522 1525 1523
1526 1523 1525
1526 1527 1523
1528 1527 1526
1528 1529 1527
1530 1529 1528
1530 1531 1529
1530 1532 1531
1530 1533 1532
1532 1533 1534
1532 1534 1535
1536 1535 1534
1536 1537 1535
1537 1536 1538
1537 1538 1539
1540 1539 1538
1540 1538 1541
1541 1542 1540
1541 1543 1542
1544 1542 1543
1544 1543 1545
1546 1544 1545
1546 1547 1544
1548 1547 1546
1548 1546 1549
1550 1548 1551
1550 1551 1552
1553 1554 1552
1553 1552 1555
1556 1553 1555
1556 1557 1553
1558 1559 1560
1558 1560 1561
1562 1558 1561
1562 1561 1563
1564 1562 1563
1564 1563 1565
1566 1564 1565
1566 1565 1567
1568 1566 1567
1568 1567 1569
1568 1569 1570
1568 1570 1571
1572 1571 1570
1572 1573 1571
1573 1572 1574
1573 1574 1575
1576 1575 1574
1576 1574 1577
1577 1578 1576
1577 1579 1578
1580 1578 1579
1580 1579 1581
1580 1581 1582
1580 1582 1583
1584 1583 1582
1584 1585 1583
1586 1585 1584
1586 1587 1585
1588 1587 1586
1588 1589 1587
1589 1588 1590
1589 1590 1591
1592 1593 1594
1592 1594 1595
1596 1597 1598
1596 1598 1599
1600 1601 1602
1600 1602 1603
1600 1604 1605
1600 1605 1606
1607 1600 1608
1607 1608 1609
1610 1608 1600
1610 1611 1608
1612 1613 1608
1612 1608 1614
1615 1614 1608
1615 1616 1614
1617 1618 1614
1617 1614 1619
1620 1619 1614
1620 1621 1619
1619 1621 1622
1619 1622 1623
1619 1623 1624
1619 1624 1625
1623 1626 1627
1623 1627 1628
1629 1623 1628
1629 1628 1630
1631 1628 1632
1631 1633 1628
1633 1634 1628
1633 1635 1634
1636 1637 1633
1636 1633 1638
1639 1638 1633
1639 1640 1638
1641 1638 1642
1641 1643 1638
1644 1638 1643
1644 1643 1645
1643 1646 1647
1643 1648 1646
1649 1648 1643
1649 1650 1648
1651 1652 1648
1651 1648 1653
1653 1648 1654
1653 1654 1655
1656 1653 1657
1656 1657 1658
1656 1659 1653
1656 1660 1659
1656 1658 1661
1656 1661 1662
1662 1663 1656
1662 1664 1663
1662 1665 1666
1662 1666 1667
1667 1668 1662
1667 1669 1668
1667 1670 1671
1667 1672 1670
1667 1673 1672
1667 1674 1673
1672 1675 1676
1672 1676 1677
1672 1678 1679
1672 1679 1680
1681 1682 1683
1681 1683 1684
1681 1684 1685
1681 1685 1686
1684 1687 1688
1684 1688 1689
1690 1684 1689
1690 1689 1691
1689 1692 1693
1689 1693 1694
1695 1689 1694
1695 1694 1696
1681 1697 1698
1681 1699 1697
1681 1700 1699
1681 1701 1700
1699 1702 1703
1699 1704 1702
1705 1704 1699
1705 1706 1704
1704 1707 1708
1704 1709 1707
1710 1709 1704
1710 1711 1709
1709 1712 1713
1709 1714 1712
1715 1714 1709
1715 1709 1716
1717 1718 1714
1717 1719 1718
1720 1714 1718
1720 1718 1721
1722 1723 1718
1722 1718 1724
1725 1724 1718
1725 1726 1724
1722 1724 1727
1726 1727 1724
1726 1728 1727
1722 1727 1729
1730 1729 1727
1730 1731 1729
1732 1733 1727
1732 1727 1734
1694 1735 1736
1694 1736 1737
1738 1694 1737
1738 1739 1694
1740 1741 1737
1740 1742 1741
1740 1737 1743
1740 1743 1744
1740 1745 1746
1740 1746 1747
1747 1748 1740
1747 1749 1748
1750 1751 1747
1750 1752 1751
1750 1747 1753
1750 1753 1754
1755 1756 1750
1755 1750 1757
1757 1750 1758
1757 1758 1759
1760 1757 1761
1760 1761 1762
1763 1764 1757
1763 1765 1764
1766 1767 1768
1766 1768 1769
1768 1770 1769
1768 1771 1770
1772 1773 1770
1772 1774 1773
1774 1775 1776
1774 1777 1775
1775 1777 1778
1775 1778 1779
1780 1779 1778
1780 1778 1781
1781 1782 1780
1781 1783 1782
1783 1784 1782
1783 1785 1784
1786 1784 1785
1786 1787 1784
1787 1786 1788
1787 1788 1789
1790 1789 1788
1790 1791 1789
1792 1791 1790
1792 1790 1793
1792 1793 1794
1792 1794 1795
1795 1794 1796
1795 1796 1797
1797 1796 1798
1797 1798 1799
1800 1799 1798
1800 1798 1801
1802 1803 1804
1802 1805 1803
1805 1802 1806
1805 1806 1807
1807 1806 1808
1807 1808 1809
1809 1808 1810
1809 1810 1811
1812 1811 1810
1812 1813 1811
1814 1813 1812
1814 1812 1815
1815 1816 1814
1815 1817 1816
1817 1818 1816
1817 1819 1818
1820 1818 1819
1820 1821 1818
1821 1820 1822
1821 1822 1823
1824 1823 1822
1824 1825 1823
1824 1826 1825
1824 1827 1826
1827 1828 1826
1827 1829 1828
1829 1830 1828
1829 1831 1830
1831 1832 1830
1831 1833 1832
1834 1832 1833
1834 1833 1835
1836 1837 1838
1836 1838 1839
1840 1841 1842
1840 1842 1843
