byte offset: 0
first index: 0
index count: 12081
topology: trianglelist
format: DXGI_FORMAT_R16_UINT

0 1 2
3 4 5
6 7 8
9 10 11
12 13 14
15 16 17
18 19 20
21 22 23
21 24 25
21 25 26
27 28 29
30 28 31
32 28 33
34 28 35
36 28 37
38 28 39
40 28 41
42 28 43
44 28 45
46 28 47
48 28 49
50 28 51
52 28 53
54 28 55
56 28 57
58 28 59
60 28 61
62 28 63
64 28 65
66 28 67
68 28 69
70 28 71
72 28 73
74 28 75
76 28 77
78 28 79
80 28 81
82 28 83
84 28 85
86 28 87
88 28 89
90 28 91
92 28 93
94 28 95
96 28 97
98 28 99
100 28 101
102 28 103
104 28 105
106 28 107
108 28 109
110 28 111
112 28 113
114 28 115
116 117 118
116 119 120
121 116 120
121 120 122
122 123 121
122 124 123
116 121 125
121 123 126
121 126 125
123 127 126
116 125 128
128 129 116
123 130 127
131 130 123
131 132 130
125 126 133
134 128 125
125 133 134
135 126 127
135 133 126
127 130 136
130 137 136
130 138 137
134 139 128
139 140 128
141 133 135
142 141 135
127 143 135
142 135 143
134 133 144
141 144 133
145 139 134
134 144 146
145 134 146
146 144 147
141 147 144
145 148 139
139 148 149
150 145 146
146 147 150
148 145 151
150 151 145
148 151 152
152 151 153
152 153 154
153 155 154
156 151 150
156 153 151
153 157 155
157 153 156
150 158 156
150 147 158
157 159 155
155 159 160
157 156 161
161 156 158
157 162 159
157 161 162
161 158 163
162 161 163
162 164 159
165 159 164
166 158 147
158 167 163
158 166 167
162 163 168
167 168 163
166 147 169
169 147 141
169 170 166
167 166 170
170 171 167
141 172 169
169 172 170
142 172 141
172 173 170
170 173 171
172 174 173
142 174 172
175 173 174
171 173 175
176 162 168
162 176 164
167 177 168
171 177 167
142 178 174
175 174 178
176 168 179
177 179 168
180 164 176
181 164 180
182 176 179
180 176 182
177 183 179
171 184 177
184 183 177
182 179 185
185 179 183
182 186 180
180 186 187
182 188 186
185 188 182
185 189 188
185 183 190
191 185 190
191 190 192
183 193 190
190 193 194
190 194 195
183 196 193
184 196 183
197 196 184
196 198 193
196 197 198
193 198 199
193 199 200
197 184 201
201 184 171
199 198 202
198 197 202
201 171 203
171 175 203
203 175 204
204 175 178
201 203 205
205 203 204
206 197 201
201 205 206
204 178 207
205 204 208
207 208 204
207 209 208
207 178 210
209 207 210
210 178 142
211 210 142
210 211 209
211 142 143
212 211 143
127 212 143
212 213 211
213 209 211
212 127 214
213 212 214
127 136 214
215 206 205
215 205 208
213 214 216
136 217 214
216 214 217
218 217 136
218 136 219
220 209 213
220 213 216
216 217 221
217 218 221
216 222 220
221 222 216
223 209 220
222 223 220
208 209 224
223 224 209
215 208 225
208 224 225
221 226 222
222 227 223
227 222 226
228 224 223
227 228 223
221 218 229
226 221 229
230 225 224
228 230 224
231 215 225
230 232 225
231 225 232
231 233 215
215 233 206
234 206 233
206 234 197
235 197 234
197 235 202
234 233 236
236 235 234
231 237 233
236 233 237
202 235 238
236 239 235
238 235 239
236 237 240
240 239 236
241 202 238
199 202 241
242 237 231
243 240 237
243 237 242
240 244 239
244 240 243
238 239 245
239 244 245
246 238 245
241 238 246
242 231 247
247 231 232
248 245 244
246 245 248
241 249 199
250 199 249
250 251 199
252 241 246
252 249 241
252 246 253
253 246 248
254 249 252
255 249 254
253 248 256
257 256 248
248 244 257
257 258 256
257 244 259
244 243 259
258 257 260
257 259 260
258 260 261
261 260 262
259 262 260
261 262 263
264 259 243
264 262 259
242 264 243
263 262 265
263 265 266
242 267 264
267 242 247
262 264 268
262 268 265
267 268 264
269 266 265
269 265 268
269 270 266
270 269 271
270 271 272
271 269 273
269 268 274
269 274 275
267 276 268
274 268 276
267 247 277
277 276 267
277 247 278
247 232 278
232 279 278
232 230 279
230 280 279
230 228 280
277 281 276
277 278 282
282 281 277
278 279 283
278 283 282
274 276 284
284 276 281
284 281 285
274 284 286
284 285 287
288 284 287
282 289 281
285 281 289
282 290 289
282 283 290
279 291 283
279 280 291
285 289 292
290 292 289
285 292 293
283 291 294
283 294 290
280 295 291
291 296 294
291 295 296
280 297 295
228 297 280
228 298 297
227 298 228
298 227 299
227 226 299
297 298 300
298 299 300
300 299 301
226 302 299
302 301 299
226 229 302
302 303 301
229 303 302
297 304 295
297 300 305
297 305 304
305 300 306
300 301 306
305 306 307
304 305 307
295 304 308
295 308 296
309 306 301
307 306 309
304 307 310
308 304 310
307 309 311
310 307 311
229 312 303
313 301 303
312 313 303
309 301 314
314 301 313
229 315 312
218 315 229
218 316 315
218 317 316
312 315 318
315 319 318
312 320 313
320 312 318
314 313 321
313 320 321
314 321 322
320 322 321
323 309 314
314 322 323
323 324 309
311 309 324
320 318 325
325 318 326
325 326 327
325 328 320
320 328 322
329 328 325
330 329 325
322 328 331
328 329 331
332 322 331
332 323 322
333 331 329
332 331 333
311 324 334
335 311 334
310 311 335
336 310 335
308 310 336
323 337 324
332 338 323
323 338 337
324 339 334
324 337 339
337 340 339
338 341 337
337 341 340
342 338 332
338 342 341
334 339 343
343 339 340
335 334 344
334 343 344
336 335 345
345 335 344
342 332 346
346 332 333
345 347 336
308 336 347
308 347 348
296 308 348
347 349 348
296 348 350
294 296 350
350 348 351
294 350 352
290 294 352
352 350 353
290 352 354
290 354 292
354 355 292
354 352 356
352 357 356
358 354 356
348 359 360
361 348 362
350 361 363
364 350 363
365 292 366
292 367 366
368 354 369
354 370 369
371 372 373
374 372 375
376 377 372
376 378 377
378 379 377
378 380 379
381 379 380
381 382 379
382 381 383
382 383 384
385 377 379
385 379 382
372 377 386
385 386 377
385 382 387
384 387 382
372 386 388
389 372 388
389 388 390
386 385 391
391 385 387
392 388 386
386 391 392
392 329 388
393 388 329
393 329 394
333 329 392
395 333 392
395 392 391
346 333 395
391 387 396
396 395 391
397 346 395
396 397 395
396 387 398
384 398 387
398 384 399
398 399 400
396 398 401
397 396 401
401 398 402
401 402 403
397 404 346
342 346 404
397 401 405
405 404 397
342 404 406
406 341 342
405 401 407
407 401 408
405 409 404
406 404 409
406 410 341
340 341 410
405 407 411
409 405 411
406 409 412
410 406 412
410 412 413
414 412 409
414 413 412
340 410 415
415 410 413
409 411 416
416 414 409
417 411 407
417 407 418
417 419 411
420 411 419
416 411 420
420 419 421
416 422 414
416 420 422
423 420 421
422 420 423
424 422 423
423 421 425
424 423 425
424 425 426
424 426 427
422 428 414
424 428 422
428 413 414
428 424 413
424 427 429
413 424 429
429 427 430
413 429 431
415 413 431
429 430 432
431 429 432
432 430 433
434 415 431
340 415 434
432 433 435
436 435 433
431 432 437
434 431 437
437 432 435
436 438 435
438 436 439
437 435 440
438 440 435
340 434 441
343 340 441
437 442 434
437 440 442
434 443 441
343 441 443
434 442 443
444 443 442
343 443 445
445 443 444
344 343 445
446 442 440
444 442 446
444 446 447
344 445 448
345 344 448
446 440 449
446 449 450
438 449 440
449 438 451
445 444 452
448 445 452
452 444 453
448 454 345
345 454 347
347 454 455
456 347 455
455 454 457
448 458 454
448 452 458
458 452 459
458 460 454
454 460 461
444 462 463
464 444 465
466 458 467
452 468 469
470 452 469
458 470 471
458 471 472
473 474 128
475 476 384
384 477 478
479 164 480
285 481 482
483 285 484
285 483 485
180 486 487
488 489 490
491 492 493
494 495 496
497 498 499
500 501 502
503 504 505
506 507 508
509 510 511
509 512 513
509 513 514
515 516 517
518 519 517
520 521 517
522 523 517
524 525 517
526 527 517
528 529 517
530 531 517
532 533 517
534 535 517
536 537 517
538 539 517
540 541 517
542 543 517
544 545 517
546 547 517
548 549 517
550 551 517
552 553 517
554 555 517
556 557 517
558 559 517
560 561 517
562 563 517
564 565 517
566 567 517
568 569 517
570 571 517
572 573 517
574 575 517
576 577 517
578 579 517
580 581 517
582 583 517
584 585 517
586 587 517
588 589 517
590 591 517
592 593 517
594 595 517
596 597 517
598 599 517
600 601 517
602 603 517
604 605 606
604 607 608
609 607 604
610 607 609
611 607 610
612 607 611
613 607 612
614 612 615
616 617 607
618 607 619
607 620 621
622 623 624
625 624 626
627 624 628
629 624 630
631 624 629
624 631 632
632 633 624
629 634 635
636 637 632
638 639 640
641 642 639
643 639 644
645 639 646
639 647 646
639 648 647
639 649 648
650 649 639
650 651 649
652 646 653
654 655 656
657 658 655
657 655 659
660 661 662
661 663 664
661 664 665
666 667 668
669 670 667
671 667 672
673 674 675
675 676 677
678 679 680
681 679 682
683 684 682
683 685 686
687 688 689
687 690 691
687 691 692
693 694 695
693 696 697
693 698 699
700 701 702
702 703 704
705 704 706
707 708 709
707 710 711
712 707 711
713 712 711
714 713 711
715 714 711
716 715 711
717 718 715
719 711 720
721 722 711
711 723 724
725 726 727
728 729 726
730 731 726
732 733 726
734 732 726
726 735 734
735 726 736
732 737 738
739 735 740
741 742 743
744 743 745
746 747 743
748 749 743
743 749 750
743 750 751
743 751 752
753 743 752
753 752 754
755 756 749
757 758 759
760 759 761
760 762 759
763 764 765
765 766 767
765 767 768
769 770 771
772 771 773
774 775 771
776 777 778
777 779 780
781 782 783
784 785 783
785 786 787
787 788 789
790 791 792
790 793 794
790 794 795
796 797 798
796 799 800
796 801 802
803 804 805
804 806 807
808 809 806
810 811 812
813 814 811
813 811 815
816 817 818
819 818 820
818 821 822
818 822 823
824 818 823
824 825 818
826 818 825
826 825 827
828 825 824
829 825 828
830 825 829
831 828 832
833 834 835
835 836 837
835 837 838
839 840 841
842 843 841
842 841 844
845 846 847
847 848 849
847 849 850
847 850 851
847 851 852
847 852 853
852 851 854
852 854 855
852 855 856
850 857 858
859 852 860
861 852 862
863 864 865
866 867 863
866 863 868
869 870 871
872 870 873
872 873 874
875 876 877
877 878 879
877 879 880
877 880 881
881 882 877
883 877 882
884 882 881
885 882 884
885 886 882
887 882 886
880 888 889
890 882 891
892 893 894
895 894 896
895 896 897
898 899 900
901 900 902
901 902 903
904 905 906
907 905 908
907 908 909
910 911 912
913 914 912
913 912 915
916 917 918
919 918 920
919 920 921
922 923 924
925 926 924
925 924 927
928 929 930
931 929 932
931 932 933
934 935 936
937 935 938
937 938 939
940 941 942
943 942 944
945 944 942
945 942 946
946 942 947
948 947 942
946 947 949
950 949 947
950 951 949
952 953 945
954 955 947
956 947 957
958 959 960
961 962 960
961 960 963
964 965 966
967 965 968
967 968 969
970 971 972
973 974 972
973 972 975
976 977 978
979 980 977
980 981 977
980 982 981
977 981 983
977 983 984
985 977 984
986 984 983
987 984 986
987 988 984
989 985 988
990 984 988
988 987 991
988 991 992
993 988 992
994 995 996
996 997 998
997 999 998
998 1000 996
1001 1000 998
1001 998 1002
1001 1003 1000
1003 1001 1004
1003 1004 1005
1006 1004 1001
1006 1001 1007
998 1008 1007
1009 1010 1011
1012 1013 1011
1012 1014 1013
1015 1011 1013
1015 1013 1016
1017 1013 1018
1019 1020 1013
1019 1013 1021
1022 1023 1024
1025 1026 1022
1025 1027 1026
1028 1025 1022
1025 1029 1027
1025 1030 1029
1025 1031 1030
1028 1032 1025
1025 1032 1031
1032 1033 1034
1035 1036 1037
1038 1039 1037
1038 1040 1039
1037 1041 1038
1038 1041 1042
1043 1040 1038
1043 1038 1044
1038 1045 1046
1047 1038 1046
1047 1046 1048
1049 1050 1051
1050 1052 1053
1050 1053 1054
1055 1054 1053
1055 1056 1054
1057 1053 1058
1057 1059 1053
1059 1060 1053
1059 1061 1060
1062 1063 1064
1065 1066 1063
1065 1063 1067
1066 1065 1068
1066 1068 1069
1070 1065 1067
1070 1068 1065
1070 1067 1071
1072 1068 1070
1069 1068 1073
1069 1073 1074
1075 1073 1068
1076 1077 1078
1079 1080 1076
1081 1080 1079
1079 1076 1082
1079 1082 1083
1084 1079 1083
1083 1082 1085
1086 1083 1085
1083 1086 1087
1083 1087 1088
1083 1088 1089
1090 1079 1089
1091 1086 1092
1093 1094 1095
1093 1096 1097
1098 1096 1093
1099 1096 1098
1100 1098 1101
1102 1096 1103
1102 1103 1104
1102 1105 1096
1102 1106 1105
1107 1108 1109
1110 1111 1112
1113 1110 1114
1113 1115 1110
1113 1114 1116
1116 1114 1117
1118 1116 1117
1118 1119 1116
1120 1116 1119
1121 1115 1113
1113 1116 1121
1121 1122 1115
1121 1116 1123
1124 1125 1126
1127 1128 1125
1127 1125 1129
1128 1127 1130
1131 1130 1127
1131 1127 1132
1132 1127 1129
1132 1129 1133
1128 1134 1135
1136 1137 1138
1139 1140 1141
1142 1143 1144
1145 1146 1147
1148 1149 1150
1151 1152 1153
1154 1155 1156
1156 1157 1158
1159 1160 1161
1162 1163 1164
1165 1166 1167
1168 1167 1169
1170 1171 1168
1172 1171 1170
1173 1174 1175
1176 1177 1178
1179 1180 1181
1182 1183 1180
1184 1185 1186
1187 1188 1189
1190 1191 1192
1193 1194 1195
1196 1197 1198
1199 1200 1201
1202 1203 1204
1205 1206 1207
1208 1209 1210
1211 1209 1212
1213 1214 1215
1216 1217 1218
1219 1220 1221
1222 1223 1224
1225 1226 1227
1228 1229 1230
1231 1232 1233
1234 1235 1233
1233 1236 1237
1233 1237 1238
1239 1233 1238
1239 1240 1233
1241 1242 1233
1241 1233 1243
1244 1245 1233
1244 1233 1246
1247 1248 1249
1250 1251 1249
1252 1253 1249
1252 1249 1254
1249 1255 1256
1249 1256 1257
1257 1258 1249
1257 1259 1258
1260 1261 1249
1260 1249 1262
1263 1264 1265
1266 1264 1267
1264 1268 1269
1264 1270 1268
1271 1270 1264
1271 1264 1272
1273 1274 1264
1273 1264 1275
1276 1277 1264
1276 1264 1278
1279 1280 1281
1282 1280 1283
1284 1285 1280
1284 1280 1286
1280 1287 1288
1280 1289 1287
1289 1280 1290
1289 1290 1291
1292 1293 1280
1292 1280 1294
1295 1296 1297
1298 1296 1299
1298 1299 1300
1298 1301 1296
1301 1298 1302
1301 1302 1303
1302 1304 1305
1302 1306 1304
1307 1304 1306
1307 1308 1304
1309 1308 1307
1309 1310 1308
1311 1312 1313
1314 1315 1313
1314 1316 1315
1316 1314 1317
1318 1319 1316
1318 1320 1319
1318 1321 1322
1318 1323 1321
1324 1321 1323
1324 1323 1325
1326 1327 1325
1326 1325 1328
1329 1330 1331
1332 1333 1331
1332 1334 1333
1332 1331 1335
1335 1336 1332
1335 1337 1336
1336 1338 1339
1336 1339 1340
1339 1341 1340
1339 1342 1341
1342 1343 1341
1342 1344 1343
1345 1346 1347
1348 1346 1349
1348 1349 1350
1350 1351 1348
1352 1353 1350
1352 1354 1353
1353 1355 1356
1353 1356 1357
1358 1357 1356
1358 1359 1357
1360 1361 1359
1360 1359 1362
1363 1364 1365
1366 1367 1368
1369 407 1370
1371 254 1372
318 1373 1374
1375 1376 1377
1375 1378 1379
1375 1380 1381
1380 1375 1382
1380 1382 1383
1383 1382 1384
1383 1384 1385
1385 1384 1386
1385 1386 1387
1388 1387 1386
1388 1386 1389
1388 1389 1390
1390 1389 1391
1390 1391 1392
1392 1391 1393
1394 1392 1393
1395 1391 1389
1395 1393 1391
1394 1393 1396
1394 1396 1397
1396 1398 1397
1396 1399 1398
1398 1399 1400
1400 1399 1401
1401 1402 1400
1403 1402 1401
1403 1404 1402
1403 1405 1404
1401 1399 1406
1403 1401 1406
1403 1406 1407
1403 1407 1408
1409 1399 1396
1406 1399 1409
1410 1406 1409
1410 1411 1406
1396 1412 1409
1393 1412 1396
1409 1412 1413
1393 1414 1412
1414 1413 1412
1414 1415 1413
1393 1395 1414
1414 1395 1416
1417 1414 1416
1417 1418 1414
1417 1416 1419
1417 1419 1420
1416 1395 1421
1416 1422 1419
1421 1422 1416
1423 1421 1395
1389 1423 1395
1424 1423 1389
1421 1423 1424
1424 1389 1386
1421 1425 1422
1424 1425 1421
1424 1426 1425
1386 1427 1424
1424 1427 1426
1427 1386 1428
1426 1427 1428
1428 1386 1384
1429 1422 1425
1419 1422 1429
1429 1425 1430
1426 1430 1425
1429 1431 1419
1430 1431 1429
1430 1432 1431
1428 1384 1433
1433 1384 1382
1433 1382 1434
1434 1382 1375
1435 1428 1433
1434 1435 1433
1434 1375 1436
1436 1375 1437
1426 1428 1438
1435 1438 1428
1426 1439 1430
1439 1432 1430
1440 1439 1426
1440 1426 1438
1432 1439 1440
1438 1441 1440
1438 1435 1441
1434 1442 1435
1436 1442 1434
1440 1441 1443
1440 1443 1432
1435 1444 1441
1435 1442 1444
1444 1443 1441
1436 1445 1442
1446 1445 1436
1446 1447 1445
1448 1442 1445
1448 1444 1442
1449 1448 1445
1449 1450 1448
1451 1444 1448
1451 1448 1452
1451 1452 1453
1444 1454 1443
1451 1454 1444
1443 1454 1455
1456 1454 1451
1456 1455 1454
1457 1456 1451
1457 1451 1458
1443 1455 1459
1432 1443 1459
1432 1459 1460
1459 1455 1461
1461 1460 1459
1461 1462 1460
1463 1432 1460
1463 1431 1432
1463 1460 1464
1464 1460 1462
1465 1431 1463
1465 1463 1464
1465 1466 1431
1467 1466 1465
1419 1431 1466
1466 1420 1419
1465 1464 1468
1467 1465 1468
1466 1469 1420
1467 1469 1466
1470 1420 1469
1470 1469 1471
1467 1472 1469
1467 1473 1472
1474 1464 1462
1468 1464 1474
1467 1468 1475
1476 1467 1475
1476 1477 1467
1468 1474 1478
1475 1468 1478
1475 1478 1479
1480 1475 1479
1480 1481 1475
1479 1478 1482
1479 1482 1483
1482 1478 1484
1484 1478 1474
1484 1485 1482
1486 1482 1485
1486 1485 1487
1474 1488 1484
1474 1489 1488
1474 1462 1489
1488 1489 1490
1489 1462 1490
1490 1462 1491
1488 1490 1492
1492 1490 1491
1493 1491 1462
1493 1462 1461
1492 1491 1494
1494 1491 1493
1461 1495 1493
1461 1455 1495
1494 1493 1496
1493 1495 1496
1497 1495 1455
1497 1455 1456
1498 1497 1456
1498 1456 1499
1495 1497 1500
1495 1500 1496
1501 1500 1497
1501 1497 1502
1492 1494 1503
1504 1494 1496
1504 1503 1494
1492 1503 1505
1505 1488 1492
1505 1506 1488
1484 1488 1506
1507 1506 1505
1508 1506 1507
1484 1506 1508
1508 1485 1484
1509 1496 1500
1510 1509 1500
1510 1500 1511
1509 1512 1496
1513 1512 1509
1513 1509 1514
1504 1496 1512
1504 1512 1515
1513 1515 1512
1504 1515 1516
1516 1503 1504
1516 1517 1503
1505 1503 1517
1505 1517 1518
1507 1505 1518
1518 1517 1519
1519 1507 1518
1520 1519 1517
1520 1517 1516
1516 1521 1520
1516 1515 1521
1522 1521 1515
1522 1515 1513
1522 1513 1523
1524 1507 1519
1507 1524 1525
1507 1525 1526
1507 1526 1527
1508 1507 1527
1527 1526 1528
1508 1527 1529
1529 1527 1528
1485 1508 1529
1530 1529 1528
1530 1528 1531
1529 1532 1485
1529 1530 1532
1533 1485 1532
1533 1532 1534
1535 1530 1531
1535 1531 1536
1530 1537 1532
1530 1535 1537
1538 1532 1537
1536 1539 1535
1536 1540 1539
1540 1541 1539
1540 1542 1541
1543 1541 1542
1543 1542 1544
1535 1539 1545
1539 1541 1545
1537 1535 1546
1546 1535 1545
1547 1537 1546
1547 1546 1548
1549 1546 1545
1545 1541 1549
1550 1546 1549
1550 1549 1551
1541 1552 1549
1541 1553 1552
1554 1537 1555
1556 1513 1557
1558 1513 1559
1513 1560 1561
1562 1563 1564
1565 1566 1567
1420 1568 1569
1570 1571 1572
1573 1574 1571
1573 1575 1574
1576 1577 1578
1579 1580 1581
1479 1582 1583
1584 1585 1586
1587 1585 1588
1585 1589 1588
1590 1589 1585
1591 1590 1585
1588 1589 1592
1593 1588 1592
1592 1589 1594
1595 1592 1594
1594 1589 1596
1597 1594 1596
1598 1589 1590
1599 1598 1590
1600 1589 1598
1596 1589 1601
1601 1589 1602
1603 1596 1601
1604 1592 1605
1606 1594 1607
1608 1590 1609
1610 1590 1611
1612 1596 1613
1614 1596 1615
1616 1598 1617
1618 1598 1619
1620 1598 1621
1622 1601 1623
1624 1601 1625
1626 1601 1627
1409 1628 1629
1630 1631 1632
1633 1634 1635
1636 1637 1638
1639 1636 1640
1639 1640 1641
1642 1640 1636
1642 1636 1643
1644 1642 1643
1645 1643 1636
1645 1646 1643
1647 1644 1643
1647 1648 1644
1640 1642 1649
1644 1650 1642
1650 1649 1642
1641 1640 1651
1652 1640 1649
1640 1652 1651
1652 1653 1651
1654 1641 1651
1654 1651 1653
1649 1655 1652
1652 1655 1653
1649 1656 1655
1657 1653 1655
1650 1658 1649
1658 1656 1649
1659 1654 1653
1657 1659 1653
1657 1655 1660
1660 1655 1656
1657 1660 1661
1656 1661 1660
1641 1654 1662
1654 1659 1663
1663 1662 1654
1664 1641 1662
1665 1641 1664
1665 1664 1666
1659 1667 1663
1667 1662 1663
1659 1668 1667
1657 1669 1659
1668 1659 1669
1657 1670 1669
1669 1670 1668
1657 1661 1671
1657 1671 1670
1671 1661 1672
1673 1670 1671
1671 1672 1673
1661 1674 1672
1661 1656 1674
1675 1673 1672
1675 1672 1674
1662 1667 1676
1662 1676 1677
1677 1664 1662
1678 1676 1667
1679 1678 1667
1678 1680 1676
1680 1677 1676
1668 1679 1667
1668 1681 1679
1682 1681 1668
1683 1677 1680
1682 1668 1684
1685 1682 1684
1670 1684 1668
1686 1677 1683
1686 1683 1687
1686 1687 1688
1685 1684 1689
1690 1685 1689
1670 1691 1684
1691 1689 1684
1673 1691 1670
1690 1689 1692
1692 1693 1690
1691 1694 1689
1694 1691 1673
1694 1692 1689
1694 1673 1695
1675 1695 1673
1686 1688 1696
1688 1697 1696
1694 1698 1692
1698 1694 1695
1698 1699 1692
1698 1700 1699
1698 1695 1701
1702 1698 1701
1702 1701 1703
1704 1701 1695
1704 1695 1675
1704 1705 1701
1704 1706 1705
1707 1704 1675
1707 1708 1704
1707 1709 1708
1707 1675 1710
1675 1674 1710
1710 1711 1707
1707 1711 1712
1707 1712 1713
1674 1714 1710
1710 1714 1711
1674 1715 1714
1656 1715 1674
1656 1716 1715
1658 1716 1656
1715 1717 1714
1717 1715 1716
1717 1716 1718
1658 1719 1716
1719 1718 1716
1650 1719 1658
1650 1720 1719
1644 1720 1650
1718 1719 1721
1720 1721 1719
1722 1711 1714
1723 1711 1722
1723 1724 1711
1717 1725 1714
1722 1714 1725
1718 1726 1717
1717 1726 1725
1644 1727 1720
1728 1727 1644
1728 1644 1729
1720 1730 1721
1727 1730 1720
1725 1731 1722
1722 1731 1732
1722 1732 1733
1726 1734 1725
1725 1734 1731
1718 1735 1726
1736 1734 1726
1736 1726 1735
1737 1735 1718
1718 1721 1738
1738 1737 1718
1739 1735 1737
1739 1736 1735
1740 1737 1738
1740 1738 1721
1740 1739 1737
1740 1721 1741
1741 1721 1730
1742 1736 1739
1740 1743 1739
1742 1739 1743
1736 1744 1734
1736 1742 1744
1741 1745 1740
1740 1745 1743
1746 1743 1745
1746 1745 1747
1741 1747 1745
1748 1741 1730
1747 1741 1749
1741 1748 1749
1750 1748 1730
1750 1751 1748
1752 1749 1748
1752 1753 1749
1727 1750 1730
1754 1750 1727
1754 1727 1755
1749 1756 1747
1746 1747 1757
1747 1756 1757
1756 1749 1758
1758 1749 1759
1758 1759 1760
1746 1757 1761
1746 1761 1762
1757 1763 1761
1756 1763 1757
1746 1762 1764
1764 1765 1746
1763 1756 1766
1756 1758 1766
1763 1766 1767
1765 1768 1746
1746 1768 1743
1768 1765 1769
1769 1743 1768
1769 1765 1770
1769 1742 1743
1769 1770 1771
1742 1769 1771
1772 1771 1770
1742 1771 1744
1772 1773 1771
1773 1744 1771
1774 1773 1772
1766 1758 1775
1776 1775 1758
1773 1777 1744
1744 1777 1734
1774 1778 1773
1778 1777 1773
1774 1779 1778
1780 1734 1777
1778 1780 1777
1780 1731 1734
1781 1731 1780
1781 1782 1731
1780 1778 1783
1780 1783 1784
1785 1786 1775
1778 1787 1788
1778 1788 1789
1790 1791 1775
1790 1792 1791
1793 1775 1791
1766 1775 1793
1793 1767 1766
1793 1794 1767
1794 1793 1795
1794 1795 1796
1791 1797 1793
1793 1797 1795
1796 1795 1798
1795 1797 1798
1796 1798 1799
1800 1797 1791
1797 1800 1798
1800 1791 1801
1800 1801 1802
1798 1800 1803
1798 1803 1804
1799 1798 1805
1799 1805 1806
1807 1808 1809
1810 1811 1809
1810 1812 1811
1813 1814 1815
1816 1817 1818
1750 1819 1820
1821 1822 1823
1824 1825 1823
1823 1825 1826
1827 1823 1826
1828 1823 1827
1825 1829 1826
1830 1829 1825
1829 1831 1826
1832 1831 1829
1831 1833 1826
1834 1833 1831
1835 1827 1826
1836 1827 1835
1837 1835 1826
1833 1838 1826
1838 1839 1826
1840 1838 1833
1841 1842 1829
1843 1844 1831
1845 1846 1827
1847 1848 1827
1849 1850 1833
1851 1852 1833
1853 1854 1835
1855 1856 1835
1857 1858 1835
1859 1860 1838
1861 1862 1838
1863 1864 1838
1865 1866 1867
1868 1865 1869
1868 1869 1870
1869 1865 1696
1696 1865 1686
1686 1865 1871
1677 1686 1871
1865 1872 1871
1677 1871 1664
1664 1871 1872
1664 1872 1873
1874 1869 1696
1697 1874 1696
1874 1697 1875
1876 1869 1874
1876 1874 1875
1877 1869 1876
1877 1876 1878
1876 1875 1879
1876 1879 1880
1436 1881 1882
1883 1884 1885
1886 1887 1884
1888 1886 1884
1888 1889 1886
1890 1886 1889
1891 1886 1890
1891 1890 1892
1888 1884 1893
1893 1894 1888
1894 1895 1888
1895 1889 1888
1896 1893 1884
1884 1897 1896
1896 1898 1893
1899 1889 1895
1899 1890 1889
1898 1896 1900
1900 1896 1901
1898 1900 1902
1900 1903 1902
1904 1899 1895
1904 1895 1905
1890 1899 1906
1907 1890 1906
1907 1908 1890
1909 1899 1904
1899 1910 1906
1909 1910 1899
1904 1905 1911
1912 1911 1905
1912 1905 1913
1914 1912 1913
1914 1915 1912
1912 1915 1916
1912 1916 1917
1904 1911 1918
1918 1911 1912
1918 1912 1917
1904 1918 1909
1918 1917 1919
1920 1919 1917
1909 1918 1921
1918 1919 1921
1910 1909 1922
1909 1921 1922
1923 1921 1919
1922 1921 1923
1910 1922 1924
1906 1910 1924
1922 1923 1925
1925 1924 1922
1906 1924 1926
1927 1906 1926
1927 1928 1906
1925 1929 1924
1926 1924 1929
1930 1925 1923
1931 1923 1919
1931 1930 1923
1919 1932 1931
1919 1933 1932
1934 1929 1925
1930 1934 1925
1926 1929 1935
1936 1926 1935
1936 1937 1926
1934 1938 1929
1938 1935 1929
1939 1930 1931
1931 1940 1939
1931 1941 1940
1934 1930 1942
1939 1942 1930
1934 1942 1943
1943 1938 1934
1939 1944 1942
1943 1942 1944
1939 1945 1944
1946 1945 1939
1946 1947 1945
1938 1948 1935
1935 1948 1949
1935 1949 1950
1943 1951 1938
1948 1938 1951
1943 1944 1952
1951 1943 1952
1945 1953 1944
1944 1954 1952
1944 1953 1954
1945 1955 1953
1955 1945 1956
1955 1956 1957
1948 1951 1958
1958 1959 1948
1951 1952 1960
1960 1958 1951
1952 1954 1961
1952 1961 1960
1962 1960 1961
1960 1963 1958
1962 1963 1960
1964 1958 1963
1965 1963 1962
1965 1962 1966
1954 1967 1961
1968 1962 1961
1968 1961 1967
1968 1967 1969
1954 1970 1967
1970 1969 1967
1953 1970 1954
1971 1962 1968
1972 1971 1968
1972 1968 1973
1968 1969 1973
1953 1974 1970
1955 1974 1953
1970 1975 1969
1974 1975 1970
1969 1975 1976
1955 1977 1974
1977 1955 1978
1977 1978 1979
1974 1980 1975
1980 1976 1975
1980 1974 1977
1981 1980 1977
1980 1981 1976
1981 1977 1982
1983 1982 1977
1983 1984 1982
1982 1985 1981
1981 1985 1976
1982 1986 1985
1986 1982 1987
1986 1987 1988
1989 1985 1986
1990 1989 1986
1991 1990 1986
1990 1992 1989
1976 1985 1993
1989 1994 1985
1993 1985 1994
1976 1993 1995
1993 1994 1996
1995 1993 1996
1995 1996 1997
1998 1994 1989
1996 1994 1998
1998 1989 1999
1989 2000 1999
1996 1998 2001
2001 1997 1996
2001 2002 1997
1997 2002 2003
1976 1995 2004
1969 1976 2004
1969 2004 2005
2005 2004 1995
1969 2005 1973
2006 1995 1997
2005 1995 2006
2007 2005 2006
1973 2005 2008
2008 2005 2007
2008 2007 2009
1973 2008 2010
1973 2010 2011
2006 1997 2012
2007 2006 2012
1997 2003 2013
2012 1997 2013
2014 2013 2003
2014 2012 2013
2014 2003 2015
2015 2016 2014
2015 2017 2016
2014 2018 2012
2016 2018 2014
2007 2012 2019
2019 2012 2018
2016 2017 2020
2020 2017 2021
2020 2021 2022
2023 2016 2020
2016 2024 2018
2016 2025 2024
2019 2018 2026
2026 2018 2024
2007 2019 2027
2027 2028 2007
2026 2029 2019
2027 2019 2029
2026 2024 2030
2030 2031 2026
2030 2032 2031
2030 2024 2032
2024 2033 2032
2026 2034 2029
2026 2035 2034
2027 2029 2036
2027 2036 2037
2027 2037 2038
2036 2029 2039
2034 2039 2029
2039 2040 2036
2034 2041 2039
2042 2041 2034
2043 2044 1900
2045 2046 1896
2047 2007 2048
2049 2020 2050
1902 2051 2052
2053 1990 2054
1990 2055 2056
2057 1990 2058
1990 2059 2060
2061 2062 1919
2063 2064 2065
2066 2067 2068
2069 2070 2071
2072 2073 2074
2075 2076 2077
2078 2079 2080
2081 2082 2083
2084 2085 2086
2087 2088 2089
2090 2091 2092
2093 2094 2095
2096 2097 1958
2098 2099 1958
1948 2100 2101
2102 2103 2104
2105 2106 1962
2107 1962 2108
2109 1963 2110
2111 1963 2112
2113 2114 2115
2116 2117 2118
2119 2120 2121
2122 2123 2119
2122 2119 2124
2124 2125 2126
2126 2125 2127
2128 2129 2130
2131 2132 2133
2134 2135 2136
2137 2138 2139
2140 2141 2142
2143 2144 2145
2146 2147 2148
2149 2150 2151
2152 2153 2154
2155 2156 2153
2157 2158 2159
2160 2161 2162
2163 2162 2164
2163 2165 2162
2163 2166 2165
2167 2166 2163
2168 2167 2163
2168 2169 2167
2165 2170 2162
2170 2165 2171
2171 2165 2172
2172 2165 2166
2173 2162 2170
2162 2173 2174
2173 2170 2175
2176 2172 2166
2176 2166 2167
2177 2173 2175
2177 2178 2173
2177 2175 2179
2177 2179 2180
2181 2172 2176
2182 2172 2181
2167 2183 2176
2184 2183 2167
2184 2167 2185
2182 2181 2186
2182 2186 2187
2182 2187 2188
2189 2188 2187
2189 2187 2190
2191 2190 2187
2191 2187 2192
2193 2187 2186
2181 2193 2186
2193 2192 2187
2193 2194 2192
2195 2192 2194
2181 2196 2193
2196 2181 2176
2193 2197 2194
2196 2197 2193
2196 2176 2198
2176 2183 2198
2196 2199 2197
2198 2199 2196
2200 2194 2197
2199 2200 2197
2198 2201 2199
2201 2198 2183
2199 2202 2200
2201 2202 2199
2201 2183 2203
2204 2203 2183
2204 2183 2205
2201 2206 2202
2206 2201 2203
2207 2200 2202
2208 2194 2200
2208 2200 2207
2209 2194 2208
2209 2210 2194
2211 2202 2206
2207 2202 2211
2206 2203 2212
2213 2212 2203
2213 2203 2214
2211 2206 2215
2215 2206 2212
2216 2208 2207
2217 2208 2216
2217 2218 2208
2211 2219 2207
2216 2207 2219
2211 2220 2219
2215 2220 2211
2221 2216 2219
2221 2219 2220
2221 2222 2216
2223 2216 2222
2223 2222 2224
2215 2212 2225
2212 2226 2225
2212 2227 2226
2215 2228 2220
2225 2228 2215
2221 2220 2229
2228 2229 2220
2222 2221 2230
2221 2229 2231
2221 2231 2230
2222 2230 2232
2233 2222 2232
2233 2232 2234
2225 2235 2228
2235 2225 2236
2228 2237 2229
2237 2228 2235
2229 2238 2231
2229 2237 2238
2237 2239 2238
2237 2235 2240
2237 2240 2239
2241 2240 2235
2242 2239 2240
2242 2243 2239
2231 2238 2244
2245 2238 2239
2245 2244 2238
2245 2246 2244
2231 2244 2247
2247 2244 2246
2230 2231 2247
2248 2245 2239
2249 2245 2248
2249 2250 2245
2245 2250 2246
2230 2247 2251
2232 2230 2251
2247 2246 2252
2251 2247 2252
2246 2253 2252
2232 2251 2254
2255 2232 2254
2255 2254 2256
2251 2252 2257
2257 2252 2253
2257 2254 2251
2258 2254 2257
2257 2253 2258
2258 2259 2254
2260 2254 2259
2260 2259 2261
2262 2259 2258
2258 2253 2262
2262 2263 2259
2264 2259 2263
2264 2263 2265
2262 2266 2263
2267 2263 2266
2268 2263 2267
2267 2266 2269
2253 2270 2262
2262 2271 2266
2271 2262 2270
2253 2272 2270
2271 2270 2273
2272 2273 2270
2272 2274 2273
2275 2266 2271
2275 2271 2273
2275 2276 2266
2266 2276 2277
2275 2273 2278
2278 2273 2274
2278 2274 2279
2280 2279 2274
2253 2281 2272
2246 2281 2253
2246 2282 2281
2272 2281 2282
2246 2250 2282
2283 2274 2272
2272 2282 2283
2284 2283 2282
2250 2285 2282
2285 2284 2282
2285 2286 2284
2287 2285 2250
2287 2250 2288
2283 2289 2274
2284 2289 2283
2280 2274 2290
2289 2290 2274
2291 2280 2290
2291 2290 2289
2291 2292 2280
2292 2291 2293
2292 2293 2294
2291 2289 2295
2293 2291 2295
2284 2296 2289
2296 2295 2289
2293 2297 2294
2297 2298 2294
2297 2299 2298
2300 2297 2293
2293 2295 2301
2293 2301 2302
2296 2303 2295
2303 2301 2295
2284 2304 2296
2304 2284 2305
2303 2296 2306
2304 2306 2296
2303 2307 2301
2307 2303 2308
2307 2308 2309
2307 2309 2301
2301 2309 2310
2303 2306 2311
2303 2311 2312
2304 2313 2306
2304 2314 2313
2304 2315 2314
2313 2316 2306
2311 2306 2316
2316 2313 2317
2311 2316 2318
2319 2311 2318
2320 2177 2321
2322 2173 2323
2324 2325 2284
2326 2327 2297
2179 2328 2329
2330 2331 2267
2267 2332 2333
2334 2335 2267
2267 2336 2337
2338 2194 2339
2340 2341 2342
2343 2344 2345
2346 2347 2348
2349 2350 2351
2352 2353 2354
2355 2356 2357
2358 2359 2360
2361 2362 2363
2364 2365 2366
2367 2368 2369
2370 2371 2372
2373 2235 2374
2375 2235 2376
2225 2377 2378
2379 2380 2381
2382 2239 2383
2384 2385 2239
2386 2387 2240
2388 2389 2240
2390 2391 2392
2393 2394 2395
2396 2397 2398
2396 2399 2400
2396 2400 2401
2401 2402 2403
2402 2404 2403
2405 2406 2407
2408 2409 2410
2411 2412 2413
2414 2415 2416
2417 2418 2419
2420 2421 2422
2423 2424 2425
2426 2427 2428
2429 2430 2431
2432 2431 2433
2434 2435 2436
2437 2438 2439
2440 2441 2442
2443 2441 2444
2445 2441 2446
2445 2447 2441
2448 2441 2447
2448 2449 2441
2449 2448 2450
2449 2450 2451
2452 2450 2448
2452 2448 2453
2453 2448 2447
2453 2454 2452
2453 2447 2455
2456 2455 2447
2453 2457 2454
2455 2457 2453
2456 2458 2455
2459 2458 2456
2459 2460 2458
2461 2460 2459
2454 2457 2462
2454 2462 2463
2464 2462 2457
2455 2465 2457
2464 2457 2465
2466 2465 2455
2464 2465 2467
2466 2468 2465
2469 2468 2466
2469 2466 2470
2469 2470 2471
2464 2467 2472
2464 2472 2473
2472 2474 2475
2472 2475 2476
2476 2475 2477
2478 2479 2480
2481 2482 2483
2484 2485 2486
2487 2488 2489
2490 2491 2492
2493 2494 2495
2496 2497 2498
2499 2500 2501
2502 2503 2504
2505 2506 2507
2508 2509 2510
2511 2512 2513
2514 2515 2516
2517 2518 2519
2520 2521 2522
2523 2524 2525
2526 2527 2528
2529 2530 2531
2532 2533 2534
2535 2536 2537
2538 2539 2540
2541 2542 2540
2540 2543 2544
2540 2545 2546
2547 2540 2548
2549 2540 2550
2551 2540 2552
2553 2540 2554
2540 2555 2556
2540 2557 2558
2559 2560 2561
2562 2563 2564
2565 2566 2567
2568 2569 2570
2571 2572 2573
2574 2575 2576
2577 2578 2579
2580 2579 2581
2582 2579 2583
2579 2584 2585
2586 2579 2587
2588 2579 2589
2590 2579 2591
2592 2579 2593
2594 2579 2595
2596 2579 2597
2598 2599 2600
2601 2602 2603
2604 2605 2606
2607 2608 2609
2610 2611 2612
2613 2614 2615
2616 2617 2618
2619 2620 2621
2622 2623 2624
2625 2626 2627
2628 2626 2629
2630 2631 2632
2633 2634 2635
2636 2637 2638
2639 2640 2641
2642 2643 2644
2645 2646 2647
2648 2649 2650
2651 2652 2653
2654 2655 2656
2657 2658 2659
2660 2661 2662
2663 2664 2665
2666 2667 2668
2669 2667 2670
2671 2672 2673
2674 2675 2676
2677 2678 2679
2680 2681 2682
2683 2684 2685
2686 2687 2688
2689 2690 2691
2692 2693 2694
2695 2696 2697
2698 2699 2700
2701 2702 2703
2704 2705 2706
2704 2706 2707
2708 2709 2710
2708 2710 2711
2712 2713 2714
2712 2714 2715
2716 446 2717
446 2718 2717
449 2719 2720
449 2720 2721
2722 438 2723
438 2724 2723
274 2725 2726
2727 274 2726
2728 2729 2730
2728 2730 2731
2732 2733 2734
2732 2734 2735
2736 2737 2738
2736 2738 2739
2740 2741 2742
2740 2742 2743
2740 2743 2744
2745 2746 2747
2747 2746 2748
2749 2748 2746
2750 2751 2752
2752 2751 2753
2751 2754 2753
2753 2754 2755
2756 2757 2758
2756 2758 2759
2760 2761 2762
2760 2763 2761
2760 2764 2763
2765 2766 2767
2765 2767 2768
2769 2770 2771
2770 2769 2772
2773 2774 2770
2774 2773 2775
2776 2777 2778
2777 2779 2778
2779 2777 2780
2781 2782 2783
2781 2783 2784
2783 2785 2786
2783 2786 2787
2788 2783 2789
2788 2789 2790
2791 2789 2783
2791 2792 2789
2793 2794 2795
2793 2796 2794
2797 2794 2796
2797 2796 2798
2799 2794 2797
2798 2796 2800
2798 2800 2801
2802 2800 2796
2799 2803 2794
2804 2803 2799
2805 2803 2804
2805 2806 2803
2806 2807 2803
2794 2803 2808
2794 2808 2809
2810 2811 2812
2812 2811 2813
2814 2815 2816
2816 2817 2814
2818 2819 2820
2821 2818 2820
2822 2823 2824
2822 2824 2825
2826 2825 2824
2826 2827 2825
2827 2826 2828
2828 2826 2829
2830 2828 2829
2830 2831 2828
2830 2832 2831
2833 2832 2830
2833 2834 2832
2832 2834 2835
2836 2837 2838
2836 2839 2837
2840 2841 2842
2842 2841 2843
2844 2845 2846
2844 2847 2845
2848 2849 2850
2848 2850 2851
2851 2850 2852
2851 2852 2853
2850 2854 2855
2850 2856 2854
2857 2856 2850
2857 2858 2856
2856 2859 2860
2856 2860 2861
2862 2856 2861
2862 2861 2863
2861 2864 2865
2861 2865 2866
2867 2861 2866
2867 2866 2868
2869 2866 2870
2869 2871 2866
2871 2872 2866
2871 2873 2872
2871 2874 2875
2871 2876 2874
2877 2876 2871
2878 2879 2876
2878 2880 2879
2881 2876 2879
2881 2879 2882
2883 2884 2879
2884 2885 2879
2884 2886 2885
2884 2887 2888
2884 2889 2887
2889 2884 2890
2889 2890 2891
2889 2892 2893
2889 2894 2892
2895 2894 2889
2895 2896 2894
2894 2897 2898
2894 2899 2897
2900 2899 2894
2900 2901 2899
2902 2899 2903
2902 2904 2899
2899 2904 2905
2899 2905 2906
2907 2908 2904
2907 2904 2909
2910 2909 2904
2910 2911 2909
2912 2913 2914
2912 2914 2915
2916 2917 2918
2916 2918 2919
2920 2921 2922
2920 2922 2923
2924 2925 2926
2924 2926 2927
2928 2929 2930
2928 2930 2931
2932 2933 2934
2932 2934 2935
2936 2937 2938
2936 2938 2939
2940 2941 2942
2940 2942 2943
2944 2945 2946
2944 2946 2947
2948 2949 2950
2948 2950 2951
2952 2953 2954
2952 2954 2955
2956 2952 2955
2956 2955 2957
2958 2959 2952
2958 2952 2960
2961 2960 2952
2961 2962 2960
2963 2964 2960
2963 2960 2965
2966 2965 2960
2966 2967 2965
2968 2969 2965
2968 2965 2970
2970 2965 2971
2970 2971 2972
2973 2974 2970
2973 2970 2975
2975 2970 2976
2975 2976 2977
2978 2979 2975
2978 2975 2980
2978 2980 2981
2982 2983 2978
2982 2978 2984
2984 2978 2985
2984 2985 2986
2987 2988 2984
2987 2984 2989
2987 2989 2990
2987 2991 2992
2987 2993 2991
2994 2993 2987
2994 2995 2993
2993 2996 2997
2993 2998 2996
2998 2993 2999
2998 2999 3000
2998 3001 3002
2998 3003 3001
3003 2998 3004
3003 3004 3005
3003 3006 3007
3003 3007 3008
3008 3009 3003
3008 3010 3009
3008 3011 3012
3008 3013 3011
3014 3013 3008
3014 3015 3013
3016 3017 3018
3016 3018 3019
3020 3021 3022
3020 3022 3023
3024 3025 3026
3024 3026 3027
3028 3029 3030
3028 3030 3031
3032 3033 3034
3032 3034 3035
3036 3037 3038
3036 3038 3039
3040 3041 3042
3040 3042 3043
3044 3045 3046
3044 3046 3047
3048 3049 3050
3048 3050 3051
3052 3053 3054
3052 3054 3055
3056 3057 3058
3056 3058 3059
3060 3061 3062
3060 3062 3063
3064 3065 3066
3064 3067 3065
3065 3067 3068
3069 3065 3068
3070 3065 3069
3070 3069 3071
3072 3068 3067
3069 3068 3073
3073 3068 3072
3074 3072 3067
3074 3075 3072
3073 3072 3076
3076 3072 3077
3076 3077 3078
3073 3079 3069
3069 3079 3080
3069 3080 3081
3076 3082 3073
3073 3082 3079
3076 3083 3082
3083 3076 3084
3083 3084 3085
3086 3082 3083
3079 3082 3086
3086 3083 3087
3087 3083 3088
3087 3088 3089
3087 3089 3090
3086 3087 3091
3091 3087 3092
3079 3086 3093
3079 3093 3094
3079 3094 3095
3086 3091 3096
3093 3086 3096
3096 3091 3097
3098 3097 3091
3098 3091 3099
3093 3096 3100
3100 3096 3097
3093 3100 3101
3093 3101 3102
3103 3100 3097
3103 3104 3100
3097 3105 3106
3097 3107 3105
3108 3107 3097
3108 3097 3109
3067 3110 3111
3067 3112 3110
3112 3067 3113
3112 3113 3114
3115 3116 3117
3115 3118 3116
3115 3119 3118
3119 3115 3120
3120 3115 3121
3120 3121 3122
3123 3118 3119
3119 3120 3124
3124 3123 3119
3125 3118 3123
3125 3123 3126
3124 3127 3123
3127 3128 3123
3127 3129 3128
3124 3120 3130
3131 3130 3120
3131 3120 3132
3133 3127 3124
3124 3130 3133
3133 3134 3127
3135 3127 3134
3135 3134 3136
3137 3134 3133
3130 3137 3133
3137 3138 3134
3139 3134 3138
3139 3138 3140
3138 3141 3140
3137 3142 3138
3142 3143 3138
3130 3144 3137
3145 3144 3130
3145 3130 3146
3137 3147 3142
3144 3147 3137
3147 3148 3142
3142 3148 3149
3142 3149 3150
3144 3151 3147
3151 3148 3147
3152 3151 3144
3152 3144 3153
3154 3148 3151
3154 3151 3155
3148 3156 3157
3148 3157 3158
3148 3158 3159
3148 3159 3160
3118 3161 3162
3118 3162 3163
3163 3164 3118
3163 3165 3164
3166 3167 3168
3166 3168 3169
3170 3171 3172
3170 3173 3171
3174 3173 3170
3174 3175 3173
3176 3175 3174
3176 3177 3175
3177 3176 3178
3177 3178 3179
3179 3178 3180
3179 3180 3181
3182 3181 3180
3182 3183 3181
3183 3182 3184
3183 3184 3185
3185 3184 3186
3185 3186 3187
3188 3187 3186
3188 3189 3187
3189 3188 3190
3189 3190 3191
3191 3190 3192
3191 3192 3193
3194 3195 3196
3194 3196 3197
3198 3199 3200
3198 3200 3201
3202 3203 3204
3202 3204 3205
3206 3207 3208
3206 3208 3209
3210 3211 3212
3210 3212 3213
3214 3215 3216
3214 3217 3215
3217 3218 3215
3217 3219 3218
3220 3218 3219
3220 3221 3218
3222 3221 3220
3222 3220 3223
3224 3222 3223
3224 3223 3225
3226 3227 3228
3226 3228 3229
3230 3231 3232
3230 3232 3233
3234 3235 3236
3234 3236 3237
3238 3239 3240
3238 3240 3241
3242 3243 3244
3242 3244 3245
3246 3247 3248
3246 3248 3249
3250 3251 3252
3250 3252 3253
3254 3255 3256
3254 3256 3257
3258 3259 3260
3258 3260 3261
3262 3263 3264
3262 3264 3265
3266 3267 3268
3266 3268 3269
3270 3271 3272
3270 3272 3273
3274 3275 3276
3274 3276 3277
3278 3279 3280
3278 3280 3281
3282 3283 3284
3282 3284 3285
3286 3287 3288
3286 3288 3289
3290 3291 3292
3290 3292 3293
3294 3295 3296
3294 3296 3297
3298 3299 3300
3298 3300 3301
3302 3303 3304
3302 3304 3305
3306 3307 3308
3306 3308 3309
3310 3311 3312
3310 3312 3313
3314 3315 3316
3314 3316 3317
3318 3319 3320
3318 3320 3321
3322 3323 3324
3322 3324 3325
3326 3327 3328
3326 3328 3329
3330 3331 3332
3330 3332 3333
3334 3335 3336
3334 3336 3337
3338 3339 3340
3338 3340 3341
3342 3343 3344
3342 3344 3345
3346 3347 3348
3346 3348 3349
3349 3348 3350
3349 3350 3351
3352 3349 3353
3352 3354 3349
3354 3355 3349
3354 3356 3355
3357 3358 3354
3357 3354 3359
3359 3354 3360
3359 3360 3361
3362 3363 3359
3362 3359 3364
3364 3359 3365
3364 3365 3366
3367 3368 3364
3367 3364 3369
3369 3364 3370
3369 3370 3371
3372 3373 3369
3372 3369 3374
3375 3374 3369
3375 3369 3376
3374 3377 3378
3374 3379 3377
3380 3379 3374
3380 3381 3379
3382 3383 3379
3382 3379 3384
3385 3386 3379
3385 3387 3386
3388 3389 3390
3388 3390 3391
3392 3393 3394
3392 3394 3395
3396 3397 3398
3396 3398 3399
3400 3401 3402
3400 3402 3403
3404 3405 3406
3404 3406 3407
3408 3409 3410
3408 3410 3411
3412 3413 3414
3412 3414 3415
3416 3417 3418
3416 3418 3419
3420 3421 3422
3420 3423 3421
3423 3424 3421
3423 3425 3424
3426 3427 3423
3426 3428 3427
3429 3423 3427
3429 3427 3430
3431 3427 3432
3431 3433 3427
3433 3434 3427
3433 3435 3434
3433 3436 3437
3433 3437 3438
3439 3433 3438
3439 3438 3440
3438 3441 3442
3438 3442 3443
3444 3438 3443
3444 3443 3445
3443 3446 3447
3443 3447 3448
3449 3443 3448
3449 3448 3450
3448 3451 3452
3448 3452 3453
3454 3448 3453
3454 3453 3455
3456 3457 3453
3456 3453 3458
3459 3460 3453
3459 3461 3460
3462 3463 3464
3462 3464 3465
3466 3467 3468
3466 3468 3469
3470 3471 3472
3470 3472 3473
3474 3475 3476
3474 3476 3477
3478 3479 3480
3478 3480 3481
3482 3483 3484
3482 3484 3485
3486 3487 3488
3486 3488 3489
3490 3491 3492
3490 3492 3493
3494 3495 3496
3494 3496 3497
3498 3499 3497
3498 3497 3500
3501 3502 3500
3501 3503 3502
3504 3505 3506
3504 3506 3507
3508 3509 3510
3508 3510 3511
3508 3512 3513
3508 3513 3514
3515 3516 3510
3515 3517 3516
3518 1588 3519
3520 1588 3518
1692 3521 3522
1692 3522 3523
3524 3525 3526
3524 3527 3525
3528 3527 3529
3528 3530 3527
3531 3530 3532
3531 3532 3533
3534 3535 3536
3534 3536 3537
3538 3539 3540
3538 3540 3541
3542 3543 3538
3542 3544 3543
3545 3546 3540
3545 3540 3547
3548 3549 1825
3550 3548 1825
3551 3552 3553
3551 3553 3554
3555 3556 3557
3555 3557 3558
3559 3560 3561
3559 3561 3562
3563 3564 3565
3563 3565 3566
3567 3568 3569
3567 3569 3570
3571 3572 3573
3571 3573 3574
3575 3576 3577
3575 3577 3578
3579 3580 3581
3579 3581 3582
3583 3584 3585
3583 3585 3586
3587 3588 3589
3587 3589 1988
3590 3591 3592
3590 3592 3593
3594 3595 3596
3594 3596 3597
3598 3599 3600
3598 3600 3601
3602 3603 3604
3602 3604 3605
3606 3607 3608
3606 3608 3609
3610 3611 3612
3613 3610 3612
3613 3612 3614
3615 3616 3617
3615 3617 3618
3619 3620 3621
3619 3621 3622
3623 3624 3625
3623 3625 3626
3627 3628 3629
3627 3629 3630
3631 3632 3633
3631 3633 3634
3635 3636 3637
3635 3637 3638
3639 3640 3641
3639 3641 3642
3643 3644 3645
3643 3645 3646
3647 3648 3649
3647 3649 3650
3651 3652 3653
3651 3653 3654
3655 3656 3657
3655 3657 3658
3659 3660 3661
3659 3661 3662
3663 3664 3665
3663 3665 3666
3667 3668 3669
3667 3669 3670
3671 3672 3673
3671 3673 3674
3675 3676 3677
3675 3677 3678
3679 3680 3681
3679 3681 3682
3683 3684 3685
3683 3685 3686
3687 3688 3689
3687 3689 2265
3690 3691 3692
3690 3692 3693
3694 3695 3696
3694 3696 3697
3698 3699 3700
3698 3700 3701
3702 3703 3704
3702 3704 3705
3706 3707 3708
3706 3708 3709
3710 3711 3712
3713 3711 3710
3713 3714 3711
3715 3716 3717
3715 3717 3718
3719 3720 3721
3719 3721 3722
3723 3724 3725
3723 3725 3726
3727 3728 3729
3727 3729 3730
3731 3732 3733
3731 3733 3734
3735 3736 3737
3735 3737 3738
3739 3740 3741
3739 3741 3742
3743 3744 3745
3743 3745 3746
3747 3748 3749
3747 3749 3750
3751 3752 3753
3751 3753 3754
3751 3754 3755
3751 3755 3756
3756 3755 3757
3756 3757 3758
3759 3757 3755
3759 3760 3757
3759 3761 3760
3759 3762 3761
3755 3754 3763
3755 3763 3759
3754 3753 3764
3754 3764 3763
3759 3765 3762
3763 3765 3759
3764 3766 3763
3763 3766 3765
3764 3767 3766
3762 3765 3768
3762 3768 3769
3765 3770 3768
3765 3766 3770
3766 3771 3770
3766 3772 3771
3773 3774 3753
3773 3753 3775
3776 3777 3778
3776 3778 3779
3780 3781 3782
3783 3781 3780
3783 2446 3781
3784 3785 3786
3784 3786 3787
3788 3789 3790
3788 3790 3791
3792 3793 3794
3792 3794 3795
3796 3792 3795
3797 3795 3794
3797 3794 3798
3799 3797 3798
3799 3798 3800
3801 3799 3800
3801 3800 3802
3803 3801 3802
3803 3802 3804
3805 3803 3804
3805 3804 3806
3807 3805 3806
3807 3808 3805
3808 3807 3809
3808 3809 3810
3810 3809 3811
3810 3811 3812
3805 3808 3813
3813 3808 3810
3814 3810 3812
3813 3810 3814
3814 3812 3815
3816 3814 3815
3816 3815 3817
3816 3817 3818
3803 3805 3819
3805 3813 3819
3814 3820 3813
3814 3816 3820
3819 3813 3821
3813 3820 3821
3822 3821 3820
3823 3820 3816
3822 3820 3823
3816 3818 3824
3823 3816 3824
3818 3825 3824
3823 3824 3825
3819 3821 3826
3826 3821 3822
3818 3827 3825
3828 3827 3818
3827 3828 3829
3830 3822 3823
3823 3825 3830
3831 3819 3826
3826 3822 3832
3832 3831 3826
3831 3833 3819
3803 3819 3833
3834 3803 3833
3834 3801 3803
3833 3831 3835
3833 3835 3834
3832 3836 3831
3836 3835 3831
3822 3837 3832
3837 3836 3832
3822 3838 3837
3830 3838 3822
3837 3839 3836
3838 3830 3840
3841 3836 3839
3841 3835 3836
3825 3840 3830
3841 3842 3835
3842 3834 3835
3841 3843 3842
3844 3840 3825
3845 3840 3844
3827 3844 3825
3846 3845 3844
3827 3847 3844
3846 3844 3847
3846 3847 3848
3847 3827 3829
3848 3847 3849
3829 3849 3847
3829 3850 3849
3842 3851 3834
3851 3801 3834
3851 3799 3801
3799 3851 3852
3852 3851 3842
3799 3852 3797
3852 3842 3853
3843 3853 3842
3843 3854 3853
3855 3853 3854
3852 3856 3797
3856 3795 3797
3852 3853 3857
3855 3857 3853
3852 3857 3856
3855 3858 3857
3856 3857 3858
3855 3859 3858
3856 3860 3795
3858 3860 3856
3796 3795 3860
3861 3796 3860
3858 3861 3860
3861 3862 3796
3859 3863 3858
3863 3861 3858
3859 3864 3863
3863 3864 3865
3866 3863 3865
3867 3862 3861
3863 3867 3861
3866 3867 3863
3867 3868 3862
3869 3867 3866
3869 3868 3867
3870 3871 3872
3870 3873 3871
3874 3873 3870
3875 3871 3873
3875 3876 3871
3877 3876 3875
3877 3878 3876
3879 3878 3877
3879 3880 3878
3881 3880 3879
3881 3882 3880
3883 3882 3881
3883 3884 3882
3885 3884 3883
3885 3883 3886
3886 3887 3885
3886 3888 3887
3888 3889 3887
3888 3890 3889
3883 3891 3886
3891 3888 3886
3892 3890 3888
3891 3892 3888
3892 3893 3890
3894 3893 3892
3894 3895 3893
3894 3896 3895
3881 3897 3883
3883 3897 3891
3892 3891 3898
3892 3898 3894
3897 3899 3891
3891 3899 3898
3900 3898 3899
3901 3894 3898
3900 3901 3898
3894 3902 3896
3901 3902 3894
3896 3902 3903
3901 3903 3902
3897 3904 3899
3904 3900 3899
3896 3903 3905
3906 3896 3905
3905 3907 3906
3900 3908 3901
3901 3908 3903
3909 3904 3897
3904 3910 3900
3910 3904 3909
3909 3897 3911
3881 3911 3897
3912 3911 3881
3912 3881 3879
3911 3913 3909
3911 3912 3913
3910 3909 3914
3914 3909 3913
3900 3910 3915
3914 3915 3910
3900 3915 3916
3900 3916 3908
3914 3917 3915
3916 3918 3908
3919 3917 3914
3919 3914 3913
3903 3908 3918
3919 3913 3920
3920 3913 3912
3919 3920 3921
3922 3903 3918
3923 3922 3918
3905 3903 3922
3924 3922 3923
3905 3922 3925
3924 3925 3922
3924 3926 3925
3925 3907 3905
3926 3927 3925
3907 3925 3927
3907 3927 3928
3920 3912 3929
3929 3912 3879
3929 3879 3877
3877 3930 3929
3930 3920 3929
3877 3875 3930
3930 3931 3920
3931 3921 3920
3931 3932 3921
3933 3932 3931
3930 3875 3934
3934 3875 3873
3930 3935 3931
3933 3931 3935
3930 3934 3935
3933 3935 3936
3934 3936 3935
3933 3936 3937
3934 3873 3938
3936 3934 3938
3874 3938 3873
3939 3938 3874
3936 3938 3939
3939 3874 3940
3937 3936 3941
3941 3936 3939
3937 3941 3942
3941 3943 3942
3944 3943 3941
3945 3939 3940
3941 3939 3945
3944 3941 3945
3945 3940 3946
3947 3944 3945
3947 3945 3946
3948 3949 3950
3948 3951 3949
3948 3952 3951
3948 3953 3952
3952 3953 3954
3949 3951 3955
3949 3955 3956
3955 3957 3956
3952 3954 3958
3958 3954 3959
3951 3952 3960
3951 3960 3955
3960 3952 3958
3955 3961 3957
3961 3962 3957
3963 3955 3960
3963 3961 3955
3961 3964 3962
3963 3964 3961
3962 3964 3965
3962 3965 3966
3958 3959 3967
3967 3959 3968
3960 3958 3969
3969 3963 3960
3963 3970 3964
3970 3965 3964
3966 3965 3971
3966 3971 3972
3973 3972 3971
3973 3974 3972
3975 3974 3973
3967 3968 3976
3977 3976 3968
3969 3978 3963
3978 3970 3963
3971 3965 3979
3970 3979 3965
3980 3979 3970
3971 3979 3981
3973 3971 3981
3981 3979 3980
3975 3973 3982
3982 3983 3975
3977 3984 3976
3985 3984 3977
3978 3986 3970
3980 3970 3986
3986 3978 3987
3980 3986 3988
3986 3987 3988
3989 3987 3978
3989 3978 3969
3958 3989 3969
3958 3967 3989
3967 3976 3989
3990 3987 3989
3990 3989 3976
3990 3988 3987
3991 3990 3976
3991 3976 3984
3990 3992 3988
3991 3992 3990
3980 3988 3993
3993 3988 3992
3984 3994 3991
3991 3995 3992
3995 3991 3994
3984 3996 3994
3985 3996 3984
3985 3997 3996
3985 3998 3997
3997 3998 3999
3996 3997 4000
3996 4000 3994
3997 3999 4001
4000 3997 4001
3999 4002 4001
3999 4003 4002
4004 4002 4003
4004 4005 4002
4002 4005 4006
4002 4006 4007
4007 4001 4002
4007 4006 4008
4000 4001 4009
4007 4009 4001
4007 4008 4010
4010 4008 4011
4007 4012 4009
4012 4000 4009
4007 4010 4012
3994 4000 4013
4012 4013 4000
4010 4011 4014
4014 4011 4015
4010 4016 4012
4016 4013 4012
4010 4014 4016
3994 4013 4017
3995 3994 4017
4016 4018 4013
4018 4017 4013
4019 4016 4014
4019 4018 4016
4014 4015 4020
4019 4014 4020
4015 4021 4020
4021 4019 4020
4015 4022 4021
4023 3995 4017
4018 4023 4017
4019 4024 4018
4023 4018 4024
4022 4025 4021
4022 4026 4025
4025 4026 4027
4021 4028 4019
4028 4024 4019
4021 4025 4029
4021 4029 4028
4025 4027 4030
4029 4025 4030
4030 4027 4031
4030 4031 4032
4033 4030 4032
4029 4030 4033
4033 4032 4034
4035 4033 4034
4036 4028 4029
4033 4036 4029
4028 4037 4024
4036 4037 4028
4035 4038 4033
4033 4038 4036
4039 4038 4035
4039 4035 4040
4041 4036 4038
4037 4036 4041
4041 4038 4039
4042 4024 4037
4023 4024 4042
4040 4043 4039
4040 4044 4043
4045 4043 4044
4042 4037 4046
4037 4041 4046
4023 4042 4047
4046 4047 4042
4039 4043 4048
4039 4048 4041
4045 4049 4043
4049 4048 4043
4045 4050 4049
4051 4046 4041
4046 4051 4047
4051 4041 4048
4052 4051 4048
4052 4047 4051
4023 4047 4053
4023 4053 3995
3992 3995 4053
4054 4049 4050
4055 4054 4050
4049 4056 4048
4052 4048 4056
4056 4049 4054
4053 4047 4057
4052 4057 4047
3992 4053 4058
4053 4057 4058
3993 3992 4058
3993 4058 4059
4058 4057 4059
4059 3980 3993
4055 4060 4054
4061 4060 4055
4056 4054 4062
4062 4052 4056
4052 4063 4057
4057 4063 4059
4059 4064 3980
3981 3980 4064
4065 4054 4060
4062 4054 4065
4052 4066 4063
4062 4066 4052
4063 4067 4059
4064 4059 4067
4064 4068 3981
3973 3981 4068
4069 4063 4066
4063 4069 4067
4064 4067 4070
4064 4070 4068
4070 4067 4069
4062 4071 4066
4069 4066 4071
4070 4069 4072
4072 4068 4070
4072 4069 4071
4062 4065 4073
4062 4073 4071
4074 3973 4068
4072 4074 4068
4072 4071 4075
4074 4072 4075
4073 4075 4071
4076 3973 4074
4074 4075 4076
4076 3982 3973
4073 4065 4077
4065 4060 4077
4078 4076 4075
3982 4076 4078
4073 4079 4075
4073 4077 4079
4078 4075 4079
4077 4078 4079
4080 4077 4060
4061 4080 4060
4081 4080 4061
4081 4061 4082
4081 4082 4083
4081 4083 4084
4081 4084 3983
3982 4085 3983
3982 4078 4085
4081 3983 4085
4077 4086 4078
4080 4086 4077
4086 4080 4081
4086 4081 4085
4085 4078 4086
4087 4088 4089
4087 4090 4088
4087 4091 4090
4087 4092 4091
4091 4092 4093
4088 4090 4094
4088 4094 4095
4094 4096 4095
4090 4097 4094
4090 4091 4097
4094 4098 4096
4097 4098 4094
4098 4099 4096
4091 4093 4100
4100 4093 4101
4102 4097 4091
4102 4091 4100
4100 4101 4103
4102 4100 4103
4101 4104 4103
4101 4105 4104
4098 4106 4099
4106 4107 4099
4097 4108 4098
4108 4097 4102
4102 4103 4109
4109 4103 4104
4105 4110 4104
4105 4111 4110
4112 4110 4111
4112 4111 4113
4114 4112 4113
4106 4115 4107
4116 4107 4115
4108 4102 4117
4117 4102 4109
4110 4118 4104
4109 4104 4118
4119 4109 4118
4110 4120 4118
4112 4120 4110
4120 4119 4118
4114 4121 4112
4122 4121 4114
4116 4115 4123
4124 4116 4123
4117 4109 4125
4119 4125 4109
4125 4126 4117
4119 4127 4125
4125 4127 4126
4128 4117 4126
4128 4108 4117
4098 4108 4128
4098 4128 4106
4106 4128 4115
4129 4128 4126
4129 4115 4128
4129 4126 4127
4130 4115 4129
4130 4123 4115
4129 4127 4131
4130 4129 4131
4119 4132 4127
4132 4131 4127
4123 4130 4133
4130 4131 4134
4134 4133 4130
4123 4133 4135
4124 4123 4135
4124 4135 4136
4124 4136 4137
4136 4138 4137
4135 4139 4136
4135 4133 4139
4136 4140 4138
4139 4140 4136
4138 4140 4141
4138 4141 4142
4143 4142 4141
4143 4141 4144
4141 4145 4144
4141 4146 4145
4146 4141 4140
4146 4147 4145
4139 4148 4140
4146 4140 4148
4146 4149 4147
4149 4150 4147
4146 4148 4151
4151 4148 4139
4146 4151 4149
4133 4152 4139
4151 4139 4152
4149 4153 4150
4153 4154 4150
4149 4151 4155
4155 4151 4152
4149 4155 4153
4133 4156 4152
4134 4156 4133
4155 4152 4157
4157 4152 4156
4158 4153 4155
4158 4155 4157
4153 4159 4154
4158 4159 4153
4154 4159 4160
4160 4159 4158
4154 4160 4161
4162 4156 4134
4157 4156 4162
4158 4157 4163
4162 4163 4157
4161 4160 4164
4161 4164 4165
4164 4166 4165
4160 4158 4167
4167 4158 4163
4160 4168 4164
4160 4167 4168
4164 4169 4166
4168 4169 4164
4169 4170 4166
4169 4171 4170
4172 4171 4169
4168 4172 4169
4172 4173 4171
4174 4173 4172
4175 4168 4167
4172 4168 4175
4167 4163 4176
4175 4167 4176
4174 4172 4177
4172 4175 4177
4178 4174 4177
4178 4179 4174
4180 4177 4175
4176 4180 4175
4180 4178 4177
4181 4176 4163
4162 4181 4163
4179 4178 4182
4179 4182 4183
4184 4183 4182
4181 4185 4176
4176 4185 4180
4162 4186 4181
4185 4181 4186
4178 4180 4187
4178 4187 4182
4184 4182 4188
4188 4182 4187
4184 4188 4189
4190 4180 4185
4185 4186 4190
4190 4187 4180
4191 4187 4190
4191 4190 4186
4162 4192 4186
4162 4134 4192
4131 4192 4134
4188 4187 4193
4191 4193 4187
4194 4189 4188
4193 4194 4188
4195 4189 4194
4192 4196 4186
4191 4186 4196
4131 4197 4192
4192 4197 4196
4132 4197 4131
4132 4198 4197
4197 4198 4196
4198 4132 4119
4193 4199 4194
4199 4193 4191
4195 4194 4200
4201 4195 4200
4191 4196 4202
4196 4198 4202
4198 4119 4203
4120 4203 4119
4199 4204 4194
4204 4200 4194
4191 4202 4205
4199 4191 4205
4206 4202 4198
4203 4206 4198
4203 4120 4207
4112 4207 4120
4208 4205 4202
4206 4208 4202
4203 4209 4206
4203 4207 4209
4209 4208 4206
4199 4205 4210
4208 4210 4205
4209 4211 4208
4211 4209 4207
4211 4210 4208
4212 4207 4112
4211 4207 4212
4199 4210 4213
4199 4213 4204
4211 4214 4210
4212 4214 4211
4213 4210 4214
4215 4212 4112
4212 4215 4214
4215 4112 4121
4213 4216 4204
4204 4216 4200
4217 4214 4215
4121 4217 4215
4213 4214 4218
4213 4218 4216
4217 4218 4214
4216 4218 4217
4219 4200 4216
4201 4200 4219
4220 4201 4219
4220 4221 4201
4222 4221 4220
4222 4220 4223
4220 4122 4223
4122 4224 4121
4121 4224 4217
4220 4224 4122
4216 4217 4225
4219 4216 4225
4225 4220 4219
4225 4224 4220
4224 4225 4217
4226 4227 4228
4226 4228 4229
4226 4229 4230
4226 4230 4231
4226 4232 4227
4232 4233 4227
4232 4234 4233
4226 4231 4235
4232 4226 4235
4235 4231 4236
4237 4234 4232
4232 4235 4237
4237 4238 4234
4235 4236 4239
4237 4235 4239
4239 4236 4240
4241 4238 4237
4237 4239 4241
4241 4242 4238
4239 4240 4243
4241 4239 4243
4243 4240 4244
4245 4242 4241
4241 4243 4245
4245 4246 4242
4247 4246 4245
4243 4247 4245
4247 4248 4246
4243 4244 4249
4243 4249 4247
4250 4249 4244
4247 4249 4250
4251 4248 4247
4247 4250 4251
4251 4252 4248
4248 4252 4253
4253 4252 4254
4255 4252 4251
4252 4255 4254
4250 4255 4251
4254 4255 4256
4250 4244 4257
4257 4244 4258
4257 4258 4259
4257 4260 4250
4260 4257 4259
4250 4260 4255
4260 4259 4261
4256 4255 4262
4260 4262 4255
4256 4262 4263
4260 4261 4264
4260 4264 4262
4264 4261 4265
4264 4265 4266
4267 4263 4262
4267 4262 4264
4267 4268 4263
4264 4266 4269
4267 4264 4269
4269 4266 4270
4271 4268 4267
4269 4271 4267
4271 4272 4268
4273 4272 4271
4273 4274 4272
4273 4275 4274
4276 4275 4273
4277 4276 4273
4269 4270 4278
4269 4278 4271
4278 4273 4271
4278 4270 4279
4277 4273 4280
4278 4280 4273
4278 4279 4280
4277 4280 4281
4281 4280 4279
4282 4283 4284
4283 4282 4285
4284 4286 4282
4286 4284 4287
4288 4285 4282
4288 4282 4286
4288 4289 4285
4287 4290 4286
4288 4286 4290
4288 4290 4289
4290 4287 4291
4291 4289 4290
4292 4293 4294
4293 4292 4295
4294 4296 4292
4296 4294 4297
4298 4295 4292
4298 4292 4296
4298 4299 4295
4297 4300 4296
4298 4296 4300
4298 4300 4299
4300 4297 4301
4301 4299 4300
4302 4303 4304
4303 4302 4305
4304 4306 4302
4306 4304 4307
4308 4305 4302
4308 4302 4306
4308 4309 4305
4307 4310 4306
4308 4306 4310
4308 4310 4309
4310 4307 4311
4311 4309 4310
4312 4313 4314
4313 4312 4315
4314 4316 4312
4316 4314 4317
4318 4315 4312
4318 4312 4316
4318 4319 4315
4317 4320 4316
4318 4316 4320
4318 4320 4319
4320 4317 4321
4321 4319 4320
4322 4323 4324
4323 4322 4325
4324 4326 4322
4326 4324 4327
4328 4325 4322
4328 4322 4326
4328 4329 4325
4327 4330 4326
4328 4326 4330
4328 4330 4329
4330 4327 4331
4331 4329 4330
4332 4333 4334
4333 4332 4335
4334 4336 4332
4336 4334 4337
4338 4335 4332
4338 4332 4336
4338 4339 4335
4337 4340 4336
4338 4336 4340
4338 4340 4339
4340 4337 4341
4341 4339 4340
4342 4343 4344
4343 4342 4345
4344 4346 4342
4346 4344 4347
4348 4345 4342
4348 4342 4346
4348 4349 4345
4347 4350 4346
4348 4346 4350
4348 4350 4349
4350 4347 4351
4351 4349 4350
4352 4353 4354
4353 4352 4355
4354 4356 4352
4356 4354 4357
4358 4355 4352
4358 4352 4356
4358 4359 4355
4357 4360 4356
4358 4356 4360
4358 4360 4359
4360 4357 4361
4361 4359 4360
4362 4363 4364
4363 4362 4365
4364 4366 4362
4366 4364 4367
4368 4365 4362
4368 4362 4366
4368 4369 4365
4367 4370 4366
4368 4366 4370
4368 4370 4369
4370 4367 4371
4371 4369 4370
4372 4373 4374
4373 4372 4375
4374 4376 4372
4376 4374 4377
4378 4375 4372
4378 4372 4376
4378 4379 4375
4377 4380 4376
4378 4376 4380
4378 4380 4379
4380 4377 4381
4381 4379 4380
4382 4383 4384
4383 4382 4385
4384 4386 4382
4386 4384 4387
4388 4385 4382
4388 4382 4386
4388 4389 4385
4387 4390 4386
4388 4386 4390
4388 4390 4389
4390 4387 4391
4391 4389 4390
4392 4393 4394
4393 4392 4395
4395 4396 4393
4397 4394 4393
4397 4393 4396
4397 4398 4394
4397 4396 4399
4397 4399 4398
4400 4401 4402
4401 4400 4403
4403 4404 4401
4405 4402 4401
4405 4401 4404
4405 4406 4402
4405 4404 4407
4405 4407 4406
4408 4409 4410
4409 4408 4411
4411 4412 4409
4413 4410 4409
4413 4409 4412
4413 4414 4410
4413 4412 4415
4413 4415 4414
4416 4417 4418
4417 4416 4419
4419 4420 4417
4421 4418 4417
4421 4417 4420
4421 4422 4418
4421 4420 4423
4421 4423 4422
4424 4425 4426
4425 4424 4427
4427 4428 4425
4429 4426 4425
4429 4425 4428
4429 4430 4426
4429 4428 4431
4429 4431 4430
4432 4433 4434
4433 4432 4435
4435 4436 4433
4437 4434 4433
4437 4433 4436
4437 4438 4434
4437 4436 4439
4437 4439 4438
4440 4441 4442
4441 4440 4443
4443 4444 4441
4445 4442 4441
4445 4441 4444
4445 4446 4442
4445 4444 4447
4445 4447 4446
4448 4449 4450
4449 4448 4451
4451 4452 4449
4453 4450 4449
4453 4449 4452
4453 4454 4450
4453 4452 4455
4453 4455 4454
4456 4457 4458
4457 4456 4459
4459 4460 4457
4461 4458 4457
4461 4457 4460
4461 4462 4458
4461 4460 4463
4461 4463 4462
4464 4465 4466
4465 4464 4467
4467 4468 4465
4469 4466 4465
4469 4465 4468
4469 4470 4466
4469 4468 4471
4469 4471 4470
4472 4473 4474
4473 4472 4475
4475 4476 4473
4477 4474 4473
4477 4473 4476
4477 4478 4474
4477 4476 4479
4477 4479 4478
