byte offset: 0
first index: 0
index count: 7596
topology: trianglelist
format: DXGI_FORMAT_R16_UINT

0 1 2
0 3 1
4 3 0
4 5 3
4 6 5
7 5 6
1 3 8
5 8 3
1 8 9
9 8 10
9 10 11
5 12 8
12 10 8
5 13 12
7 14 5
5 14 13
15 14 7
13 14 15
15 7 16
11 10 17
11 17 18
12 19 10
13 19 12
19 17 10
18 17 20
18 20 21
22 21 20
19 23 17
23 20 17
24 15 16
15 24 25
24 16 26
27 24 26
27 28 24
28 25 24
27 29 28
23 19 30
13 30 19
13 15 31
15 25 31
13 31 32
13 32 30
25 32 31
29 33 28
34 33 29
35 33 34
35 34 36
33 37 28
37 33 35
38 35 36
38 36 39
40 35 38
37 35 40
40 38 41
42 40 41
42 37 40
42 41 43
37 44 28
28 44 25
42 45 37
44 37 45
43 46 42
45 42 46
43 47 46
46 47 48
46 48 49
49 48 50
25 44 51
44 45 51
45 46 52
52 46 49
51 45 52
25 51 53
25 53 32
54 53 51
51 52 54
32 53 55
54 55 53
52 56 54
56 55 54
32 55 57
30 32 57
49 50 58
59 58 50
59 60 58
60 59 61
52 49 62
52 62 56
56 63 55
63 57 55
30 57 64
23 30 64
65 49 58
65 58 60
63 66 57
66 64 57
64 67 23
23 67 20
66 68 64
64 68 67
69 68 66
63 69 66
67 70 20
22 20 70
71 67 68
69 71 68
22 70 72
22 72 73
67 74 70
71 74 67
74 72 70
73 72 75
73 75 76
74 77 72
77 75 72
74 71 78
74 78 77
71 69 79
71 79 78
76 75 80
76 80 81
82 81 80
82 80 83
77 84 75
84 80 75
84 77 78
83 80 85
84 85 80
83 85 86
87 86 85
88 85 84
87 85 88
84 78 89
88 84 89
90 87 88
89 90 88
90 91 87
78 92 89
89 92 90
78 79 92
93 91 90
93 94 91
95 94 93
96 90 92
96 92 79
96 93 90
95 93 97
98 95 97
99 97 93
99 93 96
96 100 99
96 79 101
96 101 100
79 102 101
102 100 101
79 69 102
63 102 69
103 102 63
102 103 100
103 63 56
98 97 104
99 104 97
100 105 99
99 105 104
98 104 106
98 106 107
108 107 106
108 106 109
61 109 106
104 110 106
61 106 110
104 105 110
60 61 110
111 110 105
100 111 105
111 60 110
111 100 112
103 112 100
111 113 60
65 60 113
111 114 113
111 112 114
114 65 113
112 115 114
114 115 65
103 116 112
112 116 115
103 117 116
117 115 116
103 56 117
62 117 56
62 118 117
117 118 115
118 62 49
65 119 49
115 119 65
118 49 119
115 118 119
120 121 122
120 123 121
124 123 120
123 125 121
124 126 123
127 126 124
123 128 125
126 128 123
129 125 128
127 130 126
131 130 127
131 132 130
132 131 133
126 130 134
132 134 130
126 135 128
126 134 135
129 128 136
136 128 135
132 133 137
138 137 133
129 136 139
129 139 140
141 139 136
136 135 142
141 136 142
142 135 134
143 141 142
142 134 143
143 144 141
132 145 134
145 143 134
145 132 137
146 144 143
145 146 143
146 147 144
146 145 148
145 137 148
149 147 146
146 148 149
149 150 147
151 150 149
151 149 148
151 152 150
137 153 148
151 148 153
154 152 151
153 154 151
154 155 152
137 156 153
138 156 137
156 138 157
155 154 158
155 158 159
153 160 154
156 160 153
160 158 154
156 157 161
156 161 160
162 161 157
161 163 160
160 163 158
158 163 164
165 159 158
158 164 165
165 166 159
162 167 161
161 167 163
164 163 167
168 167 162
166 165 169
164 169 165
166 169 170
169 171 170
169 172 171
168 173 167
164 167 173
173 168 174
172 169 175
164 175 169
172 175 176
177 176 175
173 174 178
178 164 173
178 175 164
177 175 178
178 174 179
178 179 177
180 181 182
180 183 181
184 183 180
183 185 181
184 186 183
187 186 184
183 188 185
186 188 183
189 185 188
189 190 185
189 191 190
191 192 190
187 193 186
186 194 188
193 194 186
187 195 193
196 195 187
188 197 189
188 194 197
198 197 194
193 199 194
195 199 193
198 194 199
189 197 200
198 200 197
195 201 199
201 198 199
196 202 195
203 201 195
203 195 202
196 204 202
204 203 202
196 205 204
206 204 205
206 205 207
201 208 198
203 208 201
204 209 203
206 209 204
203 210 208
209 210 203
208 211 198
208 212 211
208 210 212
198 211 213
198 213 200
210 214 212
200 213 215
210 216 214
209 216 210
214 216 217
209 217 216
214 217 218
206 219 209
209 219 217
218 217 220
221 218 220
222 219 206
206 207 222
217 219 223
217 223 220
222 223 219
221 220 224
224 220 223
207 225 222
207 226 225
227 223 222
224 223 227
227 222 225
228 221 224
227 228 224
229 221 228
227 230 228
230 229 228
225 230 227
230 231 229
232 231 230
226 233 225
232 233 226
225 233 230
232 230 233
234 235 236
234 236 237
238 234 237
238 237 239
238 239 240
241 240 239
236 242 237
239 237 242
236 243 242
243 244 242
243 245 244
239 242 246
246 242 244
239 246 247
241 239 248
239 247 248
249 241 248
247 249 248
249 250 241
245 251 244
245 252 251
246 244 253
247 246 253
253 244 251
252 254 251
252 255 254
256 254 255
253 251 257
257 251 254
258 250 249
249 259 258
258 260 250
261 260 258
261 258 262
262 258 259
261 262 263
257 264 253
247 253 264
247 265 249
249 265 259
247 266 265
247 264 266
259 265 266
263 262 267
268 263 267
269 268 267
269 270 268
267 262 271
271 269 267
272 270 269
272 273 270
274 272 269
271 274 269
274 275 272
276 275 274
276 274 271
276 277 275
271 262 278
262 259 278
276 271 279
278 279 271
277 276 280
279 280 276
277 280 281
280 282 281
280 283 282
283 284 282
259 285 278
278 285 279
279 286 280
286 283 280
285 286 279
259 287 285
259 266 287
288 285 287
285 288 286
266 289 287
288 287 289
286 288 290
290 288 289
266 291 289
264 291 266
283 292 284
293 284 292
293 292 294
294 295 293
286 296 283
286 290 296
290 289 297
297 289 291
264 298 291
257 298 264
299 292 283
299 294 292
297 291 300
300 291 298
298 257 301
257 254 301
300 298 302
298 301 302
303 300 302
297 300 303
301 254 304
256 304 254
305 302 301
303 302 305
256 306 304
256 307 306
301 304 308
305 301 308
308 304 306
307 309 306
307 310 309
310 311 309
310 312 311
313 311 312
313 314 311
315 311 314
308 306 316
316 306 309
308 317 305
308 316 317
316 309 318
318 309 311
318 317 316
315 319 311
318 311 319
315 320 319
320 318 319
315 321 320
321 322 320
321 323 322
322 323 324
320 325 318
318 325 317
325 320 322
305 317 326
305 326 303
317 325 327
325 322 327
317 327 326
322 324 328
328 324 329
330 327 322
330 326 327
330 322 328
326 331 303
297 303 331
330 332 326
326 332 331
330 333 332
331 332 333
334 297 331
331 333 334
334 290 297
335 330 328
330 335 333
328 329 336
335 328 336
329 337 336
335 336 337
329 338 337
339 337 338
334 340 290
296 290 340
333 335 341
335 337 341
296 340 342
342 283 296
342 343 283
299 283 343
344 343 342
340 344 342
344 299 343
334 345 340
340 345 344
334 346 345
334 333 346
346 344 345
333 341 347
347 346 333
346 348 344
348 299 344
347 348 346
348 349 299
347 349 348
299 349 294
347 294 349
347 341 350
347 350 294
337 350 341
294 350 295
337 351 350
295 350 351
339 351 337
295 351 352
339 352 351
339 353 352
354 355 356
354 357 355
357 354 358
355 357 359
355 359 360
361 360 359
361 362 360
363 362 361
363 361 364
361 365 364
361 366 365
366 361 359
367 365 366
357 368 359
366 359 368
357 358 369
357 369 368
367 366 370
371 367 370
366 368 372
369 372 368
366 372 370
358 373 369
369 373 372
358 374 373
371 370 375
375 370 372
376 371 375
376 377 371
378 377 376
375 372 379
379 372 373
379 376 375
374 380 373
379 373 380
374 381 380
380 382 379
379 382 376
381 383 380
380 383 382
381 384 383
385 383 384
385 382 383
385 384 386
378 376 387
387 388 378
376 382 389
385 389 382
376 389 387
390 385 386
389 385 390
390 386 391
387 392 388
393 388 392
387 389 394
389 390 394
387 394 392
395 390 391
394 390 395
395 391 396
393 392 397
398 393 397
392 394 399
394 395 399
392 399 397
395 400 399
400 397 399
396 401 395
395 401 400
396 402 401
398 397 403
400 403 397
403 404 398
405 401 402
400 401 405
405 402 406
407 405 406
407 408 405
403 409 404
409 403 400
409 410 404
409 411 410
408 412 405
400 405 412
409 400 412
411 409 412
408 413 412
411 412 413
414 415 416
414 416 417
418 414 417
417 416 419
418 417 420
421 418 420
417 419 422
420 417 422
423 422 419
423 419 424
423 424 425
425 424 426
421 420 427
420 422 428
427 420 428
421 427 429
430 421 429
422 423 431
422 431 428
432 428 431
423 433 431
432 431 433
427 428 434
429 427 434
432 434 428
429 434 435
435 434 432
430 429 436
437 429 435
437 436 429
430 436 438
438 436 437
430 438 439
440 439 438
440 441 439
435 432 442
437 435 442
438 437 443
440 438 443
437 442 444
443 437 444
442 432 445
442 445 446
442 446 444
432 447 445
432 433 447
444 446 448
433 449 447
444 448 450
443 444 450
448 451 450
443 450 451
448 452 451
440 443 453
443 451 453
452 454 451
455 454 452
456 440 453
440 456 441
451 457 453
451 454 457
456 453 457
455 458 454
458 457 454
441 456 459
441 459 460
461 456 457
458 461 457
461 459 456
462 458 455
461 458 462
463 462 455
461 462 464
464 462 463
459 461 464
464 463 465
466 464 465
460 459 467
466 460 467
459 464 467
466 467 464
468 469 470
468 470 471
470 472 471
470 473 472
472 473 474
475 468 471
475 476 468
477 475 471
472 477 471
476 475 478
475 477 478
476 478 479
480 479 478
480 481 479
480 482 481
478 477 483
483 480 478
472 474 484
485 472 484
486 484 474
486 485 484
472 487 477
487 483 477
485 487 472
487 488 483
488 487 485
480 489 482
490 482 489
491 480 483
491 483 488
492 489 480
492 480 491
490 489 493
493 489 492
491 488 494
494 492 491
486 495 485
495 486 496
497 495 496
497 498 495
499 495 498
485 495 499
499 498 500
501 499 500
501 494 499
488 485 502
485 499 502
502 499 494
494 488 502
494 501 503
494 503 492
503 501 504
505 492 503
493 492 505
504 506 503
505 503 506
504 507 506
508 493 505
506 508 505
507 509 506
506 509 508
507 510 509
509 510 511
509 511 512
513 512 511
508 514 493
514 490 493
514 515 490
516 508 509
516 509 512
508 517 514
508 516 517
518 515 514
517 518 514
518 519 515
518 520 519
518 521 520
518 522 521
518 517 522
523 522 517
516 523 517
523 524 522
523 525 524
526 516 512
526 523 516
527 525 523
526 527 523
527 528 525
528 527 529
526 529 527
528 529 530
531 530 529
532 531 529
532 533 531
532 534 533
526 512 535
513 535 512
536 529 526
536 526 535
536 535 513
529 536 532
536 513 537
532 536 537
532 537 538
532 538 539
539 534 532
539 540 534
541 542 543
541 544 542
545 542 544
544 541 546
546 547 544
546 541 548
546 548 549
546 549 550
547 546 550
551 550 549
545 544 552
553 545 552
544 554 552
553 552 554
544 547 554
553 554 555
555 556 553
557 556 555
557 555 558
559 558 555
559 555 554
547 559 554
547 560 559
561 560 547
561 547 562
547 550 562
563 561 562
550 563 562
563 564 561
550 565 563
551 565 550
566 564 563
565 566 563
566 567 564
568 565 551
565 568 566
568 551 569
568 569 570
571 567 566
571 566 568
571 572 567
568 570 573
571 568 573
574 572 571
573 574 571
574 575 572
574 576 575
574 577 576
577 574 578
573 578 574
570 578 573
570 579 578
580 581 582
580 583 581
581 583 584
581 584 585
584 586 585
587 583 580
587 580 588
589 583 587
584 583 589
588 590 587
587 590 589
588 591 590
592 590 591
592 591 593
592 593 594
590 595 589
595 590 592
584 596 586
597 586 596
598 597 596
597 598 599
600 599 598
600 598 601
598 602 601
584 589 603
603 589 595
604 596 584
598 596 604
604 584 603
598 605 602
598 604 605
606 602 605
603 595 607
607 604 603
605 604 608
607 608 604
608 609 605
606 605 609
609 608 607
610 607 595
610 609 607
610 595 592
609 611 606
611 612 606
609 610 613
613 610 592
609 613 611
612 611 614
612 614 615
613 592 616
592 594 616
617 616 594
618 611 613
618 614 611
619 613 616
617 619 616
619 618 613
615 614 620
615 620 621
620 622 621
614 618 623
623 618 619
614 623 620
624 619 617
623 619 624
624 617 625
620 626 622
627 622 626
628 620 623
628 626 620
623 624 629
623 629 628
630 624 625
629 624 630
630 625 631
630 631 632
630 632 633
630 633 634
630 634 629
635 629 634
628 629 635
635 634 636
635 636 637
638 626 628
638 628 635
639 635 637
638 635 639
639 637 640
640 641 639
638 639 641
640 642 641
643 641 642
644 641 643
644 643 645
644 645 646
638 647 626
627 626 647
648 638 641
648 647 638
648 627 647
641 644 648
648 649 627
644 649 648
644 650 649
644 651 650
651 644 646
646 652 651
653 654 655
653 655 656
657 656 655
656 658 653
658 656 659
658 660 653
658 661 660
658 662 661
659 662 658
663 661 662
657 664 656
657 665 664
656 664 666
665 666 664
656 666 659
665 667 666
667 665 668
669 667 668
669 670 667
671 667 670
671 666 667
659 666 671
659 671 672
673 659 672
673 674 659
659 674 662
675 674 673
662 674 675
675 673 676
662 675 677
663 662 677
678 675 676
677 675 678
678 676 679
680 663 677
677 678 680
680 681 663
680 682 681
683 678 679
683 680 678
683 679 684
680 685 682
683 685 680
686 683 684
685 683 686
686 684 687
686 687 688
686 688 689
689 690 686
685 686 690
682 685 690
682 690 691
692 693 694
692 694 695
695 694 696
695 696 697
697 696 698
699 695 697
699 700 695
697 698 701
699 697 701
701 698 702
703 700 699
703 704 700
699 701 705
705 703 699
704 703 706
704 706 707
708 707 706
709 706 703
705 709 703
708 706 710
710 711 708
710 712 711
713 711 712
713 714 711
709 705 715
705 701 716
705 716 715
701 702 716
715 716 717
716 702 717
715 717 718
719 715 718
717 702 720
721 720 702
721 718 720
718 721 722
722 719 718
722 723 719
723 724 719
725 718 717
725 720 718
717 720 725
726 727 728
726 729 727
730 727 729
730 731 727
731 730 732
731 732 733
734 733 732
734 732 735
735 736 734
737 735 732
735 738 736
738 739 736
740 735 737
740 738 735
737 741 740
738 740 742
738 743 739
738 742 743
744 739 743
744 743 742
744 745 739
745 746 739
745 747 746
744 742 748
749 748 742
740 750 742
740 741 750
749 742 750
741 751 750
749 750 751
741 752 751
753 752 741
754 749 751
755 749 754
755 754 752
752 756 755
756 752 753
756 753 757
757 753 758
759 751 752
759 752 754
754 751 759
760 761 762
760 763 761
764 760 762
763 765 761
764 766 760
763 760 767
767 760 766
764 768 766
764 769 768
769 770 768
771 770 769
768 772 766
766 773 767
766 772 773
770 774 768
768 774 772
772 775 773
772 776 775
776 772 774
775 777 773
778 767 773
778 773 777
778 777 779
775 780 777
779 777 780
778 781 767
763 767 781
770 782 774
783 782 770
771 783 770
784 783 771
784 771 785
783 786 782
784 786 783
774 782 787
787 782 786
785 788 784
789 788 785
784 790 786
788 790 784
774 787 791
776 774 791
787 786 792
790 792 786
787 793 791
793 776 791
787 794 793
787 792 794
793 795 776
796 794 792
797 776 795
797 795 798
776 797 775
799 797 798
799 775 797
799 798 800
790 801 792
796 792 801
800 802 799
800 803 802
804 801 790
788 804 790
805 796 801
804 805 801
805 806 796
807 804 788
789 807 788
805 808 806
808 809 806
810 805 804
807 810 804
810 808 805
789 811 807
811 810 807
789 812 811
808 810 813
811 813 810
808 814 809
808 813 814
812 815 811
812 816 815
817 813 811
817 811 815
816 817 815
814 813 817
816 818 817
819 809 814
814 817 819
818 819 817
820 809 819
818 820 819
821 799 802
775 799 821
821 802 822
823 821 822
775 821 824
823 824 821
775 824 825
775 825 780
822 802 826
826 802 803
826 803 827
823 828 824
828 825 824
829 780 825
779 780 829
830 779 829
828 831 825
829 825 831
823 832 828
831 828 832
831 832 833
823 834 832
833 835 831
829 831 835
830 829 835
830 835 836
830 836 837
830 837 838
192 830 838
839 834 823
192 840 830
191 840 192
830 840 779
779 840 191
779 191 841
778 779 841
189 841 191
839 823 842
823 822 842
839 842 843
839 843 844
842 822 845
842 845 843
822 826 845
844 843 846
846 847 844
845 826 848
826 827 848
843 845 849
843 849 846
845 848 849
846 850 847
849 850 846
851 848 827
851 827 852
848 853 849
848 851 853
849 853 850
854 851 852
853 851 854
854 852 855
847 850 856
847 856 857
850 853 858
853 854 858
850 858 856
854 855 859
858 854 859
857 856 860
860 861 857
856 858 862
856 862 860
858 859 862
863 859 855
863 855 864
860 865 861
865 860 862
859 866 862
859 863 866
865 862 866
867 863 864
866 863 867
867 864 868
869 867 868
866 867 870
865 866 870
869 870 867
871 861 865
865 870 871
871 870 869
871 872 861
871 869 872
189 873 841
189 200 873
873 200 874
200 215 874
215 875 874
215 876 875
875 876 877
873 874 878
878 874 875
879 841 873
878 879 873
878 875 880
879 878 880
879 880 881
882 841 879
881 882 879
778 841 882
778 882 781
881 781 882
875 877 883
880 875 883
884 883 877
884 877 885
880 883 886
881 880 886
886 883 884
885 887 884
888 887 885
886 884 889
889 884 887
888 890 887
889 887 891
891 887 890
886 889 892
892 889 891
881 886 893
886 892 893
888 894 890
888 895 894
896 894 895
896 895 897
890 894 898
898 894 896
891 890 899
890 898 899
892 891 900
900 891 899
893 892 901
900 901 892
893 901 902
900 903 901
900 899 904
900 904 903
904 899 898
905 903 904
906 893 902
906 902 907
893 906 881
908 906 907
909 881 906
908 909 906
781 881 909
904 898 910
905 904 910
911 909 908
911 908 912
781 909 913
911 913 909
763 781 913
910 898 914
898 896 914
905 910 915
910 914 915
905 915 916
912 917 911
918 917 912
911 919 913
919 763 913
919 911 917
914 896 920
896 897 920
916 915 921
922 916 921
915 914 923
914 920 923
915 923 921
897 924 920
924 923 920
897 925 924
919 926 763
763 926 765
919 917 927
926 919 927
928 765 926
926 927 928
928 929 765
923 930 921
922 921 930
927 917 931
918 931 917
928 932 929
933 929 932
928 927 934
927 931 934
928 934 932
935 931 918
935 934 931
935 918 936
937 932 934
935 937 934
936 938 935
937 935 938
939 938 936
933 932 940
937 940 932
937 938 941
940 937 941
942 933 940
940 941 942
942 943 933
939 944 938
941 938 944
942 945 943
945 946 943
942 941 947
941 944 947
942 947 945
948 947 944
945 947 948
949 944 939
948 944 949
949 939 950
951 949 950
951 948 949
951 950 952
951 952 953
951 953 954
951 954 948
954 953 955
954 955 956
956 948 954
955 946 956
945 957 946
945 948 957
956 957 948
956 946 957
958 924 925
958 925 959
958 959 960
924 958 961
958 960 961
924 961 962
924 962 923
923 962 930
961 930 962
960 963 961
961 963 930
960 964 963
963 922 930
963 964 922
965 966 967
965 967 968
969 966 965
968 967 970
969 965 971
968 972 965
972 971 965
969 971 973
969 973 974
974 973 975
976 974 975
973 971 977
971 972 978
971 978 977
975 973 979
973 977 979
977 978 980
977 980 981
981 979 977
980 978 982
983 978 972
983 982 978
983 984 982
980 982 985
984 985 982
983 972 986
968 986 972
975 979 987
988 975 987
976 975 988
989 976 988
989 990 976
988 987 991
989 988 991
979 992 987
992 991 987
990 989 993
994 990 993
989 991 995
993 989 995
979 996 992
981 996 979
992 997 991
995 991 997
992 996 998
998 996 981
992 998 999
992 999 997
998 981 1000
1001 997 999
1002 1000 981
1002 1003 1000
981 980 1002
1004 1003 1002
1004 1002 980
1004 1005 1003
995 997 1006
1001 1006 997
1005 1004 1007
1005 1007 1008
1009 995 1006
993 995 1009
1010 1006 1001
1009 1006 1010
1010 1001 1011
1012 993 1009
994 993 1012
1010 1011 1013
1013 1011 1014
1015 1009 1010
1012 1009 1015
1015 1010 1013
994 1012 1016
1016 1012 1015
994 1016 1017
1013 1018 1015
1016 1015 1018
1013 1014 1019
1013 1019 1018
1017 1016 1020
1017 1020 1021
1022 1016 1018
1022 1020 1016
1021 1020 1022
1019 1022 1018
1021 1022 1023
1024 1019 1014
1019 1024 1022
1023 1022 1024
1025 1024 1014
1023 1024 1025
1026 1007 1004
980 1026 1004
1026 1027 1007
1028 1027 1026
980 1029 1026
1028 1026 1029
980 1030 1029
980 985 1030
1027 1031 1007
1031 1008 1007
1031 1032 1008
1028 1029 1033
1033 1029 1030
1034 1030 985
984 1034 985
1035 1034 984
1033 1030 1036
1034 1036 1030
1028 1033 1037
1036 1037 1033
1036 1038 1037
1028 1037 1039
1038 1036 1040
1034 1040 1036
1035 1040 1034
1035 1041 1040
1035 1042 1041
1035 1043 1042
426 1043 1035
1044 1028 1039
426 1035 1045
425 426 1045
1035 984 1045
984 425 1045
984 1046 425
983 1046 984
423 425 1046
1044 1047 1028
1028 1047 1027
1044 1048 1047
1044 1049 1048
1047 1050 1027
1047 1048 1050
1027 1050 1031
1049 1051 1048
1051 1049 1052
1050 1053 1031
1031 1053 1032
1048 1054 1050
1048 1051 1054
1050 1054 1053
1051 1052 1055
1054 1051 1055
1056 1032 1053
1056 1057 1032
1053 1054 1058
1053 1058 1056
1054 1055 1058
1059 1057 1056
1058 1059 1056
1059 1060 1057
1052 1061 1055
1052 1062 1061
1055 1063 1058
1058 1063 1059
1055 1061 1063
1059 1064 1060
1063 1064 1059
1062 1065 1061
1065 1062 1066
1061 1067 1063
1061 1065 1067
1063 1067 1064
1068 1060 1064
1068 1069 1060
1065 1066 1070
1070 1067 1065
1064 1067 1071
1064 1071 1068
1070 1071 1067
1072 1069 1068
1071 1072 1068
1072 1073 1069
1074 1073 1072
1071 1075 1072
1070 1075 1071
1074 1072 1075
1076 1070 1066
1070 1076 1075
1076 1074 1075
1076 1066 1077
1076 1077 1074
423 1046 1078
423 1078 433
1079 1078 1046
433 1078 1080
1080 1078 1079
1081 1079 1046
1082 1079 1081
983 1081 1046
983 986 1081
1082 1081 986
433 1080 1083
433 1083 449
449 1083 1084
1080 1084 1083
449 1084 1085
1084 1086 1085
1079 1087 1080
1080 1087 1084
1079 1082 1087
1084 1088 1086
1087 1088 1084
1089 1086 1088
1089 1090 1086
1087 1091 1088
1082 1091 1087
1091 1089 1088
1090 1089 1092
1093 1090 1092
1091 1094 1089
1094 1092 1089
1093 1092 1095
1094 1096 1092
1096 1095 1092
1091 1097 1094
1097 1096 1094
1082 1098 1091
1091 1098 1097
1093 1095 1099
1093 1099 1100
1101 1100 1099
1101 1102 1100
1095 1103 1099
1103 1101 1099
1096 1104 1095
1095 1104 1103
1097 1105 1096
1105 1104 1096
1098 1106 1097
1105 1097 1106
1098 1107 1106
1105 1106 1108
1105 1109 1104
1105 1108 1109
1109 1103 1104
1110 1109 1108
1111 1107 1098
1111 1112 1107
1098 1082 1111
1113 1112 1111
1114 1111 1082
1113 1111 1114
986 1114 1082
1109 1115 1103
1110 1115 1109
1116 1113 1114
1116 1117 1113
986 1118 1114
1116 1114 1118
968 1118 986
1115 1119 1103
1103 1119 1101
1110 1120 1115
1115 1120 1119
1110 1121 1120
1117 1116 1122
1123 1117 1122
1116 1118 1124
1124 1118 968
1124 1122 1116
1119 1125 1101
1101 1125 1102
1121 1126 1120
1127 1126 1121
1120 1128 1119
1119 1128 1125
1120 1126 1128
1102 1125 1129
1129 1125 1128
1102 1129 1130
1124 968 1131
968 970 1131
1127 1132 1126
1128 1126 1132
1131 1133 1124
1124 1133 1122
1134 1131 970
1131 1134 1133
1134 970 1135
1133 1136 1122
1123 1122 1136
1134 1135 1137
1138 1137 1135
1134 1139 1133
1133 1139 1136
1134 1137 1139
1140 1123 1136
1140 1136 1139
1140 1141 1123
1142 1139 1137
1140 1139 1142
1141 1140 1143
1142 1143 1140
1144 1141 1143
1138 1145 1137
1142 1137 1145
1142 1146 1143
1145 1146 1142
1147 1145 1138
1145 1147 1146
1147 1138 1148
1144 1143 1149
1146 1149 1143
1147 1148 1150
1150 1148 1151
1147 1152 1146
1146 1152 1149
1147 1150 1152
1153 1149 1152
1150 1153 1152
1154 1144 1149
1153 1154 1149
1154 1155 1144
1156 1155 1154
1156 1154 1153
1156 1157 1155
1156 1158 1157
1156 1159 1158
1156 1153 1159
1159 1160 1158
1159 1161 1160
1160 1161 1151
1161 1159 1153
1150 1151 1162
1161 1162 1151
1161 1153 1162
1150 1162 1153
1163 1130 1129
1163 1164 1130
1163 1165 1164
1129 1166 1163
1163 1166 1165
1129 1167 1166
1129 1128 1167
1128 1132 1167
1166 1167 1132
1165 1166 1168
1166 1132 1168
1165 1168 1169
1168 1132 1127
1168 1127 1169
1170 1171 1172
1173 1172 1171
1174 1170 1172
1174 1175 1170
1173 1176 1172
1174 1172 1176
1177 1176 1173
1178 1175 1174
1178 1179 1175
1177 1180 1176
1181 1180 1177
1174 1176 1182
1182 1178 1174
1180 1182 1176
1182 1183 1178
1184 1179 1178
1184 1185 1179
1184 1186 1185
1181 1187 1180
1187 1181 1188
1189 1178 1183
1189 1184 1178
1190 1187 1188
1191 1190 1188
1191 1192 1190
1193 1190 1192
1187 1190 1193
1193 1192 1194
1193 1194 1195
1196 1180 1187
1187 1193 1196
1193 1195 1197
1196 1193 1197
1197 1195 1198
1196 1199 1180
1180 1199 1182
1196 1197 1200
1199 1196 1200
1199 1200 1201
1199 1202 1182
1201 1202 1199
1202 1183 1182
1197 1198 1203
1204 1200 1197
1204 1197 1203
1198 1205 1203
1204 1203 1205
1198 1206 1205
1207 1201 1200
1200 1204 1207
1208 1207 1204
1209 1205 1206
1209 1206 1210
1209 1210 1211
1204 1205 1212
1208 1204 1212
1213 1212 1205
1213 1205 1209
1213 1208 1212
1209 1211 1214
1213 1209 1214
1211 1215 1214
1211 1216 1215
1215 1216 1217
1213 1214 1218
1214 1215 1219
1214 1219 1218
1215 1217 1220
1219 1215 1220
1221 1213 1218
1213 1221 1208
1221 1218 1222
1222 1218 1219
1217 1223 1220
1217 1224 1223
1224 1225 1223
1224 1226 1225
1227 1220 1223
1225 1227 1223
1226 1228 1225
1225 1228 1227
1226 1229 1228
1228 1229 1230
1219 1220 1231
1227 1231 1220
1228 1232 1227
1231 1227 1232
1228 1230 1233
1228 1233 1232
1230 1232 1233
1230 1234 1232
1234 1235 1232
1231 1232 1235
1234 1236 1235
1237 1235 1236
1238 1219 1231
1238 1231 1235
1237 1238 1235
1222 1219 1238
1237 1222 1238
1237 1239 1222
1240 1222 1239
1240 1221 1222
1208 1221 1240
1208 1240 1241
1241 1242 1208
1241 1243 1242
1207 1208 1242
1243 1244 1242
1207 1242 1244
1243 1245 1244
1246 1207 1244
1246 1201 1207
1247 1244 1245
1247 1245 1248
1249 1247 1248
1246 1244 1250
1250 1244 1247
1251 1246 1250
1251 1250 1252
1250 1247 1252
1249 1253 1247
1253 1252 1247
1254 1253 1249
1254 1249 1255
1256 1254 1255
1253 1257 1252
1257 1253 1254
1246 1258 1201
1251 1258 1246
1251 1252 1259
1257 1259 1252
1256 1260 1254
1257 1254 1261
1260 1261 1254
1256 1262 1260
1256 1263 1262
1264 1262 1263
1264 1263 1265
1260 1262 1266
1266 1262 1264
1267 1264 1265
1266 1264 1267
1267 1265 1268
1260 1269 1261
1260 1266 1269
1257 1261 1270
1269 1270 1261
1257 1271 1259
1257 1270 1271
1272 1267 1268
1272 1268 1273
1274 1267 1272
1274 1272 1273
1274 1266 1267
1274 1273 1275
1266 1276 1269
1266 1274 1276
1276 1274 1275
1269 1276 1270
1276 1275 1277
1276 1277 1278
1276 1278 1270
1279 1270 1278
1279 1271 1270
1271 1279 1280
1271 1280 1259
1251 1259 1280
1251 1280 1281
1251 1281 1282
1251 1282 1283
1282 1284 1283
1258 1251 1283
1284 1258 1283
1282 1285 1284
1286 1284 1285
1284 1287 1258
1258 1287 1201
1286 1288 1284
1289 1288 1286
1284 1290 1287
1290 1284 1288
1287 1290 1291
1287 1292 1201
1201 1292 1202
1290 1288 1293
1291 1290 1293
1289 1294 1288
1294 1293 1288
1295 1294 1289
1295 1289 1296
1297 1295 1296
1294 1298 1293
1298 1294 1295
1287 1299 1292
1287 1291 1299
1291 1293 1300
1298 1300 1293
1202 1292 1301
1302 1292 1299
1302 1301 1292
1303 1302 1299
1202 1301 1304
1202 1304 1183
1304 1301 1305
1305 1301 1302
1291 1306 1299
1306 1303 1299
1291 1307 1306
1307 1303 1306
1291 1308 1307
1308 1291 1300
1307 1309 1303
1308 1300 1310
1311 1303 1309
1312 1310 1300
1298 1312 1300
1312 1313 1310
1311 1314 1303
1315 1314 1311
1303 1316 1302
1314 1316 1303
1312 1298 1317
1298 1295 1317
1313 1312 1318
1312 1317 1318
1313 1318 1319
1320 1317 1295
1297 1320 1295
1321 1318 1317
1320 1321 1317
1322 1319 1318
1321 1322 1318
1322 1323 1319
1324 1323 1322
1297 1325 1320
1297 1326 1325
1327 1321 1320
1322 1321 1327
1327 1320 1325
1324 1322 1328
1322 1327 1328
1329 1324 1328
1329 1328 1330
1327 1330 1328
1331 1329 1330
1327 1332 1330
1331 1330 1332
1325 1332 1327
1333 1331 1332
1334 1325 1326
1334 1326 1333
1325 1334 1332
1333 1332 1334
1316 1335 1302
1305 1302 1335
1316 1336 1335
1337 1336 1316
1314 1337 1316
1338 1337 1314
1315 1338 1314
1339 1338 1315
1339 1315 1340
1339 1340 1341
1338 1342 1337
1339 1342 1338
1337 1343 1336
1342 1343 1337
1344 1335 1336
1344 1336 1343
1344 1345 1335
1305 1335 1345
1344 1343 1346
1305 1345 1347
1348 1346 1343
1342 1348 1343
1348 1349 1346
1348 1350 1349
1347 1351 1305
1304 1305 1351
1347 1352 1351
1351 1183 1304
1352 1353 1351
1351 1353 1183
1352 1354 1353
1355 1353 1354
1356 1183 1353
1355 1356 1353
1357 1356 1355
1356 1189 1183
1357 1358 1356
1358 1189 1356
1358 1357 1359
1358 1360 1189
1184 1189 1360
1358 1359 1361
1360 1358 1361
1184 1360 1362
1184 1362 1186
1363 1361 1359
1363 1359 1364
1360 1361 1365
1362 1360 1365
1363 1365 1361
1186 1362 1366
1362 1365 1366
1186 1366 1367
1366 1368 1367
1369 1363 1364
1369 1364 1370
1363 1371 1365
1371 1366 1365
1371 1363 1369
1370 1372 1369
1371 1369 1372
1370 1373 1372
1371 1374 1366
1366 1374 1368
1372 1374 1371
1375 1372 1373
1372 1375 1374
1375 1368 1374
1375 1373 1376
1375 1376 1368
1339 1377 1342
1348 1342 1377
1377 1339 1378
1339 1341 1378
1348 1377 1379
1348 1379 1350
1379 1377 1380
1377 1378 1380
1381 1380 1378
1382 1378 1341
1381 1378 1382
1382 1341 1383
1350 1379 1384
1379 1380 1384
1384 1380 1381
1350 1384 1385
1384 1386 1385
1383 1387 1382
1381 1382 1387
1383 1388 1387
1384 1389 1386
1384 1381 1389
1390 1386 1389
1391 1387 1388
1381 1387 1391
1391 1388 1392
1390 1389 1393
1381 1393 1389
1381 1391 1393
1392 1390 1393
1392 1393 1391
1394 1395 1396
1397 1396 1395
1398 1395 1394
1398 1394 1399
1397 1395 1400
1398 1400 1395
1401 1397 1400
1402 1398 1399
1402 1399 1403
1401 1400 1404
1405 1401 1404
1398 1406 1400
1406 1398 1402
1404 1400 1406
1406 1402 1407
1408 1402 1403
1408 1403 1409
1408 1409 1410
1405 1404 1411
1411 1412 1405
1413 1407 1402
1413 1402 1408
1414 1412 1411
1415 1412 1414
1415 1414 1416
1417 1416 1414
1411 1417 1414
1417 1418 1416
1417 1419 1418
1420 1411 1404
1411 1420 1417
1417 1421 1419
1420 1421 1417
1421 1422 1419
1420 1404 1423
1404 1406 1423
1420 1424 1421
1423 1424 1420
1423 1425 1424
1423 1406 1426
1425 1423 1426
1426 1406 1407
1421 1427 1422
1428 1421 1424
1428 1427 1421
1422 1427 1429
1428 1429 1427
1422 1429 1430
1431 1424 1425
1424 1431 1428
1432 1428 1431
1428 1433 1429
1432 1433 1428
1434 1430 1429
1434 1435 1430
1434 1436 1435
1437 1429 1433
1437 1434 1429
1437 1433 1432
1434 1438 1436
1437 1438 1434
1436 1438 1439
1436 1439 1440
1439 1441 1440
1437 1442 1438
1438 1443 1439
1438 1442 1443
1439 1444 1441
1443 1444 1439
1445 1442 1437
1437 1432 1445
1445 1446 1442
1446 1443 1442
1441 1444 1447
1441 1447 1448
1448 1447 1449
1448 1449 1450
1451 1447 1444
1449 1447 1451
1450 1449 1452
1449 1451 1452
1450 1452 1453
1452 1454 1453
1443 1455 1444
1451 1444 1455
1452 1451 1456
1455 1456 1451
1452 1457 1454
1452 1456 1457
1454 1457 1456
1454 1456 1458
1458 1456 1459
1455 1459 1456
1458 1459 1460
1461 1460 1459
1462 1455 1443
1462 1459 1455
1461 1459 1462
1446 1462 1443
1461 1462 1446
1461 1446 1463
1464 1463 1446
1464 1446 1445
1432 1464 1445
1432 1465 1464
1465 1432 1466
1465 1466 1467
1431 1466 1432
1467 1466 1468
1431 1468 1466
1467 1468 1469
1470 1468 1431
1470 1431 1425
1471 1469 1468
1471 1472 1469
1473 1472 1471
1470 1474 1468
1474 1471 1468
1475 1474 1470
1475 1476 1474
1474 1476 1471
1473 1471 1477
1477 1471 1476
1478 1473 1477
1478 1479 1473
1480 1479 1478
1477 1476 1481
1481 1478 1477
1470 1425 1482
1475 1470 1482
1475 1483 1476
1481 1476 1483
1480 1478 1484
1481 1485 1478
1484 1478 1485
1480 1484 1486
1480 1486 1487
1488 1487 1486
1488 1489 1487
1484 1490 1486
1490 1488 1486
1491 1489 1488
1490 1491 1488
1491 1492 1489
1484 1485 1493
1484 1493 1490
1481 1494 1485
1493 1485 1494
1481 1483 1495
1481 1495 1494
1496 1492 1491
1496 1497 1492
1498 1496 1491
1498 1497 1496
1498 1491 1490
1498 1499 1497
1490 1493 1500
1490 1500 1498
1500 1499 1498
1493 1494 1500
1500 1501 1499
1500 1502 1501
1500 1494 1502
1503 1502 1494
1503 1494 1495
1495 1504 1503
1495 1483 1504
1475 1504 1483
1475 1505 1504
1475 1506 1505
1475 1507 1506
1506 1507 1508
1482 1507 1475
1508 1507 1482
1506 1508 1509
1510 1509 1508
1508 1482 1511
1482 1425 1511
1510 1508 1512
1513 1510 1512
1511 1425 1514
1425 1426 1514
1515 1512 1508
1508 1511 1515
1511 1516 1515
1515 1517 1512
1516 1517 1515
1513 1512 1518
1518 1512 1517
1519 1513 1518
1519 1520 1513
1521 1520 1519
1518 1517 1522
1522 1519 1518
1511 1514 1523
1511 1523 1516
1516 1524 1517
1522 1517 1524
1426 1525 1514
1526 1523 1514
1526 1514 1525
1527 1523 1526
1426 1528 1525
1426 1407 1528
1528 1529 1525
1529 1526 1525
1516 1523 1530
1530 1523 1527
1516 1530 1531
1531 1530 1527
1516 1531 1532
1532 1524 1516
1531 1527 1533
1532 1534 1524
1535 1533 1527
1536 1524 1534
1522 1524 1536
1536 1534 1537
1535 1527 1538
1539 1535 1538
1536 1540 1522
1522 1540 1519
1537 1541 1536
1536 1541 1540
1537 1542 1541
1543 1519 1540
1521 1519 1543
1544 1541 1542
1544 1542 1545
1546 1544 1545
1547 1540 1541
1543 1540 1547
1547 1541 1544
1521 1543 1548
1521 1548 1549
1550 1543 1547
1544 1550 1547
1550 1548 1543
1546 1551 1544
1544 1551 1550
1552 1551 1546
1552 1553 1551
1550 1551 1553
1554 1553 1552
1550 1553 1555
1554 1555 1553
1548 1550 1555
1556 1555 1554
1557 1556 1549
1557 1549 1548
1548 1555 1557
1556 1557 1555
1538 1527 1558
1527 1526 1558
1558 1526 1559
1529 1559 1526
1538 1558 1560
1558 1559 1561
1560 1558 1561
1562 1538 1560
1539 1538 1562
1563 1539 1562
1563 1564 1539
1563 1565 1564
1562 1560 1566
1563 1562 1566
1560 1561 1567
1566 1560 1567
1568 1561 1559
1568 1567 1561
1568 1559 1569
1529 1569 1559
1568 1570 1567
1529 1571 1569
1572 1567 1570
1566 1567 1572
1572 1570 1573
1572 1573 1574
1571 1529 1575
1528 1575 1529
1571 1575 1576
1575 1528 1407
1576 1575 1577
1575 1407 1577
1576 1577 1578
1579 1578 1577
1580 1577 1407
1579 1577 1580
1581 1579 1580
1580 1407 1413
1581 1580 1582
1582 1580 1413
1582 1583 1581
1582 1413 1584
1408 1584 1413
1582 1585 1583
1584 1585 1582
1408 1586 1584
1408 1410 1586
1587 1583 1585
1587 1588 1583
1584 1589 1585
1586 1589 1584
1587 1585 1589
1410 1590 1586
1586 1590 1589
1410 1591 1590
1590 1591 1592
1593 1588 1587
1593 1594 1588
1587 1589 1595
1595 1589 1590
1595 1593 1587
1594 1593 1596
1595 1596 1593
1594 1596 1597
1595 1590 1598
1590 1592 1598
1596 1595 1598
1599 1597 1596
1596 1598 1599
1599 1598 1592
1599 1600 1597
1599 1592 1600
1563 1566 1601
1572 1601 1566
1601 1602 1563
1563 1602 1565
1572 1603 1601
1572 1574 1603
1603 1604 1601
1601 1604 1602
1605 1602 1604
1606 1565 1602
1605 1606 1602
1606 1607 1565
1574 1608 1603
1603 1608 1604
1608 1605 1604
1574 1609 1608
1608 1609 1610
1607 1606 1611
1605 1611 1606
1607 1611 1612
1608 1610 1613
1608 1613 1605
1614 1613 1610
1615 1612 1611
1605 1615 1611
1615 1616 1612
1614 1617 1613
1605 1613 1617
1605 1617 1615
1616 1615 1617
1616 1617 1614
