byte offset: 0
first index: 0
index count: 10083
topology: trianglelist
format: DXGI_FORMAT_R16_UINT

0 1 2
3 4 1
5 1 6
5 6 7
8 7 6
1 9 6
8 6 9
9 1 10
9 10 11
8 12 7
12 13 7
12 14 13
8 9 15
16 9 11
16 15 9
17 12 8
12 18 14
12 17 18
19 18 17
19 17 20
18 21 14
14 21 22
18 23 21
23 18 24
8 15 25
17 8 26
8 25 26
17 26 27
25 27 26
28 17 27
28 27 29
15 30 25
15 16 30
25 31 27
32 27 31
32 31 33
25 34 31
25 30 34
35 31 34
35 36 31
30 16 37
37 16 38
38 16 11
11 39 38
30 40 34
41 34 40
41 42 34
30 43 40
30 37 43
44 40 43
45 40 44
45 44 46
44 43 47
48 47 43
48 43 37
48 37 49
49 37 38
38 50 49
38 51 50
50 52 53
54 55 56
54 57 58
54 58 59
60 54 59
60 61 54
60 62 61
63 59 58
63 58 64
64 65 63
64 66 65
66 67 65
66 68 67
68 69 67
68 70 69
71 69 70
71 72 69
67 69 73
69 74 73
65 67 75
67 73 75
76 63 65
65 75 76
77 59 63
76 77 63
77 78 59
60 59 78
79 60 78
79 80 60
79 81 80
82 75 73
83 82 73
83 73 84
76 75 85
82 85 75
86 77 76
76 85 86
78 77 87
79 78 88
78 87 88
77 89 87
86 89 77
89 90 87
88 87 90
91 89 86
89 91 90
86 85 92
86 92 91
93 85 82
93 92 85
94 93 82
94 82 95
96 79 88
88 90 97
96 88 97
90 98 97
96 97 98
99 90 91
90 99 98
100 91 92
99 91 100
93 101 92
100 92 101
79 96 102
79 102 81
96 98 103
102 96 103
81 102 104
81 104 105
106 98 99
103 98 106
107 99 100
106 99 107
93 108 101
108 93 109
108 109 110
111 100 101
107 100 111
112 101 108
111 101 112
107 111 113
113 111 112
112 108 114
114 108 115
114 115 116
114 117 112
113 112 117
114 118 117
119 118 114
119 120 118
118 121 117
118 122 121
118 123 122
124 117 121
124 113 117
124 125 113
124 126 125
107 113 125
127 125 126
107 125 128
128 125 127
107 128 106
129 128 127
106 128 129
129 127 130
106 129 131
103 106 131
131 129 132
131 132 133
103 131 133
103 133 134
102 103 134
134 135 102
134 136 135
133 137 134
133 138 137
129 139 140
141 142 11
143 144 7
145 146 147
148 146 149
148 150 146
146 150 151
152 146 151
153 146 152
150 154 151
155 154 150
156 154 155
156 155 157
158 151 154
158 154 156
156 159 158
156 160 159
152 151 161
158 161 151
162 152 161
163 152 162
163 162 164
158 165 161
166 165 158
166 167 165
162 161 168
165 168 161
164 162 169
169 162 168
165 170 168
171 170 165
171 172 170
173 168 170
169 168 173
173 170 174
175 174 170
175 176 174
164 169 177
178 164 177
173 179 169
177 169 179
180 173 174
173 180 179
180 174 181
181 174 182
181 182 183
177 179 184
185 177 184
185 186 177
180 187 179
179 188 184
179 187 188
189 184 188
189 190 184
191 180 181
180 191 187
187 192 188
187 193 192
191 193 187
188 192 194
188 194 195
191 196 193
197 196 191
191 181 198
197 191 198
199 198 181
199 181 200
197 198 201
197 201 202
194 203 204
205 206 164
14 207 208
209 210 81
23 211 212
213 214 215
216 217 213
216 213 218
219 216 218
219 218 220
218 221 220
222 218 213
218 223 221
222 223 218
213 224 222
224 225 222
224 213 226
224 226 227
225 224 228
225 228 229
222 230 223
230 222 225
221 223 231
231 223 230
220 221 232
233 220 232
233 232 234
230 225 235
231 230 236
230 235 236
221 231 237
238 231 236
238 237 231
221 237 239
240 232 221
240 221 239
238 241 237
239 237 241
238 236 242
236 235 243
243 242 236
244 241 238
244 238 242
245 235 225
235 246 243
235 245 246
243 247 242
246 247 243
244 242 248
248 242 247
245 225 249
225 250 249
248 251 244
248 252 251
248 247 253
253 254 248
253 255 254
246 256 247
253 247 256
245 257 246
256 246 257
245 258 257
245 259 258
249 259 245
249 260 259
261 260 249
261 262 260
256 257 263
253 256 264
264 256 263
264 265 253
264 266 265
264 263 267
267 268 264
267 269 268
270 271 272
273 272 274
273 274 275
276 274 272
272 277 276
272 278 277
276 279 274
276 277 280
279 276 281
276 280 281
282 280 277
282 277 283
284 283 277
284 277 285
286 280 282
287 280 286
281 280 287
287 286 288
287 288 289
287 289 290
290 289 291
281 287 292
290 292 287
279 281 293
293 281 292
290 291 294
295 294 291
295 291 296
290 297 292
294 297 290
293 292 298
298 292 297
299 279 293
299 293 298
294 300 297
300 294 301
300 301 302
300 303 297
298 297 303
299 304 279
304 299 305
304 274 279
299 298 306
305 299 306
298 307 306
298 303 307
300 308 303
308 300 309
308 309 310
311 303 308
311 307 303
311 308 312
311 312 313
305 306 314
307 314 306
315 307 311
311 316 315
311 317 316
315 318 307
307 318 314
318 315 319
319 315 320
319 320 321
318 319 322
314 318 322
314 322 323
323 305 314
323 324 305
325 305 324
325 326 305
304 305 326
325 327 326
328 327 325
328 329 327
329 330 327
331 304 326
331 326 327
332 331 327
332 333 331
304 331 274
274 331 334
274 334 335
220 336 337
338 339 340
341 339 342
343 339 344
345 339 346
347 339 348
349 339 350
351 339 352
353 339 354
355 339 356
357 339 358
359 339 360
361 339 362
363 339 364
365 339 363
366 367 368
369 370 371
372 373 371
372 371 374
375 371 376
375 377 371
378 371 377
378 377 379
377 380 381
377 381 382
383 377 382
383 382 384
385 386 387
385 388 389
385 390 388
391 390 385
391 392 390
393 385 394
393 394 395
396 397 398
398 399 400
398 400 401
402 398 401
402 401 403
404 398 405
404 405 406
407 408 401
407 401 409
409 401 410
409 410 411
409 412 413
414 409 413
414 413 415
416 417 413
416 413 418
413 419 418
413 420 419
418 421 422
423 424 418
423 418 425
426 427 428
429 430 431
432 433 430
432 430 434
430 435 436
430 437 435
438 437 430
438 439 437
437 440 441
437 442 440
443 442 437
443 444 442
445 446 447
445 448 449
445 449 450
451 445 450
451 450 452
453 454 445
453 455 454
456 457 458
457 459 460
457 461 459
462 461 457
462 463 461
464 465 457
464 466 465
467 461 468
467 469 461
469 470 461
469 471 470
469 472 473
474 472 469
474 475 472
476 472 477
476 478 472
472 478 479
472 479 480
478 481 482
483 484 478
483 478 485
486 487 488
489 490 491
492 493 494
495 496 497
498 499 500
501 502 503
504 505 506
507 508 509
510 511 512
513 514 515
516 517 518
519 520 521
522 523 524
525 526 527
528 529 530
531 532 533
534 535 536
537 538 539
540 541 542
543 540 544
543 545 540
546 540 545
547 546 545
547 545 548
549 548 545
549 545 550
551 547 548
551 548 552
546 547 553
551 553 547
546 554 540
546 553 555
554 546 555
551 556 553
555 553 557
556 557 553
540 554 558
540 558 559
560 540 559
560 559 561
556 551 562
551 563 562
551 564 563
554 555 565
555 566 565
555 557 567
555 567 566
558 554 568
568 554 565
568 565 569
569 565 570
570 565 566
569 570 571
570 566 572
566 573 572
568 574 558
575 574 568
558 574 576
575 576 574
558 576 559
575 577 576
559 576 578
577 578 576
577 579 578
580 578 579
559 578 561
580 581 578
561 578 581
582 581 580
582 583 581
584 581 583
561 581 584
584 583 585
586 561 584
586 587 561
585 588 584
585 589 588
590 591 548
592 593 594
592 595 596
592 596 597
597 598 592
598 599 592
598 600 599
601 597 596
597 602 598
601 603 597
603 602 597
604 601 596
604 596 605
605 596 606
605 606 607
604 608 601
608 603 601
604 609 608
608 610 603
610 602 603
610 611 602
611 612 602
613 598 602
613 602 612
614 598 613
614 600 598
615 613 612
615 612 616
617 615 616
617 618 615
618 619 615
618 620 619
615 621 613
615 619 621
622 619 620
622 620 623
613 624 614
613 621 624
619 625 621
619 622 625
623 626 622
623 627 626
621 628 624
621 625 628
622 629 625
622 626 629
630 626 627
630 627 631
625 632 628
625 629 632
626 633 629
626 630 633
634 630 631
634 631 635
636 634 635
629 637 632
629 633 637
630 638 633
630 634 638
636 639 634
636 640 639
640 641 639
640 642 641
633 643 637
643 633 638
634 644 638
639 644 634
643 638 645
645 638 644
646 643 645
637 643 646
637 646 647
645 644 648
648 646 645
644 639 649
648 644 649
650 649 639
650 639 651
648 652 646
647 646 652
648 649 653
652 648 653
654 653 649
654 649 655
652 653 656
647 652 656
657 656 653
657 653 658
647 656 659
660 659 656
660 656 661
647 659 662
663 647 662
663 664 647
637 647 664
632 637 664
632 664 665
628 632 665
664 663 666
664 666 665
628 665 667
667 624 628
668 665 666
668 667 665
667 669 624
614 624 669
670 669 667
670 667 668
614 669 671
670 671 669
671 600 614
663 672 666
673 668 666
673 666 672
674 670 668
674 668 673
663 675 672
662 675 663
676 673 672
677 674 673
677 673 676
678 672 675
676 672 678
679 670 674
670 680 671
679 680 670
681 674 677
681 679 674
676 682 677
676 683 682
683 676 678
684 677 682
684 681 677
685 681 684
685 686 681
687 681 686
687 679 681
683 678 688
689 688 678
689 690 688
678 675 689
691 690 689
691 689 675
691 692 690
691 693 692
691 694 693
693 694 695
696 695 694
696 694 697
691 675 698
694 691 698
662 698 675
662 699 698
694 698 699
662 659 699
700 694 699
700 701 694
702 699 659
702 659 703
704 705 706
704 707 708
704 709 710
704 711 709
711 704 712
713 712 704
713 714 712
680 712 714
680 679 712
714 671 680
715 712 679
711 712 715
715 679 687
716 715 687
717 715 716
714 718 671
671 718 600
714 719 718
714 720 719
600 718 721
600 721 722
715 723 711
717 723 715
711 723 724
717 724 723
717 725 724
711 724 709
725 726 724
709 724 726
725 727 726
709 726 728
728 729 709
728 730 729
731 732 733
734 735 732
734 732 736
736 732 737
738 737 732
738 732 739
734 736 740
736 737 741
738 742 737
737 743 741
737 742 743
741 743 744
741 744 745
736 741 746
746 741 747
746 747 748
749 736 746
749 740 736
742 750 743
751 743 750
751 750 752
742 753 750
754 753 742
755 754 742
738 755 742
755 756 754
738 757 755
738 758 757
755 759 756
757 759 755
756 759 760
756 760 761
757 762 759
763 762 757
763 764 762
765 761 760
765 766 761
767 766 765
767 768 766
767 769 768
759 770 760
759 762 770
770 765 760
771 767 765
770 771 765
762 772 770
762 773 772
774 771 770
774 770 772
775 774 772
771 776 767
774 776 771
767 777 769
767 776 778
767 778 777
774 779 776
779 778 776
780 769 777
780 781 769
777 782 780
779 774 783
783 774 784
783 784 785
786 777 778
782 777 786
779 787 778
786 778 788
788 778 787
788 789 786
782 786 790
790 786 789
791 782 790
792 782 791
793 792 791
793 791 790
793 794 792
793 790 795
790 789 795
796 794 793
796 793 795
796 797 794
796 798 797
795 789 799
795 799 800
796 795 800
796 801 798
800 801 796
802 798 801
802 801 803
800 804 801
803 801 804
805 804 800
805 806 804
803 804 807
807 804 808
807 808 809
810 789 811
789 812 813
789 814 812
788 814 789
788 815 814
814 815 816
814 816 817
788 818 815
788 787 818
818 819 815
819 820 815
818 821 819
787 821 818
787 822 821
779 822 787
562 821 822
562 823 821
562 824 823
779 825 822
779 783 825
562 822 826
825 826 822
556 562 826
783 827 825
827 783 785
826 828 556
556 828 557
825 829 826
829 825 827
826 829 828
557 828 830
831 828 829
830 828 831
829 827 832
831 829 832
827 785 833
832 827 833
834 833 785
832 833 835
834 835 833
836 831 832
836 832 835
831 836 837
831 837 830
557 830 838
838 567 557
830 837 839
830 839 838
835 840 836
837 836 840
834 785 841
841 785 842
841 842 843
838 844 567
845 844 838
566 567 844
566 844 846
846 844 845
566 846 573
847 573 846
847 846 848
846 845 848
848 849 847
848 850 849
845 850 848
845 838 851
852 851 838
853 845 851
853 854 845
845 854 850
849 850 855
849 855 856
850 854 857
850 857 855
858 857 854
858 854 859
855 860 856
856 860 861
860 862 861
855 857 863
855 863 860
863 857 864
860 865 862
862 865 866
862 866 867
863 868 860
865 860 868
863 869 868
863 870 869
865 868 871
871 872 865
871 873 872
871 868 874
868 869 874
871 874 875
875 876 871
875 877 876
878 874 869
878 869 879
880 875 874
878 881 874
880 874 881
875 880 882
882 883 875
882 884 883
885 880 881
882 880 886
885 886 880
882 886 887
887 888 882
887 889 888
887 886 890
885 890 886
891 881 878
891 885 881
887 890 892
892 893 887
892 894 893
885 895 890
885 891 896
885 896 895
895 897 890
892 890 897
896 898 895
895 898 897
899 891 878
900 899 878
892 897 901
892 901 902
892 902 903
897 904 901
901 904 905
901 905 906
749 897 898
897 749 904
749 746 904
904 746 907
904 907 908
749 898 740
909 740 898
909 734 740
896 909 898
834 909 896
834 734 909
834 896 910
891 910 896
834 910 835
835 910 840
891 840 910
899 840 891
837 840 899
911 837 899
911 899 912
834 841 734
734 841 913
914 915 899
734 916 917
918 841 919
920 921 869
922 923 851
924 925 851
924 851 926
927 928 929
930 931 929
930 929 932
932 929 933
929 934 933
929 935 934
934 936 933
934 937 936
932 933 938
939 932 938
938 933 940
938 940 941
942 932 939
942 939 943
938 944 939
938 945 944
939 946 947
948 949 939
948 950 949
948 939 951
951 939 952
951 952 953
954 948 951
954 955 948
954 956 955
954 951 957
957 951 958
957 958 959
960 954 957
960 961 954
960 962 961
960 957 963
957 964 963
957 965 964
966 960 963
967 960 966
967 968 960
966 963 969
969 963 970
969 970 971
972 966 969
973 972 969
973 969 974
972 975 966
976 966 975
976 977 966
978 975 972
979 978 972
979 972 980
981 975 978
982 975 981
982 983 975
982 981 984
982 984 985
986 981 978
986 984 981
986 978 987
988 984 986
989 988 986
989 986 990
988 991 984
992 984 991
992 991 993
994 991 988
994 988 995
994 995 996
994 997 991
998 978 999
986 1000 1001
1002 991 1003
1004 1005 1006
1007 1008 1009
1010 1011 1012
1013 1014 1015
1016 878 1017
1018 1019 1020
1021 1019 1022
1021 1023 1019
1024 1023 1025
1026 1023 1027
1026 1028 1023
1029 1028 1030
1031 1028 1032
1031 1033 1028
1034 1033 1035
1034 1036 1033
1037 1036 1038
1037 1039 1036
1040 1039 1041
1040 1042 1039
1043 1044 1042
1044 1045 1046
1046 1047 1048
1046 1048 1049
1050 1049 1051
1050 1052 1049
1053 1054 1052
1053 1052 1055
1056 1057 1058
1059 1057 1060
1061 1057 1062
1061 1063 1057
1064 1063 1065
1064 1066 1063
1067 1066 1068
1069 1066 1070
1069 1071 1066
1072 1019 1071
1072 1071 1073
1074 1057 1075
1074 1075 1076
1077 1075 1078
1079 1075 1080
1079 1080 1081
1082 1083 1084
1084 1085 1086
1085 1087 1086
1088 1085 1084
1084 1089 1088
1084 1090 1089
1087 1085 1091
1088 1092 1085
1093 1092 1088
1088 1094 1093
1088 1095 1094
1093 1096 1092
1092 1096 1097
1092 1097 1098
1085 1092 1098
1098 1097 1099
1085 1098 1100
1091 1085 1100
1098 1099 1101
1100 1098 1101
1102 1101 1099
1102 1099 1103
1102 1103 1104
1100 1101 1105
1105 1101 1102
1102 1104 1106
1106 1104 1107
1100 1105 1108
1091 1100 1108
1105 1102 1109
1106 1109 1102
1108 1105 1109
1106 1107 1110
1110 1107 1111
1106 1112 1109
1110 1112 1106
1108 1109 1113
1112 1113 1109
1091 1108 1114
1091 1114 1115
1091 1115 1087
1116 1114 1108
1116 1108 1113
1116 1115 1114
1110 1111 1117
1111 1118 1117
1111 1119 1118
1120 1118 1119
1120 1119 1121
1120 1121 1122
1122 1121 1123
1118 1120 1124
1124 1120 1122
1122 1123 1125
1125 1123 1126
1124 1122 1127
1127 1122 1125
1125 1126 1128
1128 1126 1129
1127 1125 1130
1130 1125 1128
1128 1129 1131
1131 1129 1132
1131 1132 1133
1134 1131 1133
1135 1131 1134
1136 1128 1131
1136 1131 1135
1130 1128 1136
1137 1136 1135
1137 1135 1138
1137 1138 1139
1140 1130 1136
1140 1136 1137
1141 1127 1130
1141 1130 1140
1139 1142 1137
1139 1143 1142
1144 1140 1137
1144 1137 1142
1145 1142 1143
1145 1143 1146
1145 1146 1147
1148 1127 1141
1148 1124 1127
1149 1141 1140
1149 1140 1144
1150 1144 1142
1150 1142 1145
1145 1147 1151
1151 1147 1152
1153 1145 1151
1153 1150 1145
1151 1152 1154
1154 1153 1151
1154 1152 1155
1156 1144 1150
1156 1149 1144
1157 1141 1149
1148 1141 1157
1157 1158 1148
1159 1150 1153
1159 1156 1150
1154 1160 1153
1160 1159 1153
1154 1155 1161
1161 1160 1154
1162 1149 1156
1157 1149 1162
1162 1156 1163
1163 1156 1159
1164 1157 1162
1157 1164 1158
1163 1164 1162
1158 1165 1148
1124 1148 1165
1118 1124 1165
1118 1165 1166
1118 1166 1117
1165 1167 1166
1167 1117 1166
1158 1167 1165
1110 1117 1167
1110 1167 1168
1110 1168 1112
1167 1169 1168
1169 1112 1168
1169 1167 1158
1169 1170 1112
1112 1170 1113
1169 1158 1171
1170 1169 1171
1158 1172 1171
1158 1164 1172
1170 1173 1113
1116 1113 1173
1174 1170 1171
1174 1171 1172
1170 1175 1173
1170 1174 1175
1116 1173 1176
1175 1176 1173
1174 1177 1175
1175 1177 1176
1174 1178 1177
1179 1174 1172
1174 1179 1178
1180 1179 1172
1180 1172 1164
1178 1179 1180
1181 1180 1164
1178 1180 1181
1163 1181 1164
1182 1181 1163
1178 1181 1182
1183 1177 1178
1183 1176 1177
1116 1176 1184
1116 1184 1115
1182 1163 1185
1163 1159 1185
1185 1159 1186
1160 1186 1159
1183 1178 1187
1178 1182 1187
1185 1188 1182
1185 1186 1188
1182 1189 1187
1183 1187 1189
1182 1188 1189
1183 1190 1176
1184 1176 1190
1191 1186 1160
1161 1191 1160
1188 1186 1192
1191 1192 1186
1193 1189 1188
1188 1192 1193
1193 1192 1194
1183 1189 1195
1190 1183 1195
1193 1196 1189
1195 1189 1196
1197 1192 1191
1197 1194 1192
1196 1193 1198
1193 1194 1198
1199 1191 1161
1191 1200 1197
1191 1199 1200
1161 1201 1199
1161 1155 1201
1155 1202 1201
1201 1202 1203
1199 1201 1204
1201 1203 1204
1199 1204 1200
1204 1203 1205
1204 1205 1206
1200 1204 1206
1200 1206 1207
1207 1197 1200
1207 1208 1197
1208 1194 1197
1208 1209 1194
1210 1194 1209
1194 1210 1211
1194 1211 1198
1211 1212 1198
1211 1213 1212
1196 1198 1212
1213 1214 1212
1213 1215 1214
1216 1196 1212
1216 1212 1214
1195 1196 1216
1215 1217 1214
1215 1218 1217
1219 1195 1216
1190 1195 1219
1220 1216 1214
1220 1214 1217
1219 1216 1220
1220 1221 1219
1219 1222 1190
1219 1221 1222
1184 1190 1222
1218 1223 1217
1218 1224 1223
1225 1220 1217
1220 1225 1221
1225 1217 1223
1226 1184 1222
1115 1184 1226
1227 1223 1224
1227 1224 1228
1229 1225 1223
1221 1225 1229
1229 1223 1227
1228 1230 1227
1228 1231 1230
1232 1230 1231
1227 1233 1229
1221 1229 1233
1227 1230 1233
1221 1234 1222
1226 1222 1234
1115 1226 1235
1087 1115 1235
1087 1235 1236
1087 1236 1237
1235 1226 1238
1226 1234 1238
1235 1238 1239
1238 1234 1240
1238 1240 1241
1242 1238 1241
1221 1243 1234
1221 1233 1243
1234 1243 1244
1245 1234 1244
1243 1233 1246
1243 1246 1244
1233 1247 1246
1233 1230 1247
1244 1246 1248
1247 1248 1246
1244 1248 1249
1230 1250 1247
1250 1248 1247
1232 1250 1230
1232 1251 1250
1232 1252 1251
1248 1250 1253
1248 1253 1254
1244 1255 1256
1248 1257 1258
1259 1260 1261
1260 1262 1263
1260 1264 1265
1266 1260 1267
1268 1260 1269
1270 1260 1271
1260 1272 1273
1260 1274 1275
1276 1260 1277
1260 1278 1279
1280 1281 1282
1281 1283 1284
1284 1283 1285
1286 1281 1284
1281 1286 1287
1281 1287 1288
1285 1289 1284
1286 1284 1290
1291 1286 1290
1286 1291 1292
1286 1292 1293
1291 1290 1294
1290 1295 1294
1290 1296 1295
1284 1296 1290
1296 1297 1295
1284 1298 1296
1289 1298 1284
1296 1299 1297
1298 1299 1296
1300 1297 1299
1300 1301 1297
1300 1302 1301
1298 1303 1299
1303 1300 1299
1300 1304 1302
1304 1305 1302
1298 1306 1303
1289 1306 1298
1303 1307 1300
1304 1300 1307
1306 1307 1303
1304 1308 1305
1308 1309 1305
1304 1307 1310
1308 1304 1310
1306 1311 1307
1310 1307 1311
1289 1312 1306
1289 1313 1312
1289 1285 1313
1314 1306 1312
1314 1311 1306
1314 1312 1313
1308 1315 1309
1309 1315 1316
1309 1316 1317
1318 1317 1316
1318 1319 1317
1318 1320 1319
1320 1321 1319
1316 1322 1318
1322 1320 1318
1320 1323 1321
1323 1324 1321
1322 1325 1320
1325 1323 1320
1323 1326 1324
1326 1327 1324
1325 1328 1323
1328 1326 1323
1326 1329 1327
1329 1330 1327
1329 1331 1330
1332 1331 1329
1333 1332 1329
1334 1329 1326
1334 1333 1329
1328 1334 1326
1335 1333 1334
1335 1336 1333
1335 1337 1336
1338 1334 1328
1338 1335 1334
1339 1328 1325
1339 1338 1328
1337 1335 1340
1337 1340 1341
1342 1335 1338
1342 1340 1335
1343 1341 1340
1343 1344 1341
1343 1345 1344
1346 1339 1325
1346 1325 1322
1347 1338 1339
1347 1342 1338
1348 1340 1342
1348 1343 1340
1343 1349 1345
1349 1350 1345
1351 1349 1343
1351 1343 1348
1349 1352 1350
1352 1349 1351
1352 1353 1350
1354 1348 1342
1354 1342 1347
1355 1347 1339
1346 1355 1339
1355 1346 1356
1357 1351 1348
1357 1348 1354
1352 1351 1358
1358 1351 1357
1352 1359 1353
1359 1352 1358
1360 1354 1347
1355 1360 1347
1360 1361 1354
1361 1357 1354
1362 1360 1355
1355 1356 1362
1361 1360 1362
1356 1346 1363
1322 1363 1346
1316 1363 1322
1316 1364 1363
1316 1315 1364
1363 1364 1365
1365 1364 1315
1356 1363 1365
1308 1365 1315
1308 1366 1365
1308 1310 1366
1365 1366 1367
1367 1366 1310
1367 1356 1365
1367 1310 1368
1310 1311 1368
1367 1369 1356
1368 1369 1367
1356 1369 1370
1356 1370 1362
1368 1311 1371
1314 1371 1311
1372 1369 1368
1372 1370 1369
1368 1371 1373
1368 1373 1372
1314 1374 1371
1373 1371 1374
1372 1373 1375
1373 1374 1375
1372 1375 1376
1377 1370 1372
1372 1376 1377
1378 1370 1377
1378 1362 1370
1376 1378 1377
1379 1362 1378
1376 1379 1378
1361 1362 1379
1380 1361 1379
1376 1380 1379
1381 1376 1375
1381 1375 1374
1314 1382 1374
1314 1313 1382
1380 1383 1361
1361 1383 1357
1383 1384 1357
1358 1357 1384
1381 1385 1376
1376 1385 1380
1383 1380 1386
1383 1386 1384
1380 1385 1387
1381 1387 1385
1380 1387 1386
1381 1374 1388
1382 1388 1374
1389 1358 1384
1359 1358 1389
1386 1390 1384
1389 1384 1390
1391 1386 1387
1386 1391 1390
1391 1392 1390
1381 1393 1387
1388 1393 1381
1391 1387 1394
1393 1394 1387
1395 1389 1390
1395 1390 1392
1394 1396 1391
1391 1396 1392
1397 1359 1389
1389 1395 1398
1389 1398 1397
1359 1397 1399
1359 1399 1353
1353 1399 1400
1399 1401 1400
1397 1402 1399
1399 1402 1401
1397 1398 1402
1402 1403 1401
1402 1404 1403
1398 1404 1402
1398 1405 1404
1405 1398 1395
1405 1395 1406
1406 1395 1392
1406 1392 1407
1408 1407 1392
1409 1408 1392
1409 1392 1396
1409 1396 1410
1409 1410 1411
1394 1410 1396
1411 1410 1412
1411 1412 1413
1414 1410 1394
1414 1412 1410
1393 1414 1394
1413 1412 1415
1413 1415 1416
1417 1414 1393
1388 1417 1393
1418 1412 1414
1418 1415 1412
1417 1418 1414
1418 1417 1419
1417 1388 1420
1417 1420 1419
1382 1420 1388
1416 1415 1421
1416 1421 1422
1423 1415 1418
1418 1419 1423
1423 1421 1415
1424 1420 1382
1313 1424 1382
1425 1422 1421
1425 1426 1422
1427 1421 1423
1419 1427 1423
1427 1425 1421
1426 1425 1428
1426 1428 1429
1430 1429 1428
1425 1427 1431
1419 1431 1427
1425 1431 1428
1419 1420 1432
1424 1432 1420
1313 1433 1424
1285 1433 1313
1285 1434 1433
1285 1435 1434
1433 1436 1424
1424 1436 1432
1433 1437 1436
1436 1438 1432
1436 1439 1438
1440 1439 1436
1419 1432 1441
1419 1441 1431
1432 1442 1441
1443 1442 1432
1441 1444 1431
1441 1442 1444
1431 1444 1445
1431 1445 1428
1442 1446 1444
1445 1444 1446
1442 1447 1446
1428 1445 1448
1448 1445 1446
1430 1428 1448
1430 1448 1449
1430 1449 1450
1446 1451 1448
1446 1452 1451
1442 1453 1454
1446 1455 1456
1457 1458 1459
1459 1460 1461
1459 1462 1463
1464 1465 1459
1466 1467 1459
1468 1469 1459
1459 1470 1471
1459 1472 1473
1474 1475 1459
1459 1476 1477
1478 1479 1480
1481 1482 1483
1484 1482 1485
1484 1485 1486
1487 1488 1489
1490 1491 1492
1493 1494 1495
1496 1494 1497
1498 1494 1499
1500 1494 1501
1502 1494 1500
1503 1494 1502
1504 1494 1503
1505 1494 1504
1506 1494 1505
1507 1494 1506
1508 1494 1507
1509 1494 1508
1510 1494 1509
1511 1494 1510
1512 1494 1511
1513 1494 1512
1514 1515 1516
1514 1516 1517
1517 1518 1514
1517 1519 1518
1520 1518 1519
1521 1519 1517
1521 1517 1522
1523 1521 1522
1523 232 1521
232 1524 1521
1521 1524 1519
240 1524 232
240 1519 1524
1520 1519 1525
240 1525 1519
1526 1520 1525
1527 1525 240
1526 1525 1527
1527 240 239
1528 1526 1527
1528 1529 1526
1527 239 1530
1527 1530 1528
239 241 1530
1531 1529 1528
1531 1532 1529
1532 1531 1533
1532 1533 1534
1535 1531 1528
1535 1528 1530
1536 1531 1535
1536 1535 1537
1538 1530 241
1538 1535 1530
1539 1535 1538
1539 1538 1540
244 1538 241
1541 1538 244
1541 244 1542
216 1543 1544
216 1544 1545
216 1546 1547
216 1547 1548
1549 1550 1551
1549 1551 1552
1553 1549 1552
1551 1554 1552
1551 1555 1554
1553 1552 1556
1557 1553 1556
1552 1558 1556
1552 1554 1558
1557 1556 1559
1559 1556 1558
1560 1557 1559
1555 1561 1554
1555 1562 1561
1560 1559 1563
1564 1560 1563
1554 1565 1558
1554 1561 1565
1562 1566 1561
1562 1567 1566
1566 1567 1568
1566 1568 1569
1561 1566 1570
1570 1566 1569
1561 1570 1565
1570 1569 1571
1572 1570 1571
1565 1570 1572
1572 1571 1573
1558 1565 1574
1565 1572 1574
1575 1572 1573
1574 1572 1575
1575 1573 1576
1558 1574 1577
1559 1558 1577
1563 1559 1577
1578 1575 1576
1578 1576 1579
1574 1575 1580
1577 1574 1580
1580 1575 1578
1581 1578 1579
1581 1579 1582
1577 1580 1583
1563 1577 1583
1580 1578 1584
1583 1580 1584
1584 1578 1585
1584 1585 1586
1583 1584 1587
1563 1583 1587
1587 1584 1588
1587 1588 1589
1563 1587 1590
1564 1563 1590
1591 1564 1590
1591 1590 1592
1592 1590 1587
1592 1587 1593
1594 1595 1596
1594 1596 1597
1598 1599 1600
1598 1600 1601
1600 1602 1601
1600 1603 1602
1601 1602 1604
1603 1605 1602
1602 1606 1604
1602 1605 1606
1604 1606 1607
1606 1605 1608
1606 1609 1607
1606 1608 1610
1606 1610 1609
1608 1611 1610
1610 1612 1609
1610 1611 1612
1613 1614 1615
1613 1615 1616
1616 1615 1617
1618 1619 1620
1618 1620 1621
1618 1621 1622
1623 1624 1625
1623 1626 1624
1627 1624 1626
1627 1626 1628
1628 1629 1627
1628 1630 1629
1631 1626 1623
1628 1626 1631
1631 1623 1632
1633 1631 1632
1628 1631 1634
1634 1631 1633
1635 1633 1632
1635 1632 1636
1635 1636 1637
1628 1638 1630
1639 1628 1634
1639 1638 1628
1630 1638 1640
1641 1630 1640
1642 1638 1639
1642 1640 1638
1643 1639 1634
1639 1643 1642
1641 1640 1644
1645 1641 1644
1634 1633 1646
1643 1634 1646
1647 1646 1633
1647 1643 1646
1648 1640 1642
1648 1644 1640
1645 1644 1649
1650 1645 1649
1644 1648 1651
1644 1651 1649
1652 1648 1642
1651 1648 1652
1642 1643 1653
1652 1642 1653
1650 1649 1654
1655 1650 1654
1656 1649 1651
1656 1654 1649
1651 1652 1657
1656 1651 1657
1656 1657 1658
1655 1654 1659
1656 1659 1654
1657 1652 1660
1660 1652 1653
1643 1661 1653
1643 1647 1661
1662 1661 1647
1653 1661 1663
1660 1653 1663
1664 1660 1663
1657 1660 1665
1665 1658 1657
1660 1664 1665
1661 1666 1663
1661 1662 1666
1664 1663 1666
1656 1667 1659
1658 1667 1656
1647 1668 1662
1647 1633 1668
1668 1633 1635
1669 1668 1635
1669 1662 1668
1635 1637 1669
1670 1669 1637
1662 1669 1670
1670 1637 1671
1662 1672 1666
1662 1670 1673
1662 1673 1672
1670 1671 1674
1673 1670 1674
1666 1672 1675
1675 1664 1666
1676 1674 1671
1676 1671 1677
1676 1677 1678
1679 1676 1678
1679 1680 1676
1680 1674 1676
1681 1680 1679
1673 1674 1682
1682 1672 1673
1680 1682 1674
1672 1682 1683
1680 1683 1682
1684 1675 1672
1675 1684 1664
1672 1683 1684
1681 1685 1680
1680 1685 1683
1681 1686 1685
1686 1683 1685
1681 1687 1686
1687 1688 1686
1683 1686 1688
1687 1689 1688
1684 1683 1690
1683 1688 1690
1664 1684 1691
1691 1684 1690
1692 1688 1689
1692 1689 1693
1694 1690 1688
1691 1690 1694
1694 1688 1692
1664 1691 1695
1695 1665 1664
1696 1691 1694
1692 1696 1694
1697 1692 1693
1697 1693 1698
1696 1699 1691
1699 1695 1691
1696 1692 1700
1697 1700 1692
1700 1699 1696
1695 1701 1665
1665 1701 1658
1698 1702 1697
1698 1703 1702
1697 1704 1700
1704 1697 1702
1705 1700 1704
1700 1705 1699
1699 1706 1695
1706 1701 1695
1699 1707 1706
1707 1701 1706
1699 1705 1707
1708 1658 1701
1707 1708 1701
1658 1708 1709
1707 1709 1708
1703 1710 1702
1703 1711 1710
1712 1710 1711
1712 1711 1713
1714 1712 1713
1707 1705 1715
1707 1715 1709
1658 1709 1716
1658 1716 1667
1709 1717 1716
1717 1667 1716
1714 1718 1712
1719 1718 1714
1715 1720 1709
1717 1709 1720
1717 1721 1667
1721 1659 1667
1721 1722 1659
1722 1655 1659
1723 1655 1722
1717 1724 1721
1721 1724 1722
1725 1722 1724
1723 1722 1726
1725 1726 1722
1727 1723 1726
1717 1728 1724
1717 1720 1728
1728 1725 1724
1727 1726 1729
1729 1726 1725
1730 1727 1729
1730 1731 1727
1729 1725 1732
1732 1730 1729
1732 1725 1733
1733 1730 1732
1728 1734 1725
1733 1725 1734
1735 1728 1720
1735 1734 1728
1736 1731 1730
1736 1737 1731
1736 1738 1737
1736 1739 1738
1730 1740 1736
1730 1733 1740
1736 1740 1741
1736 1741 1742
1733 1734 1743
1743 1734 1735
1744 1740 1733
1744 1733 1743
1740 1744 1745
1740 1745 1746
1743 1747 1744
1744 1747 1748
1744 1748 1749
1743 1750 1747
1743 1735 1750
1751 1747 1750
1751 1752 1747
1751 1753 1752
1735 1754 1750
1751 1750 1754
1755 1754 1735
1755 1735 1720
1755 1720 1715
1715 1756 1755
1757 1754 1755
1757 1755 1756
1715 1758 1756
1715 1705 1758
1705 1759 1758
1705 1704 1759
1704 1702 1759
1758 1759 1760
1702 1760 1759
1758 1760 1756
1702 1710 1760
1761 1756 1760
1710 1761 1760
1761 1757 1756
1712 1761 1710
1757 1761 1762
1712 1762 1761
1754 1757 1763
1757 1762 1763
1764 1754 1763
1762 1764 1763
1751 1754 1764
1712 1765 1762
1762 1765 1764
1712 1718 1765
1751 1764 1766
1766 1764 1765
1751 1766 1767
1751 1767 1768
1766 1765 1769
1769 1765 1718
1770 1766 1769
1770 1769 1771
1769 1718 1772
1772 1773 1769
1772 1774 1773
1772 1718 1719
1772 1719 1775
1772 1775 1776
1777 1778 1779
1777 1779 1780
1781 1782 1783
1781 1783 1784
1785 1786 1787
1785 1787 1788
1789 1790 1791
1789 1791 1792
1793 1794 1795
1793 1795 1796
1797 1798 1799
1797 1799 1800
1801 1802 1803
1801 1803 1804
1805 1806 1807
1805 1807 1808
1809 1810 1811
1809 1811 1812
1813 1814 1815
1813 1815 1816
1817 1818 1819
1817 1819 1820
1821 1822 1823
1821 1823 1824
1825 1826 1827
1828 1827 1826
1828 1826 1829
1830 1828 1829
1830 1829 1831
1832 1830 1831
1832 1833 1830
1834 1833 1832
1834 1832 1835
1836 1834 1835
1836 1835 1837
1838 1836 1837
1838 1839 1836
1838 1840 1839
1838 1841 1840
1842 1840 1841
1842 1841 1843
1844 1842 1843
1844 1843 1845
1844 1845 1846
1847 1848 1849
1850 1848 1847
1850 1851 1848
1852 1851 1850
1852 1853 1851
1852 1854 1853
1852 1855 1854
1855 1856 1854
1855 1857 1856
1857 1858 1856
1858 1859 1856
1858 1860 1859
1861 1859 1860
1861 1862 1859
1862 1861 1863
1862 1863 1864
1864 1863 1865
1864 1865 1866
1866 1865 1867
1866 1867 1868
1868 1867 1869
1870 1871 1872
1870 1872 1873
1873 1874 1870
1873 1872 1875
1873 1876 1874
1877 1874 1876
1873 1875 1878
1878 1876 1873
1878 1875 1879
1878 1879 1880
1880 1879 1881
1878 1882 1876
1880 1882 1878
1877 1876 1883
1883 1876 1882
1877 1883 1884
1877 1884 1885
1886 1884 1883
1883 1882 1886
1886 1887 1884
1886 1888 1887
1880 1889 1882
1886 1882 1889
1886 1890 1888
1886 1889 1890
1890 1891 1888
1880 1881 1892
1892 1889 1880
1890 1889 1893
1892 1893 1889
1890 1894 1891
1890 1893 1894
1895 1891 1894
1895 1894 1893
1895 1896 1891
1897 1892 1881
1897 1881 1898
1892 1899 1893
1895 1893 1899
1892 1897 1899
1900 1896 1895
1900 1895 1899
1900 1901 1896
1902 1897 1898
1902 1898 1903
1902 1903 1904
1897 1905 1899
1900 1899 1905
1897 1902 1905
1906 1901 1900
1905 1906 1900
1906 1907 1901
1902 1908 1905
1905 1908 1906
1909 1907 1906
1908 1909 1906
1909 1910 1907
1908 1911 1909
1902 1912 1908
1911 1908 1912
1902 1904 1912
1911 1912 1913
1913 1912 1904
1913 1904 1914
1915 1916 1917
1915 1918 1916
1919 1918 1915
1916 1918 1920
1916 1920 1921
1919 1922 1918
1923 1922 1919
1918 1922 1924
1918 1924 1920
1923 1925 1922
1925 1924 1922
1926 1925 1923
1921 1920 1927
1921 1927 1928
1926 1929 1925
1930 1929 1926
1920 1924 1931
1920 1931 1927
1928 1927 1932
1928 1932 1933
1932 1934 1933
1932 1935 1934
1927 1936 1932
1936 1935 1932
1927 1931 1936
1936 1937 1935
1938 1937 1936
1931 1938 1936
1938 1939 1937
1924 1940 1931
1931 1940 1938
1941 1939 1938
1940 1941 1938
1941 1942 1939
1924 1943 1940
1925 1943 1924
1929 1943 1925
1944 1942 1941
1944 1945 1942
1940 1946 1941
1943 1946 1940
1946 1944 1941
1947 1945 1944
1947 1948 1945
1943 1949 1946
1929 1949 1943
1946 1950 1944
1949 1950 1946
1950 1951 1944
1950 1952 1951
1949 1953 1950
1929 1953 1949
1953 1954 1950
1953 1955 1954
1929 1956 1953
1930 1956 1929
1957 1956 1930
1957 1958 1956
1958 1953 1956
1958 1959 1953
1960 1961 1962
1960 1962 1963
1964 1965 1966
1964 1967 1965
1965 1967 1968
1965 1968 1969
1967 1970 1968
1969 1968 1971
1968 1970 1972
1968 1972 1971
1970 1973 1972
1972 1974 1971
1972 1973 1975
1972 1976 1974
1972 1975 1976
1974 1976 1977
1976 1975 1978
1976 1978 1977
1979 1980 1981
1979 1982 1980
1982 1983 1980
1984 1985 1986
1984 1987 1985
1984 1988 1987
1989 1990 1991
1989 1992 1990
1993 1992 1989
1993 1994 1992
1994 1993 1995
1996 1994 1995
1997 1990 1992
1994 1997 1992
1997 1998 1990
1999 1998 1997
1994 2000 1997
2000 1999 1997
2001 1998 1999
2001 2002 1998
2001 2003 2002
1996 2004 1994
2005 2000 1994
2005 1994 2004
1996 2006 2004
2007 2006 1996
2008 2005 2004
2008 2004 2006
2009 2000 2005
2005 2008 2009
2007 2010 2006
2011 2010 2007
2000 2012 1999
2009 2012 2000
2013 1999 2012
2013 2012 2009
2014 2008 2006
2014 2006 2010
2011 2015 2010
2016 2015 2011
2010 2017 2014
2010 2015 2017
2008 2014 2018
2017 2018 2014
2008 2019 2009
2008 2018 2019
2016 2020 2015
2020 2016 2021
2022 2017 2015
2022 2015 2020
2017 2023 2018
2022 2023 2017
2022 2024 2023
2020 2021 2025
2022 2020 2025
2023 2026 2018
2026 2019 2018
2009 2019 2027
2009 2027 2013
2028 2013 2027
2019 2029 2027
2026 2029 2019
2030 2029 2026
2023 2031 2026
2024 2031 2023
2026 2031 2030
2027 2029 2032
2027 2032 2028
2030 2032 2029
2022 2025 2033
2024 2022 2033
2013 2028 2034
2013 2034 1999
2034 2001 1999
2035 2001 2034
2035 2034 2028
2001 2035 2003
2036 2003 2035
2028 2036 2035
2036 2037 2003
2028 2032 2038
2028 2039 2036
2028 2038 2039
2036 2040 2037
2039 2040 2036
2032 2041 2038
2041 2032 2030
2037 2040 2042
2037 2042 2043
2042 2044 2043
2045 2044 2042
2045 2042 2046
2046 2042 2040
2047 2045 2046
2039 2048 2040
2048 2039 2038
2046 2040 2048
2038 2049 2048
2049 2046 2048
2050 2038 2041
2041 2030 2050
2038 2050 2049
2047 2046 2051
2049 2051 2046
2052 2047 2051
2052 2051 2049
2052 2053 2047
2053 2052 2054
2054 2052 2049
2053 2054 2055
2050 2056 2049
2054 2049 2056
2030 2057 2050
2057 2056 2050
2058 2055 2054
2058 2059 2055
2060 2054 2056
2057 2060 2056
2060 2058 2054
2030 2061 2057
2061 2030 2031
2062 2060 2057
2058 2060 2062
2063 2059 2058
2063 2064 2059
2062 2057 2065
2065 2057 2061
2062 2066 2058
2063 2058 2066
2066 2062 2065
2061 2031 2067
2024 2067 2031
2064 2063 2068
2064 2068 2069
2063 2066 2070
2068 2063 2070
2071 2070 2066
2066 2065 2071
2065 2061 2072
2072 2061 2067
2065 2072 2073
2073 2072 2067
2065 2073 2071
2074 2067 2024
2073 2067 2074
2075 2074 2024
2075 2073 2074
2069 2068 2076
2069 2076 2077
2078 2077 2076
2078 2079 2077
2080 2079 2078
2073 2081 2071
2075 2081 2073
2075 2024 2082
2024 2033 2082
2075 2082 2083
2083 2082 2033
2080 2078 2084
2085 2080 2084
2081 2075 2086
2083 2086 2075
2083 2033 2087
2087 2033 2025
2087 2025 2088
2088 2025 2021
2089 2088 2021
2083 2087 2090
2087 2088 2090
2091 2090 2088
2089 2092 2088
2091 2088 2092
2093 2092 2089
2083 2090 2094
2083 2094 2086
2094 2090 2091
2093 2095 2092
2091 2092 2095
2096 2095 2093
2096 2093 2097
2091 2095 2098
2098 2095 2096
2098 2099 2091
2099 2098 2096
2094 2091 2100
2100 2091 2099
2101 2086 2094
2101 2094 2100
2102 2096 2097
2102 2097 2103
2102 2103 2104
2102 2104 2105
2096 2102 2106
2096 2106 2099
2107 2106 2102
2107 2102 2108
2100 2099 2109
2109 2101 2100
2110 2099 2106
2110 2109 2099
2106 2111 2110
2106 2112 2111
2109 2110 2113
2110 2114 2113
2110 2115 2114
2109 2113 2116
2109 2116 2101
2117 2116 2113
2117 2113 2118
2117 2118 2119
2101 2116 2120
2117 2120 2116
2121 2101 2120
2121 2086 2101
2121 2081 2086
2081 2121 2122
2123 2121 2120
2123 2122 2121
2081 2122 2124
2081 2124 2071
2071 2124 2125
2071 2125 2070
2068 2070 2125
2124 2126 2125
2068 2125 2126
2124 2122 2126
2068 2126 2076
2127 2126 2122
2076 2126 2127
2127 2122 2123
2078 2076 2127
2123 2128 2127
2078 2127 2128
2120 2129 2123
2123 2129 2128
2130 2129 2120
2128 2129 2130
2117 2130 2120
2078 2128 2131
2128 2130 2131
2078 2131 2084
2117 2132 2130
2132 2131 2130
2117 2133 2132
2117 2134 2133
2132 2135 2131
2135 2084 2131
2135 2132 2136
2135 2136 2137
2135 2138 2084
2138 2135 2139
2138 2139 2140
2138 2085 2084
2141 2085 2138
2141 2138 2142
2143 2144 2145
2143 2145 2146
2147 2148 2149
2147 2149 2150
2151 2152 2153
2151 2153 2154
2155 2156 2157
2155 2157 2158
2159 2160 2161
2159 2161 2162
2163 2164 2165
2163 2165 2166
2167 2168 2169
2167 2169 2170
2171 2172 2173
2171 2173 2174
2175 2176 2177
2175 2177 2178
2179 2180 2181
2179 2181 2182
2183 2184 2185
2183 2185 2186
2187 2188 2189
2187 2189 2190
2191 2192 2193
2194 2193 2192
2194 2195 2193
2196 2195 2194
2196 2197 2195
2198 2197 2196
2198 2196 2199
2200 2198 2199
2200 2201 2198
2202 2201 2200
2202 2203 2201
2204 2203 2202
2204 2202 2205
2204 2205 2206
2204 2206 2207
2208 2207 2206
2208 2209 2207
2210 2209 2208
2210 2211 2209
2210 2212 2211
2213 2214 2215
2216 2213 2215
2216 2215 2217
2218 2216 2217
2218 2217 2219
2218 2219 2220
2218 2220 2221
2221 2220 2222
2221 2222 2223
2223 2222 2224
2224 2222 2225
2224 2225 2226
2227 2226 2225
2227 2225 2228
2228 2229 2227
2228 2230 2229
2230 2231 2229
2230 2232 2231
2232 2233 2231
2232 2234 2233
2234 2235 2233
2236 2237 2238
2236 2239 2237
2239 2236 2240
2239 2241 2237
2239 2240 2242
2243 2242 2240
2239 2244 2241
2244 2239 2242
2244 2245 2241
2244 2246 2245
2246 2247 2245
2244 2242 2248
2246 2244 2248
2243 2249 2242
2249 2248 2242
2243 2250 2249
2243 2251 2250
2252 2249 2250
2249 2252 2248
2252 2250 2253
2252 2253 2254
2246 2248 2255
2252 2255 2248
2252 2254 2256
2252 2256 2255
2256 2254 2257
2246 2258 2247
2258 2246 2255
2256 2259 2255
2258 2255 2259
2256 2257 2260
2256 2260 2259
2261 2260 2257
2261 2259 2260
2261 2257 2262
2263 2247 2258
2263 2264 2247
2258 2259 2265
2261 2265 2259
2258 2265 2263
2266 2261 2262
2266 2265 2261
2266 2262 2267
2268 2264 2263
2268 2269 2264
2268 2270 2269
2263 2265 2271
2266 2271 2265
2263 2271 2268
2272 2266 2267
2271 2266 2272
2272 2267 2273
2268 2271 2274
2271 2272 2274
2275 2272 2273
2274 2272 2275
2275 2273 2276
2274 2275 2277
2268 2274 2278
2277 2278 2274
2268 2278 2270
2277 2279 2278
2279 2270 2278
2279 2280 2270
2281 2282 2283
2282 2281 2284
2282 2284 2285
2286 2284 2281
2286 2281 2287
2288 2285 2284
2288 2289 2285
2290 2289 2288
2290 2291 2289
2288 2284 2292
2286 2292 2284
2288 2292 2293
2293 2294 2288
2293 2295 2294
2286 2296 2292
2296 2293 2292
2286 2297 2296
2297 2286 2298
2296 2299 2293
2299 2300 2293
2299 2301 2300
2296 2297 2302
2303 2302 2297
2299 2296 2304
2296 2302 2304
2299 2304 2305
2299 2305 2306
2299 2306 2307
2302 2308 2304
2304 2309 2305
2304 2308 2309
2305 2309 2310
2305 2310 2311
2302 2312 2308
2302 2313 2312
2308 2314 2309
2315 2309 2314
2315 2316 2309
2312 2317 2308
2308 2317 2314
2312 2318 2317
2312 2319 2318
2320 2317 2318
2318 2321 2320
2317 2322 2314
2314 2322 2323
2314 2323 2324
2320 2325 2317
2317 2325 2322
2320 2326 2325
2322 2325 2326
2320 2327 2326
2320 2328 2327
2322 2326 2329
2322 2329 2330
2322 2330 2331
2327 2332 2326
2329 2326 2332
2327 2333 2332
2333 2327 2334
2329 2332 2335
2335 2336 2329
2335 2337 2336
2338 2332 2333
2338 2333 2339
2340 2335 2332
2338 2340 2332
2340 2341 2335
2341 2342 2335
2341 2343 2342
2344 2340 2338
2344 2338 2345
2346 2341 2340
2344 2346 2340
2346 2347 2341
2347 2348 2341
2347 2349 2348
2346 2350 2347
2350 2351 2347
2350 2352 2351
2344 2353 2346
2346 2353 2350
2344 2354 2353
2354 2344 2355
2353 2356 2350
2357 2350 2356
2357 2356 2358
2353 2354 2359
2354 2360 2359
2353 2361 2356
2353 2359 2361
2361 2362 2356
2356 2362 2363
2356 2363 2364
2359 2365 2361
2361 2365 2362
2359 2366 2365
2359 2367 2366
2365 2368 2362
2362 2368 2369
2362 2369 2370
2366 2371 2365
2365 2371 2368
2366 2372 2371
2366 2373 2372
2371 2374 2368
2368 2374 2375
2368 2375 2376
2371 2377 2374
2372 2377 2371
2372 2378 2377
2372 2379 2378
772 2380 2381
772 2381 2382
2383 772 2382
2384 2385 2386
2384 2386 2387
2384 2387 2388
2384 2388 2389
2387 2390 2391
2387 2391 2392
2387 2392 2393
2387 2393 2394
2395 2396 2384
2395 2397 2396
2395 2384 2398
2395 2398 2399
2395 2400 2401
2395 2401 2402
2402 2403 2395
2402 2404 2403
2405 2406 2392
2405 2407 2406
2408 2392 2406
2408 2406 2409
2410 2406 2411
2410 2412 2406
2412 2413 2406
2412 2414 2413
2415 2416 2412
2415 2417 2416
2418 2412 2416
2418 2416 2419
2416 2420 2421
2416 2422 2420
2423 2422 2416
2423 2416 2424
2425 2426 2427
2425 2427 2428
2429 2430 2431
2429 2431 2432
2433 2434 2435
2433 2435 2436
2437 2438 2439
2437 2439 2440
2441 2442 2443
2441 2443 2444
2445 2446 2447
2445 2447 2448
2449 2450 2451
2449 2451 2452
2453 2454 2455
2453 2455 2456
2457 2458 2459
2457 2459 2460
2461 2462 2463
2461 2464 2462
2464 2465 2462
2464 2466 2465
2464 2467 2466
2464 2468 2467
2464 2469 2468
2464 2470 2469
2462 2471 2472
2462 2472 2473
2474 2462 2473
2474 2473 2475
2476 2475 2473
2476 2477 2475
2473 2478 2476
2473 2479 2478
2477 2476 2480
2480 2476 2481
2480 2481 2482
2477 2480 2483
2477 2483 2484
2477 2484 2485
2477 2485 2486
2480 2487 2483
2487 2488 2483
2487 2489 2488
2480 2490 2487
2490 2480 2491
2490 2491 2492
2490 2493 2487
2493 2494 2487
2493 2495 2494
2490 2496 2493
2490 2497 2496
2490 2498 2497
2493 2496 2499
2499 2496 2500
2499 2500 2501
2493 2499 2502
2502 2503 2493
2502 2504 2503
2505 2504 2502
2506 2502 2499
2506 2507 2502
2506 2499 2508
2506 2508 2509
2506 2509 2510
2506 2510 2511
2512 2506 2511
2512 2511 2513
2514 2515 2516
2514 2516 2517
2517 2516 2518
2517 2518 2519
2517 2519 2520
2517 2520 2521
2517 2521 2522
2517 2522 2523
2516 2524 2525
2516 2526 2524
2527 2526 2516
2527 2528 2526
2529 2526 2528
2529 2528 2530
2526 2529 2531
2526 2531 2532
2530 2533 2529
2533 2534 2529
2533 2535 2534
2530 2536 2533
2530 2537 2536
2530 2538 2537
2530 2539 2538
2533 2536 2540
2540 2536 2541
2540 2541 2542
2533 2540 2543
2543 2544 2533
2543 2545 2544
2543 2540 2546
2546 2540 2547
2546 2547 2548
2543 2546 2549
2543 2549 2550
2543 2550 2551
2546 2552 2549
2552 2553 2549
2552 2554 2553
2546 2555 2552
2555 2546 2556
2555 2556 2557
2558 2555 2557
2559 2552 2555
2559 2555 2560
2559 2561 2552
2559 2562 2561
2559 2563 2562
2559 2564 2563
2565 2564 2559
2565 2566 2564
2567 2568 2569
2567 2569 2570
2571 2572 2573
2571 2573 2574
2575 2576 2577
2575 2577 2578
2579 2580 2581
2579 2581 2582
2579 2582 2583
2584 2579 2583
2579 2585 2580
2585 2586 2580
2585 2587 2586
2587 2588 2586
2584 2589 2579
2590 2585 2579
2590 2579 2589
2590 2591 2585
2587 2585 2591
2591 2590 2592
2590 2589 2592
2591 2592 2593
2587 2591 2593
2592 2589 2593
2594 2589 2584
2589 2594 2593
2594 2584 2595
2588 2587 2596
2587 2593 2596
2597 2593 2594
2597 2596 2593
2594 2595 2598
2597 2594 2598
2599 2598 2595
2588 2596 2600
2600 2601 2588
2602 2596 2597
2602 2600 2596
2599 2603 2598
2604 2603 2599
2597 2598 2605
2602 2597 2605
2605 2598 2603
2604 2606 2603
2607 2606 2604
2605 2603 2608
2608 2603 2606
2602 2605 2609
2608 2609 2605
2600 2602 2610
2610 2602 2609
2600 2611 2601
2600 2610 2611
2607 2612 2606
2613 2612 2607
2608 2606 2614
2614 2606 2612
2608 2615 2609
2614 2615 2608
2601 2611 2616
2601 2616 2617
2618 2611 2610
2618 2616 2611
2610 2609 2619
2615 2619 2609
2618 2610 2619
2620 2617 2616
2618 2620 2616
2620 2621 2617
2614 2612 2622
2614 2623 2615
2623 2614 2622
2623 2624 2615
2615 2624 2619
2622 2612 2625
2613 2625 2612
2626 2625 2613
2622 2627 2623
2623 2627 2624
2622 2625 2628
2622 2628 2627
2626 2629 2625
2628 2625 2629
2630 2627 2628
2628 2629 2630
2631 2624 2627
2630 2631 2627
2632 2619 2624
2631 2632 2624
2631 2630 2633
2633 2630 2629
2632 2631 2633
2634 2629 2626
2633 2629 2634
2634 2626 2635
2632 2636 2619
2618 2619 2636
2632 2633 2637
2634 2637 2633
2637 2636 2632
2635 2638 2634
2634 2638 2637
2635 2639 2638
2640 2618 2636
2618 2640 2620
2637 2641 2636
2641 2637 2638
2641 2640 2636
2642 2638 2639
2641 2638 2642
2642 2639 2643
2640 2644 2620
2644 2621 2620
2641 2645 2640
2642 2645 2641
2640 2645 2644
2643 2646 2642
2642 2646 2645
2645 2646 2644
2643 2647 2646
2644 2648 2621
2648 2649 2621
2650 2646 2647
2651 2650 2647
2652 2644 2646
2648 2644 2652
2652 2646 2650
2653 2649 2648
2648 2652 2653
2653 2654 2649
2654 2653 2655
2654 2655 2656
2657 2656 2655
2657 2655 2651
2653 2658 2655
2658 2651 2655
2658 2650 2651
2652 2658 2653
2652 2650 2659
2652 2659 2658
2658 2659 2650
2660 2661 2662
2663 2662 2661
2663 2661 2664
2665 2663 2664
2661 2666 2664
2667 2666 2661
2660 2667 2661
2664 2666 2668
2665 2664 2668
2660 2669 2667
2669 2666 2667
2660 2670 2669
2665 2668 2671
2668 2666 2671
2665 2671 2672
2670 2673 2669
2673 2666 2669
2670 2674 2673
2675 2673 2674
2672 2671 2676
2671 2666 2676
2672 2676 2677
2675 2678 2673
2678 2666 2673
2679 2678 2675
2677 2676 2680
2676 2666 2680
2677 2680 2679
2679 2680 2678
2680 2666 2678
2681 2682 2683
2684 2683 2682
2684 2685 2683
2686 2685 2684
2683 2685 2687
2688 2683 2687
2681 2683 2688
2685 2689 2687
2686 2689 2685
2681 2688 2690
2690 2688 2687
2681 2690 2691
2686 2692 2689
2689 2692 2687
2686 2693 2692
2691 2690 2694
2694 2690 2687
2691 2694 2695
2696 2695 2694
2693 2697 2692
2692 2697 2687
2693 2698 2697
2696 2694 2699
2699 2694 2687
2700 2696 2699
2698 2700 2701
2698 2701 2697
2697 2701 2687
2700 2699 2701
2701 2699 2687
2702 2703 2704
2702 2705 2703
2702 2706 2705
2707 2706 2702
2702 2704 2708
2708 2704 2709
2708 2709 2710
2710 2709 2711
2707 2702 2712
2713 2702 2708
2713 2712 2702
2713 2708 2714
2710 2714 2708
2714 2715 2713
2713 2715 2712
2714 2716 2715
2710 2716 2714
2715 2716 2712
2717 2707 2712
2712 2716 2717
2717 2718 2707
2711 2719 2710
2710 2719 2716
2720 2717 2716
2720 2716 2719
2717 2721 2718
2720 2721 2717
2722 2718 2721
2711 2723 2719
2723 2711 2724
2725 2720 2719
2725 2719 2723
2722 2721 2726
2727 2722 2726
2720 2728 2721
2725 2728 2720
2728 2726 2721
2727 2726 2729
2730 2727 2729
2728 2731 2726
2731 2729 2726
2725 2732 2728
2731 2728 2732
2723 2733 2725
2733 2732 2725
2723 2724 2734
2723 2734 2733
2730 2729 2735
2736 2730 2735
2731 2737 2729
2737 2735 2729
2731 2732 2738
2737 2731 2738
2724 2739 2734
2724 2740 2739
2741 2733 2734
2741 2734 2739
2733 2742 2732
2738 2732 2742
2741 2742 2733
2743 2739 2740
2741 2739 2743
2743 2740 2744
2737 2745 2735
2737 2738 2746
2746 2745 2737
2746 2738 2747
2738 2742 2747
2745 2748 2735
2736 2735 2748
2749 2736 2748
2745 2746 2750
2746 2747 2750
2745 2751 2748
2745 2750 2751
2749 2748 2752
2751 2752 2748
2753 2751 2750
2751 2753 2752
2754 2750 2747
2753 2750 2754
2755 2747 2742
2754 2747 2755
2754 2756 2753
2756 2752 2753
2755 2756 2754
2757 2749 2752
2756 2757 2752
2757 2758 2749
2755 2742 2759
2741 2759 2742
2755 2760 2756
2757 2756 2760
2760 2755 2759
2758 2757 2761
2757 2760 2761
2758 2761 2762
2763 2759 2741
2741 2743 2763
2760 2759 2764
2764 2761 2760
2764 2759 2763
2765 2762 2761
2764 2765 2761
2765 2766 2762
2763 2743 2767
2767 2743 2744
2764 2763 2768
2765 2764 2768
2763 2767 2768
2766 2765 2769
2765 2768 2769
2768 2767 2769
2766 2769 2770
2767 2744 2771
2771 2744 2772
2773 2769 2767
2771 2773 2767
2774 2770 2769
2773 2774 2769
2775 2770 2774
2776 2771 2772
2771 2776 2773
2776 2772 2777
2777 2778 2776
2777 2779 2778
2780 2778 2779
2780 2775 2778
2776 2778 2781
2781 2778 2775
2781 2775 2774
2773 2776 2781
2773 2782 2774
2773 2781 2782
2781 2774 2782
2783 2784 2785
2786 2785 2784
2786 2787 2785
2788 2787 2786
2785 2787 2789
2790 2785 2789
2783 2785 2790
2787 2791 2789
2788 2791 2787
2783 2790 2792
2792 2790 2789
2783 2792 2793
2788 2794 2791
2791 2794 2789
2788 2795 2794
2793 2792 2796
2796 2792 2789
2793 2796 2797
2798 2797 2796
2795 2799 2794
2794 2799 2789
2795 2800 2799
2798 2796 2801
2801 2796 2789
2802 2798 2801
2800 2802 2803
2800 2803 2799
2799 2803 2789
2802 2801 2803
2803 2801 2789
2804 2805 2806
2807 2806 2805
2807 2805 2808
2809 2807 2808
2805 2810 2808
2811 2810 2805
2804 2811 2805
2808 2810 2812
2809 2808 2812
2804 2813 2811
2813 2810 2811
2804 2814 2813
2809 2812 2815
2812 2810 2815
2809 2815 2816
2814 2817 2813
2817 2810 2813
2814 2818 2817
2819 2817 2818
2816 2815 2820
2815 2810 2820
2816 2820 2821
2819 2822 2817
2822 2810 2817
2823 2822 2819
2821 2820 2824
2820 2810 2824
2821 2824 2823
2823 2824 2822
2824 2810 2822
