byte offset: 0
first index: 0
index count: 4128
topology: trianglelist
format: DXGI_FORMAT_R16_UINT

0 1 2
3 2 4
3 4 5
3 5 6
3 6 7
8 3 7
9 8 7
8 9 10
10 9 11
10 11 12
13 12 11
14 12 13
15 8 10
12 15 10
14 16 12
16 14 17
18 16 17
12 19 15
16 19 12
8 20 3
21 8 15
20 8 21
3 20 22
3 22 23
20 21 24
22 20 24
23 22 25
23 25 26
27 25 22
25 27 28
22 24 29
27 22 29
28 27 30
28 30 31
27 29 32
27 32 30
29 24 33
29 33 32
24 21 34
24 34 33
31 30 35
31 35 36
30 32 37
30 37 35
32 33 38
32 38 37
21 39 34
21 15 39
40 33 34
40 38 33
15 41 39
15 19 41
34 39 42
34 42 40
43 41 19
16 43 19
39 41 44
39 44 42
45 44 41
42 44 46
45 46 44
40 42 47
42 46 47
48 38 40
40 47 48
49 43 16
18 49 16
43 50 41
45 41 50
51 50 43
49 51 43
52 49 18
52 18 53
54 52 53
48 55 38
37 38 55
56 45 50
51 56 50
57 51 49
57 49 52
54 58 52
59 58 54
60 51 57
60 56 51
61 56 60
62 57 52
62 52 58
60 57 62
59 63 58
62 58 63
63 59 64
60 62 65
61 60 65
62 63 66
64 66 63
65 62 66
64 67 66
68 67 64
65 66 69
69 66 67
68 70 67
70 68 71
72 67 70
69 67 72
73 70 71
72 70 73
71 74 73
75 65 69
61 65 75
76 69 72
75 69 76
77 72 73
76 72 77
78 73 74
77 73 78
79 75 76
79 61 75
80 76 77
79 76 80
78 74 81
81 74 82
83 77 78
80 77 83
84 78 81
83 78 84
81 82 85
86 85 82
86 87 85
84 81 88
88 81 85
84 89 83
89 84 88
90 85 87
88 85 90
91 80 83
83 89 92
91 83 92
93 80 91
93 79 80
89 88 94
95 92 89
95 89 94
96 91 92
95 96 92
88 97 94
90 97 88
98 93 91
98 91 96
95 94 99
99 94 97
100 79 93
101 93 98
101 100 93
100 102 79
79 102 61
103 96 95
104 98 96
104 96 103
99 105 95
103 95 105
106 101 98
106 98 104
107 102 100
108 61 102
107 108 102
109 100 101
109 107 100
110 101 106
110 109 101
108 111 61
61 111 56
56 111 45
108 45 111
108 112 45
107 112 108
45 112 46
107 113 112
109 113 107
113 46 112
109 114 113
110 114 109
113 115 46
114 115 113
47 46 115
47 115 116
48 47 116
114 117 115
116 115 117
110 118 114
118 117 114
48 116 119
119 55 48
116 117 120
120 119 116
121 118 110
121 110 106
118 122 117
120 117 122
121 123 118
123 122 118
121 106 124
124 106 104
125 123 121
125 121 124
124 104 126
124 126 125
123 125 127
123 127 122
125 126 128
126 104 103
126 103 128
128 103 105
120 122 129
129 122 127
128 105 130
125 128 130
130 105 131
99 131 105
129 132 120
119 120 132
129 127 133
125 133 127
133 134 129
129 134 132
130 131 135
125 130 135
131 99 136
99 97 136
135 131 137
131 136 137
119 132 138
119 138 55
139 55 138
37 55 139
139 35 37
140 138 132
139 138 140
139 141 35
141 36 35
140 132 142
142 132 134
143 139 140
141 139 143
142 143 140
144 36 141
143 145 141
141 145 144
144 146 36
147 36 146
147 146 148
146 149 148
146 144 149
144 150 149
145 150 144
150 145 151
151 145 143
150 151 152
142 153 143
151 143 153
154 152 151
151 153 154
154 155 152
156 153 142
142 134 156
154 157 155
158 155 157
154 153 159
156 159 153
156 134 160
133 160 134
125 160 133
156 160 161
125 161 160
161 159 156
125 162 161
161 162 159
125 163 162
125 164 163
163 164 157
154 159 165
165 159 162
165 162 163
154 165 157
163 157 165
158 157 166
166 157 164
166 167 158
166 168 167
166 164 169
169 168 166
125 169 164
169 170 168
125 170 169
125 171 172
171 173 172
171 174 173
174 175 173
174 176 175
177 174 171
125 177 171
176 174 178
177 178 174
176 178 179
125 180 177
180 178 177
178 181 179
181 182 179
125 183 180
125 135 183
135 137 183
180 184 178
183 184 180
183 137 184
178 184 181
181 184 137
181 137 136
181 185 182
136 185 181
136 97 185
185 186 182
185 97 187
185 187 186
187 97 90
186 187 188
187 90 188
186 188 189
188 90 87
188 190 189
188 87 191
188 191 190
192 191 87
192 190 191
193 194 195
196 194 197
198 197 194
198 194 199
199 194 200
199 200 201
199 202 198
199 203 202
203 199 204
203 204 205
197 198 206
207 197 206
207 208 197
198 209 206
198 202 209
210 206 209
210 211 206
202 212 209
213 209 212
213 214 209
203 215 202
202 215 212
203 216 215
203 217 216
203 218 217
219 212 215
220 212 219
220 221 212
222 215 216
219 215 222
222 216 223
216 224 223
216 225 224
226 219 222
227 219 226
227 228 219
229 222 223
226 222 229
230 226 229
230 229 231
229 223 232
231 229 232
232 223 233
232 233 234
231 232 235
235 232 236
235 236 237
237 238 235
239 231 235
239 235 240
241 231 239
241 242 231
243 241 239
244 243 239
244 239 245
246 243 247
246 248 243
249 248 246
249 246 250
251 249 250
251 250 252
252 253 251
254 250 246
252 250 254
254 246 255
255 246 256
255 256 257
252 258 253
252 254 259
259 258 252
260 253 258
260 261 253
261 260 262
263 261 262
263 262 264
264 265 263
266 262 260
264 262 266
267 260 258
266 260 267
259 268 258
267 258 268
254 269 259
254 270 269
259 269 271
259 271 268
255 270 254
268 271 272
268 272 267
255 273 270
267 272 274
267 274 266
257 273 255
257 275 273
266 274 276
266 276 277
264 266 277
277 276 278
279 264 277
264 279 265
277 278 280
279 277 280
280 278 281
280 281 282
282 279 280
282 281 283
282 283 284
285 265 279
282 285 279
284 285 282
285 286 265
284 287 285
287 286 285
287 288 286
197 289 290
291 292 293
294 295 293
294 296 295
297 298 294
297 299 298
300 301 297
300 302 301
303 304 300
303 305 304
306 307 303
306 308 307
309 310 306
309 311 310
312 313 309
312 314 313
315 314 312
315 316 314
317 314 318
314 319 320
314 320 321
322 320 323
322 323 324
325 326 327
326 328 329
330 331 326
330 326 332
332 326 333
332 333 334
335 336 332
335 332 337
337 332 338
337 338 339
340 341 337
340 337 342
342 337 343
342 343 344
345 346 342
345 342 347
347 342 348
347 348 349
350 347 349
350 349 351
352 347 350
352 353 347
354 350 351
354 351 355
356 350 354
356 357 350
358 354 355
358 355 359
360 354 358
360 361 354
362 358 359
362 359 363
364 360 358
364 358 362
365 362 363
365 363 366
367 360 364
367 368 360
369 364 362
369 362 365
370 364 369
370 371 364
372 365 366
372 366 373
374 369 365
374 365 372
375 369 374
375 376 369
377 372 373
377 373 378
379 374 372
379 372 377
380 374 379
380 381 374
382 377 378
382 378 383
384 382 383
385 379 377
385 377 382
384 386 382
386 385 382
387 386 384
387 388 386
389 379 385
389 390 379
386 388 391
386 391 385
388 392 391
388 393 392
394 385 391
394 395 385
396 397 398
399 400 398
399 401 400
402 403 404
405 404 406
405 406 407
408 407 409
408 409 410
411 412 410
411 410 413
414 415 416
417 415 418
417 418 419
420 421 422
423 424 422
423 425 424
426 427 428
429 428 430
429 430 431
432 433 434
435 433 436
433 437 438
433 439 437
439 433 440
439 440 441
442 443 439
442 444 443
442 439 445
442 445 446
447 442 448
447 448 449
447 450 442
447 451 450
447 449 452
447 452 453
453 454 447
453 455 454
453 456 457
453 457 458
458 459 453
458 460 459
458 461 462
458 462 257
257 463 458
257 464 463
465 466 467
468 469 467
468 470 469
471 472 473
474 475 476
477 474 478
477 478 479
479 480 481
479 481 482
483 484 485
486 484 487
486 487 488
488 487 489
488 489 490
491 492 493
494 495 496
497 496 498
497 498 499
498 500 501
498 502 500
503 504 502
502 505 506
507 508 509
510 511 512
513 514 515
516 517 518
519 520 521
522 523 524
524 525 526
527 528 524
527 529 528
530 531 532
533 530 534
535 530 536
535 536 537
536 530 538
536 538 539
540 536 541
540 541 542
541 536 543
541 543 544
545 541 546
546 541 547
546 547 548
545 546 549
550 546 548
549 546 551
549 551 552
553 554 546
555 550 556
550 557 558
559 560 561
562 560 563
564 563 560
564 560 565
565 560 566
565 566 567
568 565 569
568 569 570
571 572 565
571 573 572
574 571 575
574 575 576
577 578 573
577 573 579
580 581 577
580 582 581
580 583 582
584 585 586
587 586 588
586 589 588
586 590 589
591 590 586
591 592 590
593 589 590
593 590 594
595 590 592
595 592 596
597 588 589
597 589 598
588 597 599
588 599 600
596 592 601
602 601 592
602 592 603
596 601 604
604 605 596
604 606 605
604 601 607
608 607 601
608 601 609
608 610 607
604 607 611
611 612 604
611 607 613
611 614 612
611 615 614
611 613 616
617 618 596
619 616 620
619 620 621
622 623 624
625 623 626
623 627 628
623 628 629
630 623 629
630 631 623
629 632 633
629 633 634
634 635 629
634 636 635
634 637 638
634 638 639
639 640 634
639 641 640
639 642 643
639 643 644
644 645 639
644 646 645
644 647 648
644 648 649
649 650 644
649 651 650
649 652 653
649 653 654
654 655 649
654 656 655
654 653 657
654 657 658
658 659 654
658 660 659
658 657 661
658 661 662
662 663 658
662 664 663
657 665 661
657 666 665
667 665 666
667 666 668
661 665 669
669 665 670
669 670 671
662 661 672
661 669 672
662 672 673
673 674 662
673 675 674
672 669 676
676 669 677
676 677 678
672 676 679
673 672 679
673 679 680
680 681 673
680 682 681
683 684 685
686 687 685
686 685 688
689 690 685
691 689 685
691 692 689
693 689 692
693 694 689
694 695 689
694 696 695
697 698 689
699 694 700
699 701 694
701 702 694
701 703 702
704 701 705
704 706 701
706 707 701
706 708 707
706 709 710
711 706 712
713 714 715
716 717 718
717 719 720
721 722 717
721 717 723
723 717 724
723 724 725
726 727 723
726 723 728
728 723 729
728 729 730
731 728 732
731 732 733
734 728 731
734 731 735
731 733 736
731 736 737
738 731 737
738 737 739
737 740 741
737 741 742
743 737 742
743 742 744
744 742 745
744 745 746
742 747 745
742 748 747
745 749 750
745 750 751
752 745 751
752 751 753
751 754 755
751 755 756
757 751 756
757 756 758
756 759 760
756 760 761
762 756 761
762 761 763
764 765 766
767 764 768
767 768 769
770 771 772
773 774 775
776 777 773
778 773 777
778 779 773
780 773 779
780 779 781
782 779 783
782 784 779
785 779 784
785 784 786
787 784 788
787 789 784
790 784 789
790 789 791
792 789 793
792 794 789
795 789 794
795 794 796
796 794 797
796 797 798
799 797 794
799 794 800
798 797 801
798 801 802
803 801 797
803 797 804
805 801 806
805 666 801
807 801 666
807 666 808
809 810 811
812 809 813
809 814 815
809 815 816
817 809 816
817 816 818
819 818 816
819 816 820
816 821 820
816 822 821
820 821 823
820 823 824
825 826 820
825 820 827
828 829 823
828 823 830
830 831 828
830 832 831
832 833 831
834 835 827
834 836 835
837 838 834
837 839 838
837 840 839
841 842 843
844 842 845
846 845 842
846 842 847
847 842 848
847 848 849
850 845 846
847 851 846
850 846 851
850 852 845
845 852 853
854 852 850
854 855 852
847 856 851
856 847 857
856 857 858
850 851 859
859 860 850
859 861 860
862 851 856
862 856 863
862 863 864
862 864 865
862 865 866
862 867 851
859 851 867
866 867 862
859 867 868
868 869 859
868 870 869
868 867 871
866 871 867
868 871 872
872 873 868
872 874 873
875 874 872
875 876 874
872 871 877
872 877 875
878 871 866
878 877 871
866 879 878
866 880 879
875 877 881
882 877 878
882 881 877
878 883 882
878 884 883
875 881 885
885 886 875
885 887 886
888 881 882
882 889 888
882 890 889
891 885 881
888 891 881
891 892 885
892 893 885
892 894 893
895 891 888
888 896 895
888 897 896
898 892 891
895 898 891
898 899 892
899 900 892
899 901 900
895 902 898
895 903 902
895 904 903
905 899 898
898 902 905
905 906 899
906 907 899
906 908 907
902 909 905
902 910 909
902 911 910
912 906 905
905 909 912
912 913 906
913 914 906
913 915 914
909 916 912
916 909 917
916 917 918
919 913 912
913 919 920
912 916 921
919 912 921
922 921 916
922 916 923
922 923 924
925 922 924
925 924 926
927 922 925
927 928 922
922 928 921
929 928 927
930 921 928
929 930 928
930 919 921
931 930 929
931 932 930
932 919 930
932 933 919
934 919 935
936 937 938
939 940 937
939 941 940
939 937 942
943 942 937
939 942 944
944 942 945
945 942 946
944 945 947
948 939 944
948 949 939
950 944 951
950 951 952
953 954 939
953 939 955
956 852 957
958 959 960
961 962 589
963 964 597
597 965 966
967 968 969
970 969 971
970 971 972
973 974 975
976 977 978
979 980 981
982 983 984
985 984 986
985 986 987
988 989 990
991 990 992
992 993 991
994 995 996
996 997 998
999 1000 997
999 1001 1000
1002 1003 1004
1005 1006 1007
1008 1009 1010
1011 1012 1013
1014 1012 1015
1016 1017 1012
1016 1012 1018
1019 1018 1012
1019 1012 1020
1019 1020 1021
1022 1018 1019
1018 1022 1023
1018 1023 1024
1022 1019 1025
1025 1019 1026
1025 1026 1027
1028 1022 1025
1029 1022 1028
1029 1030 1022
1028 1025 1031
1031 1025 1032
1031 1032 1033
1031 1033 1034
1031 1034 1035
1028 1031 1035
1028 1035 1036
1036 1037 1028
1036 1038 1037
1036 1035 1039
1035 1040 1039
1035 1041 1040
1036 1039 1042
1042 1043 1036
1042 1044 1043
1042 1039 1045
1039 1046 1045
1039 1047 1046
1048 1045 1046
1042 1045 1049
1049 1050 1042
1049 1051 1050
1048 1052 1045
1049 1045 1052
1053 1052 1048
1049 1052 1054
1054 1055 1049
1054 1056 1055
1053 1057 1052
1054 1052 1057
1058 1057 1053
1054 1057 1059
1059 1060 1054
1059 1061 1060
1058 1062 1057
1059 1057 1062
1063 1062 1058
1059 1062 1064
1064 1065 1059
1064 1066 1065
1063 1067 1062
1064 1062 1067
1063 1068 1067
1064 1067 1069
1069 1067 1068
1069 1070 1064
1069 1071 1070
1069 1068 1072
1072 1073 1069
1072 1074 1073
1072 1068 1075
1072 1075 1076
1077 1072 1076
1078 1072 1079
1080 1081 1082
1083 1081 1084
1085 1086 1081
1085 1081 1087
1087 1088 1085
1087 1081 1089
1087 1089 1090
1087 1091 1088
1091 1087 1092
1091 1092 1093
1091 1094 1095
1091 1096 1094
1096 1091 1097
1096 1097 1098
1099 1100 1096
1099 1096 1101
1101 1096 1102
1101 1102 1103
1101 1104 1105
1101 1105 1106
1101 1106 1107
1101 1107 1108
1106 1109 1110
1106 1110 1111
1111 1112 1106
1111 1113 1112
1111 1114 1115
1111 1115 1116
1116 1117 1111
1116 1118 1117
1116 1119 1120
1116 1120 1121
1121 1122 1116
1121 1123 1122
1124 1123 1121
1124 1125 1123
1121 1126 1124
1121 1127 1126
1128 1125 1124
1128 1129 1125
1124 1130 1128
1124 1131 1130
1132 1129 1128
1132 1133 1129
1128 1134 1132
1128 1135 1134
1136 1133 1132
1136 1137 1133
1132 1138 1136
1132 1139 1138
1140 1137 1136
1140 1141 1137
1136 1142 1140
1136 1143 1142
1144 1141 1140
1144 1145 1141
1145 1144 1146
1144 1147 1146
1140 1148 1144
1144 1148 1147
1140 1142 1148
1148 1149 1147
1148 1150 1149
1142 1151 1148
1142 1152 1151
1142 1153 1154
1155 1156 1157
1158 1157 1159
1158 1159 1160
1161 1162 1163
1164 1165 1166
1167 1168 1169
1170 588 1171
1172 1173 1174
1172 226 1173
1175 1176 1177
1175 1178 1176
1178 1179 1180
1178 1181 1179
1182 1183 1181
1182 1184 1183
1185 1184 1182
1185 1186 1184
1187 1188 1185
1187 1189 1188
1190 1191 1187
1190 1192 1191
1190 1193 1192
1194 1195 1196
1194 1196 1197
1198 1199 1200
1198 1200 1201
1202 1203 1204
1202 1204 1205
1206 1207 1208
1206 1208 1209
1210 1211 1212
1210 1212 1213
1214 1215 1216
1214 1216 1217
1218 1219 1220
1218 1220 360
1221 1222 1223
1221 1223 1224
1225 1226 1227
1225 1228 1226
1228 1229 1230
1228 1230 1231
1232 1233 1234
1232 1234 1235
1236 1237 1238
1236 1238 1239
1238 1240 1239
1238 1241 1240
1242 1243 1244
1242 1244 1245
1246 1247 1248
1246 1248 1249
1250 1251 1252
1250 1252 1253
1254 1255 1256
1254 1256 1257
1258 1254 1259
1258 1259 1260
1261 1258 1262
1261 1262 1263
1264 1263 1265
1264 1265 1266
1267 1268 1269
1267 1269 1270
1271 1272 1273
1271 1273 1274
1275 1276 1277
1275 1277 1278
1279 1280 1281
1279 1281 1282
1283 1284 1285
1283 1285 1286
1287 1288 1289
1287 1289 1290
1291 1292 1293
1291 1293 1294
1295 1296 1297
1295 1297 1298
1299 1300 1301
1299 1301 1302
1303 1304 1305
1303 1305 1306
1307 1308 1309
1307 1309 1310
1311 1312 1313
1311 1313 1314
1315 1316 1317
1315 1317 1318
1319 1320 1315
1319 1321 1320
1322 1317 1323
1322 1323 1324
1325 1326 1327
1325 1327 1328
1329 1330 1331
1329 1331 1332
1333 1334 1335
1333 1335 1336
1337 1338 1339
1337 1339 1340
1341 1342 1343
1341 1343 1344
1345 1346 1347
1345 1347 1348
1349 1350 1351
1349 1351 1352
1353 1354 1355
1353 1355 1356
1357 1358 1359
1357 1359 1360
1361 1362 1363
1361 1363 1364
1365 1366 1367
1365 1367 1368
1369 1370 1371
1370 1369 1372
1370 1372 1373
1373 1374 1375
1373 1375 1376
1377 1376 1375
1377 1378 1376
1379 1378 1377
1379 1380 1378
1381 1380 1379
1381 1382 1380
1383 1384 1385
1383 1386 1384
1387 1386 1388
1387 1389 1386
1390 1391 1389
1390 1389 1392
1393 1394 1395
1396 1394 1393
1396 1393 1397
1398 1399 1400
1398 1400 1401
1402 1401 1403
1402 1403 1404
1405 1406 1404
1405 1407 1406
1408 1409 1410
1408 1410 1411
1412 1413 1414
1412 1414 1415
1416 1417 1418
1416 1418 1419
1420 1421 1422
1420 1422 1423
1424 1425 1422
1424 1426 1425
1426 1427 1425
1426 1428 1427
1429 1430 1431
1429 1432 1430
1433 1429 1434
1433 1434 1435
1432 1436 1437
1432 1438 1436
1439 1440 1438
1439 1441 1440
1442 1443 1439
1442 1444 1443
1445 1446 1442
1445 1447 1446
1448 1445 1449
1448 1449 1450
1451 1452 1445
1451 1453 1452
1454 1455 1451
1454 1456 1455
1457 1458 1454
1457 1459 1458
1460 1461 1457
1460 1462 1461
1463 1464 1465
1463 1465 1466
1467 1468 1469
1467 1469 1470
1471 1472 1473
1471 1473 1474
1475 1476 1477
1475 1477 1478
1479 1480 1478
1479 1478 1481
1482 1483 1484
1482 1484 1485
1486 1487 1488
1486 1488 1489
1490 1491 1492
1490 1492 1493
1494 1495 1496
1494 1496 1497
1498 1499 1500
1498 1501 1499
1502 1503 1501
1502 1501 1504
1505 1506 1507
1505 1507 1508
1509 1510 1508
1509 1511 1510
1512 1513 1514
1512 1514 1515
1516 1517 1518
1516 1518 1519
1520 1521 1522
1520 1522 1523
1524 1525 1526
1524 1526 1527
1528 1529 1530
1528 1530 1531
1532 1533 1534
1532 1534 1535
1536 1537 1538
1536 1538 1539
1540 1541 1542
1540 1542 1543
1544 1545 1546
1544 1546 1547
1548 1549 1550
1548 1550 1551
1552 1553 1554
1552 1554 1555
1556 1557 1558
1556 1558 1559
1560 1561 1562
1560 1562 1563
1564 1565 1566
1564 1566 1567
1568 1569 1570
1568 1570 1571
1572 1573 1574
1572 1574 1575
1576 1577 1578
1576 1578 1579
1580 1581 1582
1580 1582 1583
