byte offset: 0
first index: 0
index count: 9591
topology: trianglelist
format: DXGI_FORMAT_R16_UINT

0 1 2
3 4 5
6 7 8
6 9 10
6 11 12
13 14 6
6 15 16
6 17 18
6 19 20
21 6 22
23 24 6
24 25 6
26 6 27
27 6 28
29 30 31
30 32 33
34 30 35
36 30 37
30 38 37
30 39 38
40 37 38
40 41 37
40 38 42
41 43 37
41 44 43
45 40 42
45 46 40
47 46 45
40 48 41
46 48 40
47 49 46
50 49 47
46 51 48
46 49 51
41 48 52
52 48 51
50 53 49
53 50 54
54 55 53
49 56 51
57 52 51
57 51 56
53 58 49
49 58 56
53 59 58
56 58 59
60 52 57
60 61 52
41 52 62
63 62 52
63 64 62
65 62 64
65 66 62
67 41 62
67 68 41
53 69 59
70 69 53
70 71 69
72 59 69
73 72 69
73 74 72
75 59 72
59 75 76
59 76 77
56 59 77
56 77 78
56 78 57
79 57 78
79 80 57
77 81 78
77 76 81
82 78 81
82 83 78
75 84 76
76 85 81
76 84 85
86 81 85
86 87 81
75 88 84
72 88 75
89 85 84
90 84 88
90 89 84
91 89 90
92 90 88
90 92 91
89 93 85
94 85 93
94 93 95
96 93 89
91 96 89
96 97 93
98 93 97
98 97 99
100 97 96
100 96 91
92 88 101
72 101 88
72 102 101
92 101 102
72 103 102
104 103 72
104 105 103
92 102 106
107 92 106
107 106 108
100 109 97
110 97 109
110 109 111
109 100 112
109 112 113
114 109 113
114 113 115
116 112 100
116 100 117
100 91 117
118 117 91
118 116 117
118 91 119
92 119 91
120 119 92
120 92 121
122 118 119
122 119 123
113 112 124
125 113 124
126 124 112
126 112 116
127 125 124
126 127 124
125 128 113
129 113 128
129 128 130
131 130 128
131 128 132
133 128 125
133 125 134
135 126 116
135 136 126
136 127 126
137 135 116
136 138 127
137 116 118
127 138 139
118 140 137
140 118 141
127 142 125
127 139 142
125 142 143
125 143 144
145 142 139
146 142 145
145 139 147
148 137 149
150 151 145
145 152 153
154 155 145
156 157 50
158 159 160
160 161 162
163 160 164
165 160 163
165 166 160
165 163 167
165 168 166
169 165 167
169 167 170
171 168 165
171 165 169
172 168 171
170 173 169
170 174 173
169 175 171
172 171 175
169 173 175
173 174 176
177 176 174
178 175 173
173 176 178
177 179 176
180 179 177
180 181 179
175 178 182
183 178 176
183 182 178
184 176 179
184 183 176
179 185 184
179 186 185
175 182 187
172 175 187
187 182 188
183 188 182
189 183 184
189 184 190
189 190 191
172 187 192
187 188 192
192 188 193
183 194 188
189 194 183
194 193 188
194 189 195
194 196 193
194 195 196
197 195 189
197 189 198
197 198 199
197 200 195
201 195 200
202 196 195
202 193 196
201 203 195
202 195 203
201 204 203
201 205 204
202 206 193
203 207 202
207 206 202
208 193 206
208 209 193
192 193 209
210 192 209
210 209 208
210 211 192
211 210 212
172 192 211
172 211 213
211 212 213
172 213 214
172 214 168
214 213 215
214 215 216
168 214 217
168 217 218
219 213 212
219 212 220
210 208 221
221 212 210
222 221 208
221 223 212
222 223 221
212 223 224
212 224 225
222 208 226
226 208 206
226 206 227
207 227 206
228 226 227
222 226 228
207 229 227
228 227 229
207 230 229
229 231 228
231 229 230
232 230 207
203 232 207
203 233 232
203 234 233
232 235 230
235 232 236
235 236 237
238 230 235
239 238 235
239 235 240
238 241 230
231 230 241
242 231 241
242 243 231
243 242 244
243 228 231
243 244 245
245 244 246
243 247 228
247 243 245
222 228 247
222 247 248
247 245 248
245 246 249
246 250 249
250 251 249
252 245 249
252 248 245
222 248 253
222 253 223
254 223 253
255 253 248
255 248 256
257 249 258
259 223 260
260 253 261
262 263 264
262 265 266
262 267 268
269 270 262
269 271 270
272 273 269
272 269 274
275 276 274
275 274 277
277 278 279
280 281 277
280 282 281
283 284 280
283 285 284
286 287 283
286 288 287
289 290 286
289 291 290
292 293 289
292 294 293
295 296 292
295 297 296
298 299 295
298 300 299
301 302 298
301 303 302
301 304 305
306 301 307
306 307 308
309 310 307
309 311 310
312 313 309
312 314 313
312 315 316
317 312 318
317 318 319
318 320 321
322 323 324
325 322 326
322 327 326
322 328 327
329 328 322
329 322 330
329 330 331
329 332 328
333 332 329
333 329 334
333 334 335
327 328 336
328 332 337
328 337 336
333 338 332
332 339 337
332 338 339
340 338 333
340 333 341
340 341 342
343 336 337
344 337 339
343 337 344
338 345 339
340 346 338
338 346 345
339 347 344
345 347 339
340 348 346
349 348 340
349 340 350
349 350 351
346 348 352
346 352 345
352 353 345
345 353 347
352 354 353
353 354 355
353 355 356
347 353 356
347 356 357
358 347 357
358 357 359
358 344 347
360 358 359
360 344 358
360 359 361
360 343 344
362 360 361
362 343 360
362 361 363
362 364 343
364 336 343
365 362 363
365 364 362
365 363 366
365 366 367
364 368 336
327 336 368
365 367 369
369 367 370
365 371 364
371 368 364
369 371 365
372 327 368
371 373 368
372 368 373
369 374 371
374 373 371
369 370 375
375 374 369
376 375 370
376 370 377
375 378 374
376 378 375
374 379 373
378 379 374
380 376 377
380 377 381
376 382 378
380 382 376
383 380 381
383 381 384
385 373 379
385 372 373
378 386 379
382 386 378
380 387 382
383 387 380
388 383 384
388 384 389
390 379 386
390 385 379
382 391 386
387 391 382
391 390 386
383 392 387
388 392 383
393 388 389
393 389 394
387 395 391
392 395 387
392 388 396
396 388 393
397 393 394
397 394 398
391 399 390
395 399 391
392 400 395
396 400 392
395 401 399
401 395 400
390 399 402
402 399 401
403 393 397
396 393 403
404 397 398
404 398 405
406 397 404
403 397 406
406 404 407
407 408 406
408 403 406
409 408 407
410 396 403
408 410 403
409 411 408
410 408 411
410 412 396
412 400 396
401 400 413
412 413 400
414 401 413
412 414 413
415 412 410
410 411 415
416 411 409
416 409 417
416 417 418
416 418 419
420 411 416
420 415 411
420 416 421
420 421 422
423 412 415
423 415 420
412 423 414
423 420 424
423 424 425
414 423 426
414 426 427
428 414 429
428 429 430
414 428 401
402 401 428
402 428 431
432 428 433
402 434 435
436 402 437
436 437 438
390 402 436
385 390 436
385 436 439
372 385 439
440 439 436
440 436 441
372 439 442
327 372 442
327 442 326
443 442 439
443 439 444
326 442 445
326 445 446
447 326 448
449 450 451
451 452 453
452 451 454
454 451 455
451 456 455
452 454 457
458 452 457
458 459 452
452 459 460
461 457 454
462 458 457
461 462 457
454 463 461
454 455 464
454 464 463
462 461 465
465 461 463
455 466 464
467 463 464
467 464 466
465 463 468
468 463 467
455 469 466
470 469 455
465 468 471
465 471 472
462 465 473
473 465 474
473 474 475
476 462 473
476 473 477
476 477 478
476 479 462
462 479 458
480 479 476
480 476 481
480 481 482
458 479 483
480 483 479
458 483 484
484 459 458
485 483 480
485 480 486
485 486 487
484 488 459
488 489 459
490 484 483
490 488 484
485 491 483
490 483 491
490 492 488
488 492 493
488 493 494
491 495 490
495 492 490
496 491 485
497 496 485
497 485 498
496 499 491
491 499 495
500 499 496
500 496 501
500 501 502
500 503 499
499 503 504
499 504 495
504 505 495
495 505 492
504 506 505
505 506 507
505 507 508
492 505 509
492 509 510
511 459 512
513 469 514
515 469 516
466 469 515
466 515 517
518 466 517
518 467 466
519 467 518
468 467 519
468 519 520
468 520 521
515 522 517
523 518 517
523 517 522
515 524 522
524 515 525
519 518 526
519 526 527
519 527 528
518 523 529
518 529 526
526 529 530
526 530 531
532 523 522
529 523 532
522 524 533
533 524 534
522 533 535
532 522 535
535 533 536
536 533 537
536 537 538
529 532 539
529 539 540
529 540 541
542 532 535
539 532 542
535 536 543
542 535 543
543 536 544
544 536 545
544 545 546
539 542 547
539 547 548
539 548 549
550 542 543
547 542 550
543 544 551
550 543 551
551 544 552
552 544 553
552 553 554
555 552 554
555 556 552
552 556 557
552 557 558
551 552 558
559 558 557
560 551 558
559 560 558
560 550 551
559 561 560
561 550 560
559 562 561
561 562 563
561 563 564
561 565 550
565 561 566
565 566 567
547 550 565
547 565 568
547 568 569
570 524 571
524 572 573
574 575 576
577 578 575
577 579 578
578 580 575
581 575 580
581 580 582
582 580 583
578 584 580
583 580 584
582 583 585
583 584 586
585 583 587
586 587 583
588 584 578
584 589 586
584 588 589
590 589 588
590 588 591
592 586 589
586 593 587
592 593 586
594 592 589
594 589 595
596 592 594
597 596 594
598 593 592
596 598 592
588 578 599
599 578 600
588 599 601
578 602 600
603 602 578
600 602 604
598 605 593
593 605 606
593 606 587
598 596 607
596 608 607
596 609 608
610 605 598
605 611 606
605 610 611
612 606 611
587 606 613
612 613 606
598 607 614
610 598 614
615 614 607
615 616 614
617 610 614
617 618 610
611 610 619
620 619 610
611 619 621
612 611 621
587 613 622
585 587 622
623 622 613
623 613 624
585 622 625
585 625 626
627 613 612
612 628 627
582 585 626
582 626 629
621 619 630
631 630 619
631 632 630
621 630 633
634 621 633
612 621 634
634 633 635
636 634 635
636 637 634
638 612 634
638 639 612
582 640 641
582 642 643
582 644 645
582 646 647
599 648 649
650 651 599
650 652 651
599 600 650
653 650 600
653 600 654
654 600 655
650 653 656
650 656 657
658 653 654
658 659 653
658 654 660
660 661 658
662 658 661
662 663 658
654 664 660
660 665 661
666 660 664
666 665 660
667 666 664
668 667 664
668 664 669
654 669 664
670 669 654
670 654 671
672 661 665
673 661 672
673 674 661
665 666 675
667 676 666
676 675 666
672 665 677
665 675 677
667 678 676
667 679 678
680 673 672
680 681 673
682 672 677
680 672 682
677 675 683
682 677 684
677 683 684
685 682 684
683 685 684
676 686 675
676 687 686
676 688 687
675 686 689
675 689 683
683 689 690
691 689 686
691 692 689
689 693 690
683 694 685
683 690 694
685 695 682
696 695 685
696 685 697
694 698 685
699 685 698
682 695 700
682 700 680
701 700 695
701 695 702
703 680 700
703 704 680
694 705 698
690 705 694
705 706 698
707 698 706
707 706 708
705 709 706
705 710 709
705 711 710
690 711 705
711 712 710
711 713 712
690 714 711
690 715 714
716 717 690
718 719 669
667 720 721
667 722 723
667 724 725
667 726 727
658 728 729
600 730 731
653 732 733
588 734 735
736 737 738
739 737 740
739 741 737
742 737 741
742 741 743
744 742 743
742 744 745
744 743 746
746 747 744
746 748 747
745 744 749
745 749 750
737 742 751
742 745 751
737 751 752
753 737 752
753 752 754
745 755 751
752 751 755
745 756 755
745 757 756
745 758 757
752 755 759
755 760 759
761 752 759
762 752 761
756 763 755
755 763 760
761 759 764
760 764 759
765 761 764
765 766 761
767 761 766
767 766 768
760 769 764
769 770 764
769 771 770
760 772 769
772 773 769
772 774 773
760 763 775
760 776 772
760 775 776
777 772 776
777 778 772
779 775 763
756 779 763
780 779 756
776 775 781
779 782 775
782 781 775
779 783 782
776 781 784
785 776 784
782 786 781
782 787 786
782 788 787
784 781 789
786 789 781
784 789 790
790 789 791
790 791 792
784 790 793
784 793 794
786 795 789
795 791 789
786 796 795
786 797 796
795 798 791
795 799 798
795 800 799
801 791 798
801 798 802
801 802 803
801 804 791
805 804 801
805 801 806
805 806 807
808 791 804
808 809 791
805 810 804
811 808 804
811 804 810
811 812 808
811 813 812
814 810 805
814 805 815
814 815 816
817 811 810
811 817 818
811 818 819
814 820 810
817 810 820
821 817 820
822 820 814
823 822 814
821 824 817
825 817 824
824 826 825
821 820 827
822 827 820
828 827 822
829 828 822
829 830 828
828 831 827
831 821 827
832 831 828
832 828 833
832 833 834
821 835 824
824 835 836
824 836 837
821 838 835
835 838 839
835 839 840
831 841 821
821 841 838
832 842 831
843 841 831
843 831 842
844 838 841
844 841 843
842 832 845
845 832 846
845 846 847
838 844 848
838 848 849
850 848 844
850 851 848
852 844 843
852 853 844
854 852 843
843 842 855
842 845 855
843 855 854
855 845 856
845 857 856
845 858 857
855 856 859
855 859 860
855 860 854
861 854 860
861 862 854
863 864 854
865 866 779
790 867 868
869 870 766
766 871 872
873 874 875
876 822 877
808 878 879
848 880 881
848 882 883
884 885 886
887 888 594
889 890 891
700 892 891
700 891 893
894 895 896
897 898 899
899 900 901
902 903 904
905 904 906
673 907 908
772 909 910
911 912 913
914 913 915
914 915 916
915 913 917
918 917 913
918 919 917
919 918 920
915 917 921
922 921 917
919 922 917
922 923 921
923 922 924
919 925 922
925 924 922
923 924 926
923 926 927
926 928 927
925 919 929
925 929 930
924 931 926
926 932 928
931 932 926
925 933 924
924 933 931
925 934 933
925 935 934
933 936 931
933 937 936
932 938 928
938 939 928
938 940 939
938 941 940
931 942 932
942 938 932
931 943 942
931 944 943
938 945 941
942 945 938
946 941 945
946 947 941
942 948 945
942 949 948
919 950 951
919 952 953
919 954 955
956 957 958
959 960 957
959 961 960
960 962 957
963 957 962
963 962 964
964 965 963
960 966 962
967 962 966
964 962 967
967 966 968
968 969 967
964 967 970
970 967 969
968 971 969
969 971 972
968 973 971
971 973 974
971 974 975
972 971 975
975 974 976
974 977 976
976 977 978
976 978 979
980 975 976
972 975 980
976 979 981
980 976 981
981 979 982
981 982 983
980 981 984
980 984 985
972 980 986
972 986 987
988 972 989
988 990 972
969 972 990
970 969 990
970 990 991
970 991 992
993 970 994
993 964 970
964 995 996
964 997 998
964 999 1000
1001 1002 1003
960 1004 1001
1001 1005 1006
915 1001 1006
1007 915 1006
1008 1006 1009
1008 1009 1010
1011 756 1012
1013 1014 1015
1013 1016 1014
1017 1016 1013
1014 1016 1018
1014 1018 1019
1017 1020 1016
1021 1020 1017
1016 1022 1018
1016 1020 1022
1019 1018 1023
1019 1023 1024
1025 1024 1023
1021 1026 1020
1027 1026 1021
1018 1028 1023
1018 1022 1028
1025 1023 1029
1029 1023 1028
1029 1030 1025
1029 1031 1030
1020 1032 1022
1020 1026 1032
1027 1033 1026
1034 1033 1027
1029 1028 1035
1035 1036 1029
1035 1037 1036
1022 1038 1028
1035 1028 1038
1022 1032 1038
1026 1039 1032
1026 1033 1039
1034 1040 1033
1041 1040 1034
1035 1038 1042
1042 1043 1035
1042 1044 1043
1032 1045 1038
1042 1038 1045
1032 1039 1045
1033 1046 1039
1033 1040 1046
1041 1047 1040
1048 1047 1041
1042 1045 1049
1049 1050 1042
1049 1051 1050
1039 1052 1045
1049 1045 1052
1039 1046 1052
1046 1053 1052
1040 1054 1046
1040 1047 1054
1046 1054 1053
1048 1055 1047
1055 1054 1047
1056 1055 1048
1049 1052 1057
1057 1052 1053
1057 1058 1049
1057 1059 1058
1055 1060 1054
1060 1053 1054
1056 1061 1055
1061 1060 1055
1062 1061 1056
1062 1063 1061
1064 1063 1062
1061 1065 1060
1063 1065 1061
1064 1066 1063
1067 1066 1064
1057 1053 1068
1068 1069 1057
1068 1070 1069
1060 1071 1053
1065 1071 1060
1072 1068 1053
1072 1053 1071
1072 1073 1068
1072 1074 1073
1063 1075 1065
1066 1075 1063
1067 1076 1066
1077 1076 1067
1077 1078 1076
1079 1072 1071
1079 1080 1072
1079 1081 1080
1065 1082 1071
1079 1071 1082
1075 1082 1065
1066 1083 1075
1076 1083 1066
1078 1084 1076
1076 1084 1083
1078 1085 1084
1086 1079 1082
1086 1087 1079
1086 1088 1087
1075 1089 1082
1083 1089 1075
1086 1082 1089
1085 1090 1084
1085 1091 1090
1092 1090 1091
1084 1093 1083
1083 1093 1089
1084 1090 1093
1094 1086 1089
1094 1089 1093
1094 1095 1086
1094 1096 1095
1097 1093 1090
1097 1094 1093
1092 1097 1090
1097 1098 1094
1097 1099 1098
1092 1100 1097
1092 1101 1100
1102 1103 1104
1102 1104 1105
1105 1104 1106
1105 1106 1107
1107 1106 1108
1107 1108 1109
1109 1108 1110
1109 1110 1111
1111 1110 1112
1111 1112 1113
1113 1112 1114
1113 1114 1115
1115 1114 1116
1115 1116 1117
1117 1116 1118
1117 1118 1119
1119 1118 1120
1119 1120 1121
1121 1120 1122
1121 1122 1123
1123 1122 1124
1123 1124 1125
1125 1124 1126
1125 1126 1127
1128 1129 1130
1128 1130 1131
1132 1133 1134
1132 1134 1135
1136 1137 1138
1136 1138 1139
1140 1141 1142
1140 1142 1143
1144 1145 1146
1144 1146 1147
1148 1149 1150
1148 1150 1151
1152 1153 1154
1152 1154 1155
1156 1157 1158
1156 1158 1159
1156 1159 1160
1156 1160 1161
1156 1161 1162
1156 1162 1163
1156 1163 1164
1156 1164 1165
1166 1167 1168
1166 1168 1169
1166 1170 1171
1166 1172 1170
1173 1174 1169
1173 1175 1174
1176 1172 1177
1176 1177 1178
1174 1179 1180
1174 1180 1181
1182 1174 1181
1182 1183 1174
1184 1183 1182
1184 1182 1185
1185 1186 1184
1187 1185 1182
1181 1187 1182
1186 1185 1188
1187 1188 1185
1186 1188 1189
1190 1186 1189
1190 1189 1191
1189 1188 1192
1192 1188 1187
1193 1191 1189
1189 1192 1193
1193 1194 1191
1193 1195 1194
1193 1196 1195
1196 1193 1192
1196 1192 1197
1198 1197 1192
1192 1187 1198
1198 1199 1197
1200 1199 1198
1200 1201 1199
1200 1202 1201
1203 1198 1187
1203 1200 1198
1181 1203 1187
1181 1204 1203
1181 1205 1204
1200 1206 1202
1206 1207 1202
1206 1208 1207
1208 1209 1207
1210 1209 1208
1211 1200 1203
1203 1212 1211
1203 1213 1212
1200 1214 1206
1211 1214 1200
1210 1208 1215
1216 1208 1206
1216 1215 1208
1210 1215 1217
1216 1217 1215
1210 1217 1218
1217 1219 1218
1220 1219 1217
1216 1220 1217
1220 1221 1219
1222 1221 1220
1222 1223 1221
1222 1224 1223
1225 1216 1206
1225 1206 1214
1225 1220 1216
1214 1226 1225
1214 1211 1226
1225 1227 1220
1222 1220 1227
1227 1225 1226
1211 1228 1226
1211 1229 1228
1227 1226 1230
1230 1222 1227
1230 1226 1231
1230 1231 1232
1222 1233 1224
1233 1234 1224
1230 1235 1222
1235 1233 1222
1235 1230 1236
1235 1236 1237
1233 1238 1234
1239 1234 1238
1235 1240 1233
1238 1233 1240
1239 1238 1241
1241 1242 1239
1241 1243 1242
1241 1244 1243
1241 1245 1244
1245 1241 1238
1246 1244 1245
1246 1245 1247
1245 1238 1248
1247 1245 1248
1238 1240 1248
1247 1248 1249
1240 1249 1248
1249 1250 1247
1250 1249 1251
1240 1251 1249
1250 1251 1252
1251 1177 1252
1253 1251 1240
1251 1253 1177
1253 1240 1235
1253 1235 1254
1253 1254 1255
1177 1253 1255
1177 1255 1256
1257 1258 1259
1257 1259 1260
1261 1262 1263
1261 1263 1264
1265 1266 1267
1265 1267 1268
1269 1270 1271
1269 1271 1272
1273 1274 1275
1273 1275 1276
1277 1278 1279
1277 1279 1280
1281 1282 1283
1281 1283 1284
1285 1281 1284
1285 1284 1286
1286 1287 1285
1286 1288 1287
1288 1289 1287
1288 1290 1289
1290 1291 1289
1290 1292 1291
1293 1294 1295
1293 1296 1294
1297 1296 1293
1297 1293 1298
1297 1298 1299
1297 1299 1300
1300 1299 1301
1302 1296 1297
1302 1297 1300
1300 1301 1303
1303 1301 1304
1302 1300 1305
1305 1300 1303
1303 1304 1306
1306 1304 1307
1305 1303 1308
1308 1303 1306
1306 1307 1309
1309 1307 1310
1308 1306 1311
1311 1306 1309
1309 1310 1312
1312 1310 1313
1312 1313 1314
1315 1309 1312
1311 1309 1315
1316 1312 1314
1315 1312 1316
1316 1314 1317
1317 1318 1316
1315 1316 1318
1317 1319 1318
1320 1318 1319
1320 1319 1321
1318 1322 1315
1318 1320 1322
1323 1311 1315
1323 1315 1322
1324 1320 1321
1324 1321 1325
1326 1322 1320
1326 1320 1324
1327 1324 1325
1327 1325 1328
1329 1327 1328
1330 1324 1327
1330 1326 1324
1329 1331 1327
1331 1330 1327
1331 1329 1332
1333 1322 1326
1333 1323 1322
1334 1311 1323
1334 1308 1311
1335 1326 1330
1335 1333 1326
1331 1336 1330
1336 1335 1330
1331 1332 1337
1336 1331 1337
1338 1337 1332
1339 1323 1333
1339 1334 1323
1340 1308 1334
1340 1305 1308
1341 1333 1335
1341 1339 1333
1342 1334 1339
1342 1340 1334
1341 1342 1339
1338 1343 1337
1344 1343 1338
1345 1305 1340
1345 1302 1305
1346 1345 1340
1346 1340 1342
1302 1345 1347
1346 1347 1345
1348 1341 1335
1348 1349 1341
1336 1348 1335
1336 1337 1350
1350 1337 1343
1351 1348 1336
1351 1336 1350
1348 1351 1349
1341 1352 1342
1349 1352 1341
1353 1346 1342
1353 1342 1352
1350 1343 1354
1351 1350 1354
1346 1355 1347
1353 1355 1346
1356 1349 1351
1351 1354 1356
1357 1354 1343
1344 1357 1343
1358 1357 1344
1347 1355 1359
1347 1359 1360
1361 1353 1352
1353 1362 1355
1361 1362 1353
1355 1362 1363
1355 1363 1364
1361 1352 1365
1349 1365 1352
1358 1366 1357
1367 1366 1358
1367 1358 1368
1369 1367 1368
1366 1370 1357
1357 1370 1354
1366 1371 1370
1367 1371 1366
1354 1370 1372
1372 1370 1371
1354 1372 1356
1369 1373 1367
1374 1373 1369
1367 1375 1371
1373 1375 1367
1374 1376 1373
1377 1376 1374
1377 1378 1376
1379 1376 1378
1376 1380 1373
1373 1380 1375
1381 1371 1375
1372 1371 1381
1379 1382 1376
1376 1382 1380
1383 1375 1380
1381 1375 1383
1372 1381 1384
1383 1384 1381
1379 1385 1382
1379 1386 1385
1382 1387 1380
1383 1380 1387
1382 1385 1387
1386 1388 1385
1386 1389 1388
1387 1390 1383
1383 1390 1384
1385 1391 1387
1385 1388 1391
1387 1391 1390
1372 1384 1392
1356 1372 1392
1389 1393 1388
1389 1394 1393
1388 1395 1391
1388 1393 1395
1391 1396 1390
1391 1395 1396
1390 1397 1384
1392 1384 1397
1390 1396 1397
1356 1392 1398
1356 1398 1349
1394 1399 1393
1394 1400 1399
1393 1401 1395
1393 1399 1401
1395 1402 1396
1395 1401 1402
1398 1392 1403
1392 1397 1403
1404 1349 1398
1398 1403 1404
1404 1365 1349
1400 1405 1399
1400 1406 1405
1405 1406 1407
1405 1407 1408
1399 1405 1409
1399 1409 1401
1409 1405 1410
1409 1410 1411
1401 1409 1412
1412 1409 1413
1412 1413 1414
1401 1412 1402
1402 1412 1415
1415 1412 1416
1415 1416 1417
1402 1415 1418
1396 1402 1418
1396 1418 1397
1418 1415 1419
1419 1415 1420
1419 1420 1421
1397 1418 1422
1418 1419 1422
1397 1422 1403
1404 1403 1422
1422 1419 1423
1423 1419 1424
1423 1424 1425
1404 1422 1426
1422 1423 1426
1426 1365 1404
1426 1361 1365
1427 1426 1423
1427 1361 1426
1423 1428 1427
1361 1427 1362
1362 1427 1429
1362 1429 1430
1296 1431 1432
1296 1433 1431
1302 1433 1296
1302 1347 1433
1433 1347 1434
1433 1434 1435
1436 1437 1438
1436 1438 1439
1440 1441 1442
1440 1442 1443
1444 1445 1446
1444 1446 1447
1448 1449 1450
1448 1450 1451
1452 1453 1454
1452 1454 1455
1456 1457 1458
1456 1458 1459
1460 1461 1462
1460 1463 1461
1464 1463 1460
1464 1465 1463
1465 1464 1466
1465 1466 1467
1467 1466 1468
1467 1468 1469
1469 1468 1470
1469 1470 1471
1472 1473 1474
1472 1474 1475
1476 1472 1475
1476 1477 1472
1476 1478 1477
1476 1479 1478
1479 1480 1478
1481 1476 1475
1481 1479 1476
1479 1482 1480
1482 1483 1480
1481 1484 1479
1484 1482 1479
1482 1485 1483
1485 1486 1483
1484 1487 1482
1487 1485 1482
1485 1488 1486
1488 1489 1486
1487 1490 1485
1490 1488 1485
1488 1491 1489
1491 1492 1489
1491 1493 1492
1494 1491 1488
1490 1494 1488
1495 1493 1491
1494 1495 1491
1495 1496 1493
1496 1495 1497
1494 1497 1495
1496 1497 1498
1499 1498 1497
1499 1500 1498
1497 1494 1501
1497 1501 1499
1502 1494 1490
1502 1501 1494
1503 1500 1499
1503 1504 1500
1505 1499 1501
1505 1503 1499
1506 1504 1503
1506 1507 1504
1508 1507 1506
1509 1506 1503
1509 1503 1505
1508 1506 1510
1510 1506 1509
1510 1511 1508
1512 1505 1501
1512 1501 1502
1513 1502 1490
1513 1490 1487
1514 1509 1505
1514 1505 1512
1510 1509 1515
1515 1509 1514
1510 1516 1511
1515 1516 1510
1517 1511 1516
1518 1512 1502
1518 1502 1513
1519 1513 1487
1519 1487 1484
1520 1514 1512
1520 1512 1518
1521 1518 1513
1521 1513 1519
1520 1518 1521
1517 1516 1522
1523 1517 1522
1524 1519 1484
1524 1484 1481
1525 1519 1524
1525 1521 1519
1481 1526 1524
1525 1524 1526
1527 1514 1520
1527 1520 1528
1515 1514 1527
1515 1529 1516
1529 1522 1516
1530 1515 1527
1530 1529 1515
1527 1528 1530
1520 1521 1531
1528 1520 1531
1532 1521 1525
1532 1531 1521
1529 1533 1522
1530 1533 1529
1525 1526 1534
1532 1525 1534
1535 1530 1528
1530 1535 1533
1536 1522 1533
1523 1522 1536
1537 1523 1536
1526 1538 1534
1526 1539 1538
1532 1534 1540
1534 1541 1540
1534 1542 1541
1543 1532 1540
1543 1531 1532
1543 1544 1531
1528 1531 1544
1537 1536 1545
1546 1537 1545
1546 1547 1537
1548 1547 1546
1545 1536 1549
1536 1533 1549
1545 1549 1550
1546 1545 1550
1533 1551 1549
1551 1550 1549
1533 1535 1551
1548 1546 1552
1553 1548 1552
1546 1550 1554
1552 1546 1554
1553 1552 1555
1556 1553 1555
1556 1555 1557
1558 1557 1555
1555 1552 1559
1552 1554 1559
1560 1554 1550
1551 1560 1550
1558 1555 1561
1555 1559 1561
1562 1559 1554
1560 1562 1554
1551 1563 1560
1562 1560 1563
1558 1561 1564
1558 1564 1565
1561 1559 1566
1562 1566 1559
1561 1566 1564
1565 1564 1567
1565 1567 1568
1566 1562 1569
1562 1563 1569
1564 1566 1570
1564 1570 1567
1566 1569 1570
1551 1571 1563
1535 1571 1551
1568 1567 1572
1568 1572 1573
1569 1563 1574
1571 1574 1563
1570 1569 1575
1569 1574 1575
1567 1570 1576
1567 1576 1572
1570 1575 1576
1535 1577 1571
1535 1528 1577
1573 1572 1578
1573 1578 1579
1572 1576 1580
1572 1580 1578
1576 1575 1581
1576 1581 1580
1577 1582 1571
1571 1582 1574
1583 1577 1528
1577 1583 1582
1583 1528 1544
1579 1578 1584
1579 1584 1585
1584 1586 1585
1584 1587 1586
1578 1588 1584
1578 1580 1588
1588 1589 1584
1588 1590 1589
1580 1591 1588
1591 1592 1588
1591 1593 1592
1580 1581 1591
1581 1594 1591
1594 1595 1591
1594 1596 1595
1581 1597 1594
1575 1597 1581
1575 1574 1597
1597 1598 1594
1598 1599 1594
1598 1600 1599
1574 1601 1597
1597 1601 1598
1574 1582 1601
1583 1601 1582
1601 1602 1598
1602 1603 1598
1602 1604 1603
1583 1605 1601
1601 1605 1602
1605 1583 1544
1605 1544 1543
1606 1602 1605
1606 1605 1543
1602 1606 1607
1543 1540 1606
1540 1608 1606
1540 1609 1608
1475 1610 1611
1475 1611 1612
1481 1475 1612
1481 1612 1526
1612 1613 1526
1612 1614 1613
1615 1616 1617
1615 1618 1616
1618 1619 1616
1618 1620 1619
1621 1618 1615
1622 1620 1618
1621 1623 1618
1622 1618 1623
1624 1623 1621
1622 1623 1625
1624 1625 1623
1622 1625 1626
1625 1627 1626
1624 1628 1625
1625 1628 1627
1624 1629 1628
1630 1627 1628
1629 1631 1628
1630 1628 1631
1629 1632 1631
1631 1633 1630
1632 1634 1631
1631 1634 1633
1632 1635 1634
1634 1636 1633
1637 1634 1635
1634 1637 1636
1637 1635 1638
1637 1639 1636
1638 1640 1637
1637 1640 1639
1638 1641 1640
1642 1640 1641
1643 1639 1640
1642 1643 1640
1643 1644 1639
1643 1642 1645
1646 1644 1643
1643 1645 1646
1646 1647 1644
1648 1646 1645
1649 1647 1646
1648 1649 1646
1649 1650 1647
1651 1649 1648
1650 1649 1652
1651 1652 1649
1650 1652 1653
1654 1652 1651
1655 1653 1652
1654 1655 1652
1655 1656 1653
1657 1656 1655
1654 1658 1655
1657 1655 1658
1654 1659 1658
1657 1658 1660
1659 1660 1658
1657 1660 1661
1660 1662 1661
1659 1663 1660
1660 1664 1662
1663 1664 1660
1663 1665 1664
1666 1667 1668
1666 1668 1669
1670 1669 1668
1670 1671 1669
1666 1669 1672
1672 1669 1671
1666 1672 1673
1672 1671 1674
1673 1672 1675
1675 1672 1674
1673 1675 1676
1675 1674 1677
1678 1676 1675
1675 1677 1679
1675 1679 1678
1680 1678 1679
1680 1679 1681
1682 1680 1681
1682 1683 1680
1682 1684 1683
1682 1685 1684
1684 1685 1686
1684 1686 1687
1688 1687 1686
1688 1686 1689
1687 1688 1690
1688 1689 1691
1690 1688 1692
1688 1691 1692
1690 1692 1693
1692 1691 1694
1693 1692 1695
1692 1694 1695
1696 1695 1694
1693 1695 1697
1696 1698 1695
1697 1695 1698
1697 1698 1699
1700 1701 1702
1700 1702 1703
1703 1702 1704
1703 1704 1705
1705 1706 1703
1707 1703 1706
1707 1708 1703
1705 1709 1706
1710 1709 1705
1705 1711 1710
1705 1712 1711
1710 1713 1709
1713 1710 1714
1713 1714 1715
1709 1716 1706
1717 1706 1716
1717 1718 1706
1719 1709 1713
1709 1719 1716
1719 1713 1720
1720 1713 1721
1720 1721 1722
1719 1723 1716
1724 1716 1723
1724 1725 1716
1720 1726 1719
1719 1726 1723
1720 1727 1726
1727 1720 1728
1727 1728 1729
1730 1723 1726
1731 1726 1727
1731 1730 1726
1727 1732 1731
1727 1733 1732
1730 1734 1723
1735 1723 1734
1735 1734 1736
1730 1731 1737
1731 1738 1737
1731 1739 1738
1740 1734 1730
1730 1737 1740
1740 1741 1734
1742 1734 1741
1742 1741 1743
1744 1740 1737
1737 1745 1744
1737 1746 1745
1744 1747 1740
1747 1741 1740
1747 1744 1748
1747 1748 1749
1747 1750 1741
1750 1747 1751
1752 1741 1750
1752 1750 1753
1750 1751 1754
1755 1750 1754
1755 1754 1756
1757 1758 1759
1757 1760 1758
1761 1760 1757
1762 1761 1757
1762 1757 1763
1763 1757 1764
1763 1764 1765
1766 1762 1763
1766 1763 1767
1767 1763 1768
1767 1768 1769
1770 1762 1766
1770 1771 1762
1771 1761 1762
1772 1771 1770
1772 1773 1771
1774 1773 1772
1771 1775 1761
1773 1775 1771
1774 1776 1773
1777 1776 1774
1775 1778 1761
1761 1778 1760
1773 1779 1775
1776 1779 1773
1777 1780 1776
1781 1780 1777
1775 1782 1778
1779 1782 1775
1783 1776 1780
1776 1783 1779
1781 1784 1780
1785 1784 1781
1786 1780 1784
1783 1780 1786
1785 1787 1784
1786 1784 1787
1788 1787 1785
1788 1789 1787
1786 1787 1789
1790 1789 1788
1786 1789 1791
1790 1791 1789
1783 1786 1791
1792 1791 1790
1783 1791 1793
1792 1793 1791
1779 1783 1793
1794 1793 1792
1779 1793 1795
1794 1795 1793
1796 1795 1794
1779 1795 1782
1796 1782 1795
1797 1782 1796
1797 1778 1782
1798 1778 1797
1798 1760 1778
1799 1760 1798
1799 1800 1760
1801 1802 1803
1801 1803 1804
1804 1803 1805
1804 1805 1806
1806 1805 1807
1806 1807 1808
1808 1807 1809
1808 1809 1810
1810 1809 1811
1810 1811 1812
1812 1811 1813
1812 1813 1814
1814 1813 1815
1814 1815 1816
1816 1815 1817
1816 1817 1818
1815 1813 1819
1817 1815 1819
1820 1813 1811
1820 1819 1813
1821 1811 1809
1821 1820 1811
1822 1809 1807
1822 1821 1809
1818 1817 1823
1818 1823 1824
1817 1819 1825
1823 1817 1825
1820 1825 1819
1824 1823 1826
1826 1823 1825
1824 1826 1827
1820 1828 1825
1828 1826 1825
1827 1826 1829
1828 1829 1826
1827 1829 1830
1831 1828 1820
1831 1820 1821
1831 1829 1828
1830 1829 1832
1831 1832 1829
1830 1832 1833
1833 1832 1834
1831 1834 1832
1833 1834 1835
1821 1836 1831
1831 1836 1834
1821 1822 1836
1835 1834 1837
1836 1837 1834
1835 1837 1838
1822 1839 1836
1836 1839 1837
1838 1837 1840
1839 1840 1837
1838 1840 1841
1841 1840 1842
1841 1842 1843
1822 1844 1839
1844 1822 1807
1844 1807 1805
1839 1845 1840
1844 1845 1839
1845 1846 1840
1845 1847 1846
1848 1844 1805
1844 1848 1845
1848 1849 1845
1848 1850 1849
1848 1805 1803
1803 1851 1848
1803 1852 1851
1853 1854 1855
1853 1855 1856
1857 1853 1856
1858 1853 1857
1858 1859 1853
1859 1860 1853
1859 1861 1860
1862 1859 1858
1862 1863 1859
1863 1864 1859
1863 1865 1864
1866 1862 1858
1866 1858 1867
1867 1858 1857
1868 1866 1867
1868 1867 1869
1870 1868 1869
1867 1857 1871
1869 1867 1871
1870 1869 1872
1873 1870 1872
1871 1857 1874
1857 1856 1874
1869 1871 1875
1872 1869 1875
1873 1872 1876
1877 1873 1876
1871 1874 1878
1875 1871 1878
1879 1876 1872
1872 1875 1879
1877 1876 1880
1881 1877 1880
1882 1880 1876
1879 1882 1876
1881 1880 1883
1882 1883 1880
1884 1881 1883
1884 1883 1885
1882 1885 1883
1886 1884 1885
1882 1887 1885
1886 1885 1887
1879 1887 1882
1888 1886 1887
1879 1889 1887
1888 1887 1889
1875 1889 1879
1890 1888 1889
1875 1891 1889
1890 1889 1891
1892 1890 1891
1875 1878 1891
1892 1891 1878
1893 1892 1878
1893 1878 1874
1894 1893 1874
1894 1874 1856
1895 1894 1856
1895 1856 1896
1897 1898 1899
1897 1900 1898
1900 1901 1898
1900 1902 1901
1902 1903 1901
1902 1904 1903
1904 1905 1903
1904 1906 1905
1906 1907 1905
1906 1908 1907
1908 1909 1907
1908 1910 1909
1910 1911 1909
1910 1912 1911
1912 1913 1911
1912 1914 1913
1911 1915 1909
1913 1915 1911
1916 1907 1909
1916 1909 1915
1917 1905 1907
1917 1907 1916
1918 1903 1905
1918 1905 1917
1914 1919 1913
1914 1920 1919
1913 1921 1915
1919 1921 1913
1916 1915 1921
1920 1922 1919
1922 1921 1919
1920 1923 1922
1916 1921 1924
1924 1921 1922
1923 1925 1922
1924 1922 1925
1923 1926 1925
1927 1916 1924
1927 1917 1916
1927 1924 1925
1926 1928 1925
1927 1925 1928
1926 1929 1928
1929 1930 1928
1927 1928 1930
1929 1931 1930
1917 1927 1932
1927 1930 1932
1917 1932 1918
1931 1933 1930
1932 1930 1933
1931 1934 1933
1918 1932 1935
1932 1933 1935
1934 1936 1933
1935 1933 1936
1934 1937 1936
1937 1938 1936
1937 1939 1938
1918 1935 1940
1940 1903 1918
1940 1901 1903
1935 1936 1941
1940 1935 1941
1941 1936 1942
1941 1942 1943
1944 1901 1940
1940 1941 1944
1944 1941 1945
1944 1945 1946
1944 1898 1901
1898 1944 1947
1898 1947 1948
1949 1950 1951
1949 1951 1952
1953 1954 1955
1953 1955 1956
1957 1958 1959
1957 1959 602
607 1960 1961
607 1961 1962
1963 1964 1965
1963 1965 1966
1965 1967 1966
1967 1968 1966
1968 1969 1966
1968 1970 1969
1965 1971 1967
1972 1971 1965
1965 1973 1972
1965 1974 1973
1967 1975 1968
1971 1976 1967
1967 1977 1975
1967 1976 1977
1978 1968 1975
1975 1977 1979
1975 1979 1978
1978 1980 1968
1980 1981 1968
1980 1982 1981
1983 1980 1978
1978 1979 1984
1978 1984 1983
1983 1985 1980
1985 1986 1980
1985 1987 1986
1985 1983 1988
1985 1988 1989
1989 1990 1985
1989 1991 1990
1983 1992 1988
1983 1984 1992
1984 1993 1992
1984 1994 1993
1979 1994 1984
1995 1993 1994
1979 1996 1994
1977 1996 1979
1995 1994 1997
1997 1994 1996
1998 1995 1997
1977 1999 1996
1976 1999 1977
1998 1997 2000
2000 2001 1998
1997 1996 2002
2002 1996 1999
2000 1997 2002
1976 2003 1999
2002 1999 2004
2004 1999 2003
2000 2002 2005
2005 2002 2004
2000 2006 2001
2005 2006 2000
2007 2001 2006
2007 2008 2001
2005 2009 2006
2007 2006 2009
2005 2004 2010
2010 2009 2005
2011 2003 1976
1971 2011 1976
2004 2003 2012
2010 2004 2012
2010 2013 2009
2007 2009 2013
2014 2013 2010
2010 2012 2014
2012 2003 2015
2011 2015 2003
2012 2015 2016
2014 2012 2016
2014 2017 2013
2007 2013 2017
2018 2017 2014
2014 2016 2018
2016 2015 2019
2019 2015 2011
2011 1971 2020
1972 2020 1971
2007 2017 2021
2018 2021 2017
2018 2016 2022
2016 2019 2022
2007 2021 2023
2007 2023 2008
2024 2021 2018
2018 2022 2024
2024 2023 2021
2011 2020 2025
2019 2011 2025
2026 2020 1972
1972 2027 2026
1972 2028 2027
2029 2025 2020
2026 2029 2020
2030 2019 2025
2029 2030 2025
2022 2019 2031
2030 2031 2019
2024 2022 2032
2022 2031 2032
2033 2023 2024
2024 2032 2033
2033 2034 2023
2023 2034 2008
2029 2026 2035
2026 2036 2035
2026 2037 2036
2038 2030 2029
2029 2035 2038
2039 2031 2030
2038 2039 2030
2032 2031 2040
2039 2040 2031
2033 2032 2041
2032 2040 2041
2042 2034 2033
2033 2041 2042
2043 2008 2034
2042 2043 2034
2038 2035 2044
2035 2045 2044
2035 2046 2045
2047 2039 2038
2038 2044 2047
2048 2040 2039
2047 2048 2039
2041 2040 2049
2048 2049 2040
2042 2041 2050
2041 2049 2050
2051 2043 2042
2042 2050 2051
2051 2052 2043
2043 2052 2008
2053 2008 2052
2053 2054 2008
2055 2054 2053
2056 2053 2052
2055 2053 2056
2056 2052 2051
2056 2057 2055
2051 2058 2056
2056 2058 2057
2051 2050 2058
2058 2059 2057
2050 2060 2058
2058 2060 2059
2050 2049 2060
2061 2059 2060
2062 2060 2049
2061 2060 2062
2062 2049 2048
2063 2061 2062
2064 2062 2048
2063 2062 2064
2064 2048 2047
2065 2063 2064
2066 2064 2047
2065 2064 2066
2066 2067 2065
2066 2068 2067
2066 2047 2044
2044 2069 2066
2044 2070 2069
2071 2072 2073
2071 2074 2072
2072 2074 2075
2075 2074 2076
2076 2074 2077
2076 2077 2078
2072 2075 2079
2080 2072 2079
2072 2080 2081
2072 2081 2082
2075 2076 2083
2079 2075 2084
2075 2083 2085
2075 2085 2084
2086 2083 2076
2083 2087 2085
2083 2086 2087
2086 2076 2088
2088 2076 2089
2088 2089 2090
2091 2086 2088
2086 2092 2087
2086 2091 2092
2091 2088 2093
2093 2088 2094
2093 2094 2095
2093 2096 2091
2093 2097 2096
2097 2093 2098
2097 2098 2099
2091 2096 2100
2091 2100 2092
2092 2100 2101
2092 2101 2102
2087 2092 2102
2103 2102 2101
2087 2102 2104
2085 2087 2104
2103 2105 2102
2105 2104 2102
2106 2105 2103
2085 2104 2107
2084 2085 2107
2106 2108 2105
2108 2106 2109
2105 2110 2104
2110 2107 2104
2108 2110 2105
2084 2107 2111
2110 2112 2107
2112 2111 2107
2108 2113 2110
2113 2112 2110
2108 2109 2114
2113 2108 2114
2115 2114 2109
2115 2109 2116
2113 2114 2117
2115 2117 2114
2113 2118 2112
2118 2113 2117
2119 2084 2111
2079 2084 2119
2112 2120 2111
2118 2120 2112
2118 2117 2121
2115 2121 2117
2122 2118 2121
2118 2122 2120
2120 2123 2111
2119 2111 2123
2120 2124 2123
2122 2124 2120
2122 2121 2125
2115 2125 2121
2126 2122 2125
2122 2126 2124
2124 2127 2123
2127 2119 2123
2119 2128 2079
2080 2079 2128
2115 2129 2125
2126 2125 2129
2126 2130 2124
2124 2130 2127
2115 2131 2129
2115 2116 2131
2132 2126 2129
2126 2132 2130
2132 2129 2131
2119 2133 2128
2127 2133 2119
2134 2080 2128
2080 2134 2135
2080 2135 2136
2137 2128 2133
2134 2128 2137
2138 2133 2127
2137 2133 2138
2130 2139 2127
2138 2127 2139
2132 2140 2130
2130 2140 2139
2141 2132 2131
2132 2141 2140
2141 2131 2142
2131 2116 2142
2137 2143 2134
2134 2143 2144
2134 2144 2145
2146 2137 2138
2137 2146 2143
2147 2138 2139
2146 2138 2147
2140 2148 2139
2147 2139 2148
2141 2149 2140
2140 2149 2148
2150 2141 2142
2141 2150 2149
2151 2142 2116
2150 2142 2151
2146 2152 2143
2143 2152 2153
2143 2153 2154
2155 2146 2147
2146 2155 2152
2156 2147 2148
2155 2147 2156
2149 2157 2148
2156 2148 2157
2150 2158 2149
2149 2158 2157
2159 2150 2151
2150 2159 2158
2159 2151 2160
2151 2116 2160
2161 2160 2116
2161 2116 2162
2163 2161 2162
2164 2160 2161
2163 2164 2161
2164 2159 2160
2164 2163 2165
2159 2164 2166
2164 2165 2166
2159 2166 2158
2166 2165 2167
2158 2166 2168
2166 2167 2168
2158 2168 2157
2169 2168 2167
2170 2157 2168
2169 2170 2168
2170 2156 2157
2171 2170 2169
2172 2156 2170
2171 2172 2170
2172 2155 2156
2173 2172 2171
2174 2155 2172
2173 2174 2172
2174 2173 2175
2174 2175 2176
2174 2152 2155
2152 2174 2177
2152 2177 2178
2179 2180 2181
2179 2181 2182
2183 2184 2185
2183 2185 2186
2187 2188 2189
2187 2190 2188
2190 2187 2191
2188 2190 2192
2188 2192 2193
2193 2192 2194
2193 2194 2195
2190 2191 2196
2190 2197 2192
2190 2196 2197
2191 2198 2196
2197 2196 2198
2191 2199 2198
2198 2199 2200
2192 2197 2201
2192 2201 2202
2197 2198 2203
2204 2197 2203
2204 2203 2205
2198 2200 2206
2203 2198 2206
2200 2207 2206
2200 2208 2207
2203 2206 2209
2209 2206 2207
2203 2209 2210
2203 2210 2211
2208 2212 2207
2208 2213 2212
2209 2207 2214
2214 2207 2212
2215 2209 2214
2215 2214 2216
2213 2217 2212
2213 2218 2217
2218 2219 2217
2218 2220 2219
2221 2219 2220
2214 2212 2222
2222 2212 2217
2214 2222 2223
2214 2223 2224
2222 2217 2225
2225 2217 2219
2222 2225 2226
2222 2226 2227
2221 2228 2219
2229 2228 2221
2225 2219 2230
2231 2225 2230
2231 2230 2232
2233 2230 2219
2233 2219 2228
2233 2234 2230
2233 2235 2234
2229 2236 2228
2237 2236 2229
2238 2233 2228
2238 2228 2236
2239 2233 2238
2239 2240 2233
2237 2241 2236
2242 2241 2237
2243 2238 2236
2243 2236 2241
2243 2244 2238
2243 2245 2244
2242 2246 2241
2247 2243 2241
2247 2241 2246
2248 2243 2247
2248 2249 2243
2250 2246 2242
2250 2242 2251
2252 2250 2251
2253 2247 2246
2253 2246 2250
2254 2253 2250
2255 2247 2253
2255 2253 2256
2254 2257 2253
2254 2258 2257
2252 2259 2250
2254 2250 2259
2260 2259 2252
2260 2254 2259
2260 2252 2261
2261 2262 2260
2261 2263 2262
2262 2264 2260
2260 2264 2254
2262 2265 2264
2254 2264 2266
2265 2266 2264
2254 2266 2267
2265 2268 2266
2269 2270 2271
2269 2271 2272
2273 2274 2275
2273 2275 2276
2277 2278 2279
2277 2279 2280
2281 2282 2283
2281 2283 2284
2285 2283 2286
2285 2286 2287
2288 2289 2290
2288 2290 2291
2292 2293 2294
2292 2294 2295
2296 2297 2298
2296 2298 2299
2300 2301 2302
2300 2302 2303
2300 2304 2305
2300 2305 2306
2307 2308 2309
2307 2309 2310
2311 2312 2313
2311 2314 2312
2315 2316 2314
2315 2314 2317
2318 2319 2320
2318 2321 2319
2322 2323 2321
2322 2321 2324
2322 2325 2326
2322 2326 2327
2328 2329 2330
2328 2330 2331
2332 2333 2334
2332 2334 2335
2336 2337 2338
2336 2338 2339
2340 2341 2342
2340 2342 2343
2343 2344 2345
2343 2345 2346
2347 2348 2349
2347 2349 2350
2351 2352 2353
2351 2353 2354
2355 2356 2357
2355 2357 2358
2359 2360 2361
2359 2361 2362
2363 2364 2365
2363 2365 2366
2367 2368 2363
2367 2369 2368
2370 2371 2372
2370 2372 2373
2374 2375 2376
2374 2376 2377
2378 2379 2380
2378 2380 2381
2382 2383 2384
2382 2384 2385
2386 2387 2384
2386 2384 2388
2389 2390 2391
2389 2391 2392
2393 2394 2395
2393 2395 2396
2397 2398 2399
2397 2399 2400
2401 2402 2403
2401 2403 2404
2405 2406 2407
2405 2407 2408
2409 2410 2411
2409 2411 2412
2413 2414 2415
2413 2415 2416
2417 2413 2418
2417 2418 2419
2420 2421 2422
2420 2422 2423
2424 2425 2426
2424 2426 2427
2428 2429 2430
2428 2430 2431
2432 2433 2434
2432 2434 2435
2436 2437 2438
2436 2438 2439
2440 2441 2442
2440 2442 2443
2444 2445 2446
2444 2446 2447
2448 2449 2450
2451 2448 2450
2448 2452 2449
2452 2453 2449
2452 2454 2453
2455 2453 2454
2455 2454 2456
2456 2457 2455
2456 2458 2457
2459 2457 2458
2451 2460 2448
2452 2448 2461
2460 2461 2448
2462 2454 2452
2452 2461 2462
2456 2454 2463
2462 2463 2454
2451 2464 2460
2465 2464 2451
2464 2465 2466
2464 2466 2467
2468 2461 2460
2468 2460 2464
2462 2461 2468
2469 2464 2467
2468 2464 2469
2469 2467 2470
2471 2469 2470
2471 2472 2469
2472 2468 2469
2472 2473 2468
2473 2462 2468
2473 2474 2462
2474 2463 2462
2474 2475 2463
2476 2463 2475
2456 2463 2476
2476 2475 2477
2476 2458 2456
2478 2476 2477
2479 2478 2477
2478 2479 2480
2476 2481 2458
2478 2481 2476
2482 2458 2481
2459 2458 2482
2483 2481 2478
2482 2481 2483
2484 2478 2480
2483 2478 2484
2459 2482 2485
2459 2485 2486
2482 2483 2487
2482 2487 2485
2488 2486 2485
2488 2489 2486
2483 2490 2487
2483 2484 2490
2491 2485 2487
2491 2488 2485
2490 2491 2487
2484 2480 2492
2493 2492 2480
2493 2494 2492
2495 2492 2494
2495 2496 2492
2484 2492 2496
2484 2496 2490
2490 2496 2497
2497 2498 2490
2490 2498 2491
2491 2498 2499
2491 2499 2500
2488 2491 2500
2501 2500 2499
2488 2500 2502
2489 2488 2502
2489 2502 2503
2501 2504 2500
2504 2502 2500
2505 2504 2501
2506 2503 2502
2504 2506 2502
2506 2507 2503
2505 2508 2504
2509 2508 2505
2510 2507 2506
2510 2511 2507
2512 2511 2510
2506 2504 2513
2506 2513 2510
2504 2508 2513
2514 2510 2513
2512 2510 2514
2508 2514 2513
2515 2512 2514
2508 2515 2514
2516 2512 2515
2515 2517 2516
2515 2518 2517
2509 2519 2508
2508 2519 2515
2519 2518 2515
2520 2519 2509
2519 2521 2518
2520 2521 2519
2522 2523 2524
2525 2522 2524
2526 2523 2522
2522 2525 2527
2526 2522 2528
2522 2527 2528
2526 2528 2529
2529 2528 2527
2526 2529 2530
2529 2527 2531
2529 2532 2530
2531 2533 2529
2529 2533 2532
2531 2534 2533
2535 2532 2533
2533 2534 2536
2535 2533 2537
2533 2536 2537
2538 2535 2537
2537 2536 2539
2538 2537 2540
2537 2539 2540
2541 2542 2543
2544 2542 2541
2541 2543 2545
2545 2543 2546
2544 2541 2547
2547 2541 2545
2545 2546 2548
2548 2546 2549
2550 2544 2547
2550 2551 2544
2550 2552 2551
2547 2545 2553
2553 2545 2548
2547 2554 2550
2550 2554 2552
2547 2553 2554
2548 2549 2555
2555 2549 2556
2553 2548 2557
2554 2553 2557
2557 2548 2555
2558 2552 2554
2554 2557 2558
2558 2559 2552
2560 2559 2558
2561 2558 2557
2560 2558 2561
2561 2557 2562
2557 2555 2562
2563 2560 2561
2563 2561 2562
2563 2564 2560
2555 2565 2562
2563 2562 2565
2555 2556 2566
2555 2566 2565
2556 2567 2566
2565 2566 2567
2556 2568 2567
2567 2568 2569
2570 2564 2563
2570 2571 2564
2569 2571 2570
2572 2563 2565
2565 2567 2572
2572 2570 2563
2567 2569 2573
2567 2573 2572
2573 2570 2572
2569 2570 2573
2574 2575 2576
2577 2574 2576
2578 2577 2576
2575 2579 2576
2578 2576 2579
2575 2580 2579
2581 2578 2579
2579 2580 2582
2581 2579 2583
2579 2582 2583
2584 2581 2583
2582 2585 2583
2584 2583 2585
2582 2586 2585
2585 2586 2587
2584 2585 2588
2589 2584 2588
2585 2587 2590
2585 2590 2588
2589 2588 2591
2589 2591 2592
2591 2593 2592
2587 2594 2590
2587 2595 2594
2595 2596 2594
2588 2590 2597
2588 2597 2591
2594 2597 2590
2591 2598 2593
2597 2598 2591
2599 2593 2598
2596 2600 2594
2596 2601 2600
2600 2601 2602
2594 2603 2597
2597 2603 2598
2594 2600 2603
2599 2598 2604
2604 2598 2603
2605 2599 2604
2600 2602 2606
2603 2600 2606
2602 2607 2606
2602 2608 2607
2607 2608 2609
2607 2609 2610
2611 2607 2610
2603 2606 2612
2607 2612 2606
2604 2603 2612
2607 2613 2612
2611 2613 2607
2613 2604 2612
2605 2604 2614
2613 2614 2604
2611 2614 2613
2615 2605 2614
2611 2615 2614
2616 2617 2618
2619 2618 2617
2616 2620 2617
2621 2620 2616
2621 2622 2620
2623 2622 2621
2623 2624 2622
2625 2624 2623
2625 2626 2624
2627 2626 2625
2627 2628 2626
2629 2628 2627
2630 2628 2629
2630 2629 2631
2632 2630 2631
2626 2628 2633
2628 2630 2633
2624 2626 2634
2626 2633 2634
2622 2624 2635
2624 2634 2635
2622 2636 2620
2622 2635 2636
2632 2637 2630
2638 2637 2632
2639 2633 2630
2634 2633 2639
2639 2630 2637
2635 2634 2640
2635 2640 2636
2634 2639 2640
2641 2620 2636
2641 2617 2620
2638 2642 2637
2642 2639 2637
2640 2639 2643
2642 2643 2639
2644 2636 2640
2644 2641 2636
2640 2643 2644
2645 2642 2638
2642 2645 2643
2645 2638 2646
2647 2645 2646
2648 2617 2641
2619 2617 2648
2649 2641 2644
2648 2641 2649
2619 2648 2650
2649 2650 2648
2619 2650 2651
2650 2652 2651
2653 2644 2643
2649 2644 2653
2647 2654 2645
2655 2654 2647
2656 2643 2645
2645 2654 2656
2653 2643 2656
2655 2657 2654
2657 2656 2654
2658 2657 2655
2653 2656 2659
2657 2659 2656
2660 2649 2653
2653 2659 2660
2649 2661 2650
2660 2661 2649
2662 2659 2657
2660 2659 2662
2658 2663 2657
2662 2657 2663
2664 2663 2658
2664 2662 2663
2664 2658 2665
2666 2664 2665
2667 2650 2661
2650 2667 2652
2668 2661 2660
2667 2661 2668
2660 2662 2669
2668 2660 2669
2666 2670 2664
2671 2670 2666
2664 2672 2662
2669 2662 2672
2672 2664 2670
2652 2667 2673
2652 2673 2674
2673 2675 2674
2676 2668 2669
2669 2672 2676
2677 2667 2668
2677 2673 2667
2676 2677 2668
2678 2676 2672
2677 2676 2678
2672 2670 2678
2673 2677 2679
2673 2679 2675
2679 2677 2678
2675 2679 2680
2678 2680 2679
2675 2680 2681
2670 2682 2678
2678 2682 2680
2681 2680 2683
2680 2682 2683
2681 2683 2684
2683 2671 2684
2670 2685 2682
2685 2683 2682
2683 2685 2671
2671 2685 2670
2686 2687 2688
2689 2687 2686
2688 2687 2690
2691 2687 2689
2690 2687 2692
2693 2687 2691
2692 2687 2694
2695 2687 2693
2694 2687 2696
2697 2687 2695
2696 2687 2698
2698 2687 2697
2699 2700 2701
2699 2701 2702
2699 2703 2700
2699 2702 2704
2699 2705 2703
2699 2704 2706
2699 2707 2705
2699 2706 2707
2708 2709 2710
2708 2710 2711
2712 2709 2708
2711 2710 2713
2712 2714 2709
2711 2713 2715
2716 2714 2712
2715 2713 2717
2716 2718 2714
2715 2717 2719
2720 2718 2716
2719 2717 2721
2720 2722 2718
2719 2721 2723
2724 2722 2720
2723 2721 2725
2724 2726 2722
2723 2725 2727
2728 2726 2724
2727 2725 2729
2728 2730 2726
2727 2729 2731
2731 2730 2728
2731 2729 2730
