byte offset: 0
first index: 0
index count: 8142
topology: trianglelist
format: DXGI_FORMAT_R16_UINT

0 1 2
0 3 4
0 5 3
3 5 6
7 6 5
7 5 8
8 9 7
8 10 9
10 11 9
10 12 11
13 8 5
13 10 8
5 0 14
14 13 5
10 15 12
13 16 10
16 15 10
17 12 15
17 18 12
17 19 18
17 20 19
17 21 20
17 22 21
15 22 17
22 23 21
24 22 15
24 15 16
22 25 23
24 25 22
23 25 26
23 26 27
25 28 26
25 29 28
24 29 25
29 30 28
29 31 30
31 29 24
32 30 31
32 31 33
31 24 34
33 31 34
16 34 24
33 34 35
34 36 35
16 37 34
34 37 36
13 37 16
38 36 37
13 39 37
38 37 39
14 39 13
14 38 39
14 40 38
0 40 14
0 41 40
0 42 41
42 0 43
44 45 42
45 46 47
48 49 50
48 51 52
48 52 53
52 54 53
55 53 54
55 56 53
56 55 57
56 57 58
58 57 59
58 59 60
61 53 56
61 56 58
53 62 48
62 53 61
58 60 63
61 58 64
64 58 63
65 63 60
65 60 66
65 66 67
65 67 68
65 68 69
65 69 70
63 65 70
70 69 71
72 63 70
72 64 63
70 71 73
72 70 73
71 74 73
71 75 74
73 74 76
73 76 77
72 73 77
77 76 78
77 78 79
79 72 77
80 79 78
80 81 79
79 82 72
81 82 79
64 72 82
81 83 82
82 83 84
64 82 85
82 84 85
61 64 85
86 85 84
61 85 87
86 87 85
62 61 87
62 87 86
62 86 88
48 62 88
48 88 89
48 89 90
90 91 48
90 92 93
94 92 95
96 97 98
99 100 101
102 103 104
102 105 103
106 105 102
103 105 107
103 107 108
105 109 107
105 110 109
106 110 105
109 110 111
110 106 112
111 110 112
106 113 112
114 111 112
112 113 115
114 112 116
112 115 116
114 116 117
116 118 117
119 116 115
116 119 118
119 115 120
119 121 118
122 119 120
119 123 121
122 123 119
121 123 124
124 123 122
121 124 125
124 122 126
127 125 124
124 126 128
127 124 129
124 128 129
127 129 130
131 129 128
130 129 131
131 128 132
130 131 133
134 135 136
134 137 135
138 137 134
138 134 139
138 139 140
135 137 141
135 141 142
141 143 142
141 144 143
137 145 141
145 144 141
137 138 145
145 146 144
147 146 145
147 145 138
147 148 146
138 140 149
147 138 149
150 148 147
149 150 147
150 151 148
150 152 151
150 153 152
153 150 154
149 154 150
140 154 149
140 155 154
156 157 158
156 159 157
159 160 157
156 161 159
156 162 161
159 163 160
161 163 159
163 164 160
162 165 161
162 166 165
161 167 163
167 161 165
163 168 164
169 164 168
170 168 163
170 163 167
169 168 171
171 168 170
171 172 169
173 165 166
173 166 174
175 173 174
175 174 176
173 177 165
175 177 173
167 165 178
178 165 177
167 179 170
167 178 179
171 180 172
180 181 172
171 170 182
179 182 170
171 183 180
171 182 183
180 184 181
184 180 183
181 184 185
181 185 186
185 187 186
184 183 188
188 185 184
189 188 183
182 190 183
189 183 190
185 191 187
191 192 187
191 193 192
188 194 185
191 185 194
189 194 188
193 191 195
191 194 195
193 195 196
197 196 195
197 195 198
198 195 194
197 198 199
198 194 200
189 200 194
201 199 198
200 201 198
202 199 201
203 200 189
200 203 201
202 201 204
205 202 204
203 206 201
206 204 201
205 204 207
208 205 207
208 209 205
210 209 208
206 211 204
207 204 211
203 212 206
212 211 206
210 208 213
214 210 213
215 208 207
207 211 215
215 216 208
211 217 215
216 215 217
208 216 218
208 218 213
212 219 211
211 219 217
212 220 219
217 219 220
203 221 212
212 221 220
222 216 217
218 216 222
203 223 221
203 189 223
189 224 223
189 190 224
190 225 224
226 223 224
226 221 223
226 224 225
217 220 227
222 217 227
227 228 222
227 229 228
229 227 220
230 220 221
229 220 230
230 221 226
230 231 229
229 231 228
232 230 226
230 232 231
232 226 233
226 225 233
234 232 233
234 231 232
234 233 225
225 235 234
234 236 231
228 231 236
236 234 235
228 237 222
218 222 237
225 238 235
238 225 239
239 225 190
182 239 190
179 239 182
238 239 179
238 179 240
235 238 240
178 240 179
178 241 240
178 177 241
242 240 241
235 240 242
177 243 241
242 241 243
235 242 244
243 244 242
177 245 243
175 245 177
245 246 243
243 246 244
247 245 175
245 247 246
235 244 248
236 235 248
249 236 248
228 236 249
244 250 248
249 248 250
247 175 251
251 175 176
251 176 252
253 251 252
254 247 251
253 254 251
254 255 247
246 247 255
256 254 253
256 255 254
256 253 257
246 258 244
244 258 250
246 259 258
246 255 259
250 258 260
259 260 258
255 261 259
259 261 260
262 256 257
262 257 263
256 264 255
255 264 261
256 265 264
256 262 265
263 266 262
263 267 266
264 268 261
264 265 268
262 269 265
262 266 269
270 269 266
271 266 267
270 266 271
271 267 272
271 272 273
265 269 274
265 274 268
270 274 269
261 268 275
261 275 260
271 273 276
270 271 276
277 268 274
277 275 268
278 276 273
278 273 279
279 280 278
281 278 280
281 280 282
278 281 283
283 276 278
283 281 284
284 285 283
286 285 284
287 285 286
283 288 276
285 288 283
287 289 285
290 289 287
288 291 276
270 276 291
292 285 289
290 293 289
292 289 293
294 293 290
294 290 295
296 294 295
285 297 288
292 297 285
298 288 297
298 297 292
288 299 291
298 299 288
300 270 291
299 300 291
292 293 301
301 293 294
296 302 294
303 302 296
303 304 302
305 294 302
305 302 304
301 294 305
298 292 306
301 306 292
307 299 298
307 298 306
304 308 305
304 309 308
310 301 305
301 310 306
310 305 308
311 308 309
311 309 312
310 313 306
307 306 313
314 310 308
314 308 311
310 314 313
312 315 311
315 314 311
312 316 315
315 316 317
318 313 314
315 318 314
315 317 319
319 318 315
319 317 320
321 307 313
318 321 313
319 320 322
322 320 323
322 323 324
324 323 325
324 325 326
326 325 327
326 327 328
329 328 327
330 328 329
330 329 331
332 328 330
333 321 318
319 334 318
333 318 334
335 319 322
335 334 319
336 322 324
336 335 322
337 335 336
334 335 338
334 338 333
337 338 335
324 339 336
339 337 336
324 326 339
340 326 328
339 326 340
333 341 321
321 341 307
333 338 342
342 338 337
340 328 343
332 343 328
344 343 332
344 332 345
346 340 343
346 343 344
339 340 347
340 346 347
348 344 345
348 345 349
350 348 349
350 351 348
352 344 348
351 352 348
352 346 344
351 353 352
352 353 354
346 352 355
352 354 355
346 355 347
339 347 356
339 356 337
347 357 356
357 337 356
358 355 354
358 354 359
347 355 360
347 360 357
361 360 355
361 355 358
358 362 361
359 363 358
358 363 362
359 364 363
214 363 364
360 361 365
360 365 357
362 365 361
214 366 363
362 363 366
214 213 366
367 366 213
362 366 367
367 213 218
218 368 367
368 362 367
218 237 368
362 369 365
368 369 362
357 365 370
370 365 369
371 369 368
370 369 371
372 368 237
371 368 372
357 370 373
357 373 337
342 337 373
374 373 370
374 370 371
374 342 373
374 371 375
375 371 372
342 374 376
376 374 375
372 237 377
228 377 237
228 378 377
372 377 378
228 249 378
375 372 379
372 378 379
380 378 249
379 378 380
380 249 250
250 260 380
260 381 380
379 380 381
260 275 381
379 382 375
379 381 382
275 382 381
376 375 382
275 277 382
277 376 382
277 383 376
383 277 274
384 376 383
342 376 384
333 342 384
333 384 341
383 274 385
270 385 274
300 385 270
384 383 386
386 383 385
384 386 341
386 385 300
341 386 387
300 387 386
341 387 307
299 387 300
307 387 299
388 389 390
388 391 389
392 391 388
391 393 389
392 394 391
395 394 392
391 396 393
394 396 391
397 393 396
397 398 393
397 399 398
399 400 398
395 401 394
394 402 396
401 402 394
395 403 401
404 403 395
396 405 397
396 402 405
406 405 402
401 407 402
403 407 401
406 402 407
397 405 408
406 408 405
403 409 407
409 406 407
404 410 403
411 409 403
411 403 410
404 412 410
412 411 410
404 413 412
414 412 413
414 413 415
409 416 406
411 416 409
412 417 411
414 417 412
411 418 416
417 418 411
416 419 406
416 420 419
416 418 420
406 419 421
406 421 408
418 422 420
408 421 423
418 424 422
417 424 418
422 424 425
417 425 424
422 425 426
414 427 417
417 427 425
426 425 428
429 426 428
430 427 414
414 415 430
425 427 431
425 431 428
430 431 427
429 428 432
432 428 431
415 433 430
415 434 433
435 431 430
432 431 435
435 430 433
436 429 432
435 436 432
437 429 436
435 438 436
438 437 436
433 438 435
438 439 437
440 439 438
434 441 433
440 441 434
433 441 438
440 438 441
442 443 444
442 444 445
446 442 445
444 447 445
444 448 447
445 447 449
445 449 450
446 445 450
449 451 450
450 452 446
451 452 450
446 452 453
454 452 451
452 455 453
454 456 452
452 456 455
454 457 456
456 457 458
459 455 456
456 458 459
459 460 455
459 458 461
462 460 459
459 461 463
462 459 463
461 464 463
464 462 463
461 465 464
464 466 462
467 464 465
464 468 466
467 469 464
464 469 468
467 470 469
471 468 469
470 471 469
471 472 468
470 473 471
474 475 476
474 476 477
478 474 477
478 479 474
478 480 479
476 481 477
476 482 481
481 482 483
481 483 484
477 481 485
485 481 484
477 485 478
485 484 486
487 485 486
487 478 485
487 486 488
478 489 480
487 489 478
490 487 488
489 487 490
490 488 491
490 491 492
490 492 493
493 494 490
489 490 494
480 489 494
480 494 495
496 497 498
496 498 499
499 498 500
496 499 501
496 501 502
499 500 503
501 499 503
503 500 504
502 501 505
502 505 506
501 503 507
507 505 501
503 504 508
509 508 504
510 503 508
510 507 503
509 511 508
511 510 508
511 509 512
513 506 505
513 514 506
515 514 513
515 516 514
513 505 517
515 513 517
507 518 505
518 517 505
507 510 519
507 519 518
511 512 520
520 512 521
511 522 510
519 510 522
511 520 523
511 523 522
520 521 524
524 523 520
521 525 524
521 526 525
525 526 527
524 528 523
528 524 525
529 523 528
522 523 530
529 530 523
525 527 531
531 527 532
531 532 533
528 525 534
531 534 525
529 528 534
533 535 531
531 535 534
533 536 535
537 535 536
537 538 535
538 534 535
537 539 538
538 540 534
529 534 540
541 538 539
540 538 541
542 541 539
543 529 540
540 541 543
542 544 541
545 544 542
543 541 546
546 541 544
545 547 544
548 547 545
548 545 549
550 548 549
546 544 551
547 551 544
543 546 552
552 546 551
550 553 548
554 553 550
555 547 548
547 555 551
555 548 556
551 555 557
556 557 555
548 558 556
548 553 558
552 551 559
551 557 559
552 559 560
557 560 559
543 552 561
552 560 561
562 557 556
558 562 556
543 561 563
543 563 529
529 563 564
529 564 530
530 564 565
566 564 563
566 563 561
566 565 564
557 567 560
562 567 557
567 562 568
567 568 569
569 560 567
570 561 560
569 570 560
570 566 561
570 569 571
569 568 571
572 566 570
570 571 572
572 573 566
566 573 565
574 573 572
574 572 571
574 565 573
565 574 575
574 571 576
568 576 571
576 575 574
568 562 577
558 577 562
565 575 578
578 579 565
579 530 565
522 530 579
519 522 579
578 519 579
578 580 519
575 580 578
518 519 580
518 580 581
518 581 517
582 581 580
575 582 580
517 581 583
582 583 581
575 584 582
583 582 584
517 583 585
515 517 585
585 583 586
583 584 586
587 515 585
585 586 587
575 588 584
576 588 575
589 588 576
568 589 576
584 588 590
589 590 588
587 591 515
591 516 515
591 592 516
593 592 591
594 591 587
593 591 594
594 587 595
586 595 587
596 593 594
596 594 595
596 597 593
586 584 598
584 590 598
586 598 599
586 599 595
590 600 598
599 598 600
595 599 601
599 600 601
602 597 596
602 603 597
596 595 604
595 601 604
596 604 605
596 605 602
603 602 606
603 606 607
604 601 608
604 608 605
602 605 609
602 609 606
610 606 609
611 607 606
610 611 606
611 612 607
611 613 612
605 614 609
605 608 614
610 609 614
601 615 608
601 600 615
611 616 613
610 616 611
617 614 608
617 608 615
618 613 616
618 619 613
619 618 620
621 620 618
621 622 620
618 623 621
623 618 616
623 624 621
624 623 625
626 624 625
627 626 625
623 616 628
625 623 628
627 625 629
630 627 629
628 616 631
610 631 616
632 629 625
630 629 633
632 633 629
634 630 633
634 635 630
636 635 634
625 628 637
632 625 637
638 637 628
638 632 637
628 631 639
638 628 639
640 631 610
639 631 640
632 641 633
641 634 633
636 634 642
643 636 642
643 642 644
645 642 634
645 644 642
641 645 634
638 646 632
641 632 646
647 638 639
647 646 638
644 645 648
644 648 649
650 645 641
641 646 650
650 648 645
651 649 648
651 652 649
650 646 653
647 653 646
654 648 650
654 651 648
650 653 654
652 651 655
655 651 654
652 655 656
655 657 656
658 654 653
655 654 658
655 659 657
659 655 658
659 660 657
661 653 647
658 653 661
659 662 660
662 663 660
662 664 663
664 665 663
664 666 665
666 667 665
666 668 667
669 667 668
670 669 668
670 671 669
672 670 668
673 658 661
659 658 674
673 674 658
675 662 659
675 659 674
676 664 662
676 662 675
677 676 675
674 678 675
674 673 678
677 675 678
664 676 679
679 676 677
664 679 666
680 668 666
679 680 666
673 661 681
661 647 681
673 682 678
682 677 678
680 683 668
672 668 683
684 672 683
684 685 672
686 683 680
686 684 683
679 687 680
680 687 686
688 685 684
688 689 685
690 689 688
690 688 691
692 688 684
691 688 692
692 684 686
691 692 693
692 694 693
686 695 692
692 695 694
686 687 695
679 696 687
679 677 696
687 696 697
697 696 677
698 694 695
698 699 694
695 687 700
687 697 700
701 695 700
701 698 695
698 701 702
699 698 703
698 702 703
699 703 704
554 704 703
700 705 701
700 697 705
702 701 705
554 703 706
702 706 703
554 706 553
707 553 706
702 707 706
707 558 553
558 707 708
708 707 702
558 708 577
702 705 709
708 702 709
697 710 705
710 709 705
711 708 709
710 711 709
712 577 708
711 712 708
697 713 710
697 677 713
682 713 677
714 710 713
714 711 710
714 713 682
714 715 711
715 712 711
682 716 714
716 715 714
712 717 577
568 577 717
568 717 718
712 718 717
568 718 589
715 719 712
712 719 718
720 589 718
719 720 718
720 590 589
590 720 600
600 720 721
719 721 720
600 721 615
719 715 722
719 722 721
615 721 722
716 722 715
615 722 617
617 722 716
617 716 723
723 614 617
724 723 716
682 724 716
673 724 682
673 681 724
723 725 614
610 614 725
640 610 725
724 726 723
726 725 723
724 681 726
726 640 725
681 727 726
640 726 727
681 647 727
639 640 727
647 639 727
728 729 730
728 730 731
732 728 731
731 730 733
732 731 734
735 732 734
731 733 736
734 731 736
737 736 733
737 733 738
737 738 739
739 738 740
735 734 741
734 736 742
741 734 742
735 741 743
744 735 743
736 737 745
736 745 742
746 742 745
737 747 745
746 745 747
741 742 748
743 741 748
746 748 742
743 748 749
749 748 746
744 743 750
751 743 749
751 750 743
744 750 752
752 750 751
744 752 753
754 753 752
754 755 753
749 746 756
751 749 756
752 751 757
754 752 757
751 756 758
757 751 758
756 746 759
756 759 760
756 760 758
746 761 759
746 747 761
758 760 762
747 763 761
758 762 764
757 758 764
762 765 764
757 764 765
762 766 765
754 757 767
757 765 767
766 768 765
769 768 766
770 754 767
754 770 755
765 771 767
765 768 771
770 767 771
769 772 768
772 771 768
755 770 773
755 773 774
775 770 771
772 775 771
775 773 770
776 772 769
775 772 776
777 776 769
775 776 778
778 776 777
773 775 778
778 777 779
780 778 779
774 773 781
780 774 781
773 778 781
780 781 778
782 783 784
783 782 785
786 787 788
786 788 789
789 790 786
791 789 788
791 788 792
792 793 791
792 794 793
795 793 794
789 796 790
797 790 796
797 796 798
799 798 796
800 789 791
800 796 789
799 796 800
793 800 791
800 801 799
800 802 801
793 802 800
802 803 801
802 804 803
804 802 793
804 805 803
795 806 793
804 793 806
806 795 807
808 804 806
804 808 805
806 807 809
808 806 809
809 807 810
809 810 811
811 810 812
809 811 813
809 813 808
813 811 814
808 813 815
808 815 805
815 813 816
805 815 817
815 818 817
805 817 819
818 820 817
820 819 817
818 821 820
820 821 819
822 821 812
823 821 822
823 819 821
819 823 824
825 826 827
825 828 826
829 830 831
831 832 829
833 834 835
833 836 834
836 833 837
838 834 836
838 839 834
839 838 840
839 840 841
842 841 840
836 837 843
844 843 837
844 845 843
846 843 845
847 838 836
847 836 843
846 847 843
840 838 847
847 846 848
847 848 849
840 847 849
849 848 850
849 850 851
851 840 849
851 850 852
842 840 853
851 853 840
853 854 842
855 853 851
851 852 855
853 856 854
855 856 853
856 857 854
856 858 857
858 859 857
856 860 858
856 855 860
860 861 858
855 862 860
855 852 862
862 863 860
862 864 859
852 864 862
852 865 864
866 864 865
866 867 864
868 867 866
866 865 868
869 859 868
870 869 868
870 868 865
865 871 870
872 873 874
873 872 875
876 877 878
876 879 877
880 876 878
879 881 877
880 882 876
879 876 883
883 876 882
880 884 882
880 885 884
885 886 884
887 886 885
884 888 882
882 889 883
882 888 889
886 890 884
884 890 888
888 891 889
888 892 891
892 888 890
891 893 889
894 883 889
894 889 893
894 893 895
891 896 893
895 893 896
894 897 883
879 883 897
886 898 890
899 898 886
887 899 886
900 899 887
900 887 901
899 902 898
900 902 899
890 898 903
903 898 902
901 904 900
905 904 901
900 906 902
904 906 900
890 903 907
892 890 907
903 902 908
906 908 902
903 909 907
909 892 907
903 910 909
903 908 910
909 911 892
912 910 908
913 892 911
913 911 914
892 913 891
915 913 914
915 891 913
915 914 916
906 917 908
912 908 917
916 918 915
916 919 918
920 917 906
904 920 906
921 912 917
920 921 917
921 922 912
923 920 904
905 923 904
921 924 922
924 925 922
926 921 920
923 926 920
926 924 921
905 927 923
927 926 923
905 928 927
924 926 929
927 929 926
924 930 925
924 929 930
928 931 927
928 932 931
933 929 927
933 927 931
932 933 931
930 929 933
932 934 933
935 925 930
930 933 935
934 935 933
936 925 935
934 936 935
937 915 918
891 915 937
937 918 938
939 937 938
891 937 940
939 940 937
891 940 941
891 941 896
938 918 942
942 918 919
942 919 943
939 944 940
944 941 940
945 896 941
895 896 945
946 895 945
944 947 941
945 941 947
939 948 944
947 944 948
947 948 949
939 950 948
949 951 947
945 947 951
946 945 951
946 951 952
946 952 953
946 953 954
400 946 954
955 950 939
400 956 946
399 956 400
946 956 895
895 956 399
895 399 957
894 895 957
397 957 399
955 939 958
939 938 958
955 958 959
955 959 960
958 938 961
958 961 959
938 942 961
960 959 962
962 963 960
961 942 964
942 943 964
959 961 965
959 965 962
961 964 965
962 966 963
965 966 962
967 964 943
967 943 968
964 969 965
964 967 969
965 969 966
970 967 968
969 967 970
970 968 971
963 966 972
963 972 973
966 969 974
969 970 974
966 974 972
970 971 975
974 970 975
973 972 976
976 977 973
972 974 978
972 978 976
974 975 978
979 975 971
979 971 980
976 981 977
981 976 978
975 982 978
975 979 982
981 978 982
983 979 980
982 979 983
983 980 984
985 983 984
982 983 986
981 982 986
985 986 983
987 977 981
981 986 987
987 986 985
987 988 977
987 985 988
397 989 957
397 408 989
989 408 990
408 423 990
423 991 990
423 992 991
991 992 993
989 990 994
994 990 991
995 957 989
994 995 989
994 991 996
995 994 996
995 996 997
998 957 995
997 998 995
894 957 998
894 998 897
997 897 998
991 993 999
996 991 999
1000 999 993
1000 993 1001
996 999 1002
997 996 1002
1002 999 1000
1001 1003 1000
1004 1003 1001
1002 1000 1005
1005 1000 1003
1004 1006 1003
1005 1003 1007
1007 1003 1006
1002 1005 1008
1008 1005 1007
997 1002 1009
1002 1008 1009
1004 1010 1006
1004 1011 1010
1012 1010 1011
1012 1011 1013
1006 1010 1014
1014 1010 1012
1007 1006 1015
1006 1014 1015
1008 1007 1016
1016 1007 1015
1009 1008 1017
1016 1017 1008
1009 1017 1018
1016 1019 1017
1016 1015 1020
1016 1020 1019
1020 1015 1014
1021 1019 1020
1022 1009 1018
1022 1018 1023
1009 1022 997
1024 1022 1023
1025 997 1022
1024 1025 1022
897 997 1025
1020 1014 1026
1021 1020 1026
1027 1025 1024
1027 1024 1028
897 1025 1029
1027 1029 1025
879 897 1029
1026 1014 1030
1014 1012 1030
1021 1026 1031
1026 1030 1031
1021 1031 1032
1028 1033 1027
1034 1033 1028
1027 1035 1029
1035 879 1029
1035 1027 1033
1030 1012 1036
1012 1013 1036
1032 1031 1037
1038 1032 1037
1031 1030 1039
1030 1036 1039
1031 1039 1037
1013 1040 1036
1040 1039 1036
1013 1041 1040
1035 1042 879
879 1042 881
1035 1033 1043
1042 1035 1043
1044 881 1042
1042 1043 1044
1044 1045 881
1039 1046 1037
1038 1037 1046
1043 1033 1047
1034 1047 1033
1044 1048 1045
1049 1045 1048
1044 1043 1050
1043 1047 1050
1044 1050 1048
1051 1047 1034
1051 1050 1047
1051 1034 1052
1053 1048 1050
1051 1053 1050
1052 1054 1051
1053 1051 1054
1055 1054 1052
1049 1048 1056
1053 1056 1048
1053 1054 1057
1056 1053 1057
1058 1049 1056
1056 1057 1058
1058 1059 1049
1055 1060 1054
1057 1054 1060
1058 1061 1059
1061 1062 1059
1058 1057 1063
1057 1060 1063
1058 1063 1061
1064 1063 1060
1061 1063 1064
1065 1060 1055
1064 1060 1065
1065 1055 1066
1067 1065 1066
1067 1064 1065
1067 1066 1068
1067 1068 1069
1067 1069 1070
1067 1070 1064
1070 1069 1071
1070 1071 1072
1072 1064 1070
1071 1062 1072
1061 1073 1062
1061 1064 1073
1072 1073 1064
1072 1062 1073
1074 1040 1041
1074 1041 1075
1074 1075 1076
1040 1074 1077
1074 1076 1077
1040 1077 1078
1040 1078 1039
1039 1078 1046
1077 1046 1078
1076 1079 1077
1077 1079 1046
1076 1080 1079
1079 1038 1046
1079 1080 1038
1081 1082 1083
1081 1083 1084
1085 1082 1081
1084 1083 1086
1085 1081 1087
1084 1088 1081
1088 1087 1081
1085 1087 1089
1085 1089 1090
1090 1089 1091
1092 1090 1091
1089 1087 1093
1087 1088 1094
1087 1094 1093
1091 1089 1095
1089 1093 1095
1093 1094 1096
1093 1096 1097
1097 1095 1093
1096 1094 1098
1099 1094 1088
1099 1098 1094
1099 1100 1098
1096 1098 1101
1100 1101 1098
1099 1088 1102
1084 1102 1088
1091 1095 1103
1104 1091 1103
1092 1091 1104
1105 1092 1104
1105 1106 1092
1104 1103 1107
1105 1104 1107
1095 1108 1103
1108 1107 1103
1106 1105 1109
1110 1106 1109
1105 1107 1111
1109 1105 1111
1095 1112 1108
1097 1112 1095
1108 1113 1107
1111 1107 1113
1108 1112 1114
1114 1112 1097
1108 1114 1115
1108 1115 1113
1114 1097 1116
1117 1113 1115
1118 1116 1097
1118 1119 1116
1097 1096 1118
1120 1119 1118
1120 1118 1096
1120 1121 1119
1111 1113 1122
1117 1122 1113
1121 1120 1123
1121 1123 1124
1125 1111 1122
1109 1111 1125
1126 1122 1117
1125 1122 1126
1126 1117 1127
1128 1109 1125
1110 1109 1128
1126 1127 1129
1129 1127 1130
1131 1125 1126
1128 1125 1131
1131 1126 1129
1110 1128 1132
1132 1128 1131
1110 1132 1133
1129 1134 1131
1132 1131 1134
1129 1130 1135
1129 1135 1134
1133 1132 1136
1133 1136 1137
1138 1132 1134
1138 1136 1132
1137 1136 1138
1135 1138 1134
1137 1138 1139
1140 1135 1130
1135 1140 1138
1139 1138 1140
1141 1140 1130
1139 1140 1141
1142 1123 1120
1096 1142 1120
1142 1143 1123
1144 1143 1142
1096 1145 1142
1144 1142 1145
1096 1146 1145
1096 1101 1146
1143 1147 1123
1147 1124 1123
1147 1148 1124
1144 1145 1149
1149 1145 1146
1150 1146 1101
1100 1150 1101
1151 1150 1100
1149 1146 1152
1150 1152 1146
1144 1149 1153
1152 1153 1149
1152 1154 1153
1144 1153 1155
1154 1152 1156
1150 1156 1152
1151 1156 1150
1151 1157 1156
1151 1158 1157
1151 1159 1158
740 1159 1151
1160 1144 1155
740 1151 1161
739 740 1161
1151 1100 1161
1100 739 1161
1100 1162 739
1099 1162 1100
737 739 1162
1160 1163 1144
1144 1163 1143
1160 1164 1163
1160 1165 1164
1163 1166 1143
1163 1164 1166
1143 1166 1147
1165 1167 1164
1167 1165 1168
1166 1169 1147
1147 1169 1148
1164 1170 1166
1164 1167 1170
1166 1170 1169
1167 1168 1171
1170 1167 1171
1172 1148 1169
1172 1173 1148
1169 1170 1174
1169 1174 1172
1170 1171 1174
1175 1173 1172
1174 1175 1172
1175 1176 1173
1168 1177 1171
1168 1178 1177
1171 1179 1174
1174 1179 1175
1171 1177 1179
1175 1180 1176
1179 1180 1175
1178 1181 1177
1181 1178 1182
1177 1183 1179
1177 1181 1183
1179 1183 1180
1184 1176 1180
1184 1185 1176
1181 1182 1186
1186 1183 1181
1180 1183 1187
1180 1187 1184
1186 1187 1183
1188 1185 1184
1187 1188 1184
1188 1189 1185
1190 1189 1188
1187 1191 1188
1186 1191 1187
1190 1188 1191
1192 1186 1182
1186 1192 1191
1192 1190 1191
1192 1182 1193
1192 1193 1190
737 1162 1194
737 1194 747
1195 1194 1162
747 1194 1196
1196 1194 1195
1197 1195 1162
1198 1195 1197
1099 1197 1162
1099 1102 1197
1198 1197 1102
747 1196 1199
747 1199 763
763 1199 1200
1196 1200 1199
763 1200 1201
1200 1202 1201
1195 1203 1196
1196 1203 1200
1195 1198 1203
1200 1204 1202
1203 1204 1200
1205 1202 1204
1205 1206 1202
1203 1207 1204
1198 1207 1203
1207 1205 1204
1206 1205 1208
1209 1206 1208
1207 1210 1205
1210 1208 1205
1209 1208 1211
1210 1212 1208
1212 1211 1208
1207 1213 1210
1213 1212 1210
1198 1214 1207
1207 1214 1213
1209 1211 1215
1209 1215 1216
1217 1216 1215
1217 1218 1216
1211 1219 1215
1219 1217 1215
1212 1220 1211
1211 1220 1219
1213 1221 1212
1221 1220 1212
1214 1222 1213
1221 1213 1222
1214 1223 1222
1221 1222 1224
1221 1225 1220
1221 1224 1225
1225 1219 1220
1226 1225 1224
1227 1223 1214
1227 1228 1223
1214 1198 1227
1229 1228 1227
1230 1227 1198
1229 1227 1230
1102 1230 1198
1225 1231 1219
1226 1231 1225
1232 1229 1230
1232 1233 1229
1102 1234 1230
1232 1230 1234
1084 1234 1102
1231 1235 1219
1219 1235 1217
1226 1236 1231
1231 1236 1235
1226 1237 1236
1233 1232 1238
1239 1233 1238
1232 1234 1240
1240 1234 1084
1240 1238 1232
1235 1241 1217
1217 1241 1218
1237 1242 1236
1243 1242 1237
1236 1244 1235
1235 1244 1241
1236 1242 1244
1218 1241 1245
1245 1241 1244
1218 1245 1246
1240 1084 1247
1084 1086 1247
1243 1248 1242
1244 1242 1248
1247 1249 1240
1240 1249 1238
1250 1247 1086
1247 1250 1249
1250 1086 1251
1249 1252 1238
1239 1238 1252
1250 1251 1253
1254 1253 1251
1250 1255 1249
1249 1255 1252
1250 1253 1255
1256 1239 1252
1256 1252 1255
1256 1257 1239
1258 1255 1253
1256 1255 1258
1257 1256 1259
1258 1259 1256
1260 1257 1259
1254 1261 1253
1258 1253 1261
1258 1262 1259
1261 1262 1258
1263 1261 1254
1261 1263 1262
1263 1254 1264
1260 1259 1265
1262 1265 1259
1263 1264 1266
1266 1264 1267
1263 1268 1262
1262 1268 1265
1263 1266 1268
1269 1265 1268
1266 1269 1268
1270 1260 1265
1269 1270 1265
1270 1271 1260
1272 1271 1270
1272 1270 1269
1272 1273 1271
1272 1274 1273
1272 1275 1274
1272 1269 1275
1275 1276 1274
1275 1277 1276
1276 1277 1267
1277 1275 1269
1266 1267 1278
1277 1278 1267
1277 1269 1278
1266 1278 1269
1279 1246 1245
1279 1280 1246
1279 1281 1280
1245 1282 1279
1279 1282 1281
1245 1283 1282
1245 1244 1283
1244 1248 1283
1282 1283 1248
1281 1282 1284
1282 1248 1284
1281 1284 1285
1284 1248 1243
1284 1243 1285
1286 1287 1288
1289 1288 1287
1290 1286 1288
1290 1291 1286
1289 1292 1288
1290 1288 1292
1293 1292 1289
1294 1291 1290
1294 1295 1291
1293 1296 1292
1297 1296 1293
1290 1292 1298
1298 1294 1290
1296 1298 1292
1298 1299 1294
1300 1295 1294
1300 1301 1295
1300 1302 1301
1297 1303 1296
1303 1297 1304
1305 1294 1299
1305 1300 1294
1306 1303 1304
1307 1306 1304
1307 1308 1306
1309 1306 1308
1303 1306 1309
1309 1308 1310
1309 1310 1311
1312 1296 1303
1303 1309 1312
1309 1311 1313
1312 1309 1313
1313 1311 1314
1312 1315 1296
1296 1315 1298
1312 1313 1316
1315 1312 1316
1315 1316 1317
1315 1318 1298
1317 1318 1315
1318 1299 1298
1313 1314 1319
1320 1316 1313
1320 1313 1319
1314 1321 1319
1320 1319 1321
1314 1322 1321
1323 1317 1316
1316 1320 1323
1324 1323 1320
1325 1321 1322
1325 1322 1326
1325 1326 1327
1320 1321 1328
1324 1320 1328
1329 1328 1321
1329 1321 1325
1329 1324 1328
1325 1327 1330
1329 1325 1330
1327 1331 1330
1327 1332 1331
1331 1332 1333
1329 1330 1334
1330 1331 1335
1330 1335 1334
1331 1333 1336
1335 1331 1336
1337 1329 1334
1329 1337 1324
1337 1334 1338
1338 1334 1335
1333 1339 1336
1333 1340 1339
1340 1341 1339
1340 1342 1341
1343 1336 1339
1341 1343 1339
1342 1344 1341
1341 1344 1343
1342 1345 1344
1344 1345 1346
1335 1336 1347
1343 1347 1336
1344 1348 1343
1347 1343 1348
1344 1346 1349
1344 1349 1348
1346 1348 1349
1346 1350 1348
1350 1351 1348
1347 1348 1351
1350 1352 1351
1353 1351 1352
1354 1335 1347
1354 1347 1351
1353 1354 1351
1338 1335 1354
1353 1338 1354
1353 1355 1338
1356 1338 1355
1356 1337 1338
1324 1337 1356
1324 1356 1357
1357 1358 1324
1357 1359 1358
1323 1324 1358
1359 1360 1358
1323 1358 1360
1359 1361 1360
1362 1323 1360
1362 1317 1323
1363 1360 1361
1363 1361 1364
1365 1363 1364
1362 1360 1366
1366 1360 1363
1367 1362 1366
1367 1366 1368
1366 1363 1368
1365 1369 1363
1369 1368 1363
1370 1369 1365
1370 1365 1371
1372 1370 1371
1369 1373 1368
1373 1369 1370
1362 1374 1317
1367 1374 1362
1367 1368 1375
1373 1375 1368
1372 1376 1370
1373 1370 1377
1376 1377 1370
1372 1378 1376
1372 1379 1378
1380 1378 1379
1380 1379 1381
1376 1378 1382
1382 1378 1380
1383 1380 1381
1382 1380 1383
1383 1381 1384
1376 1385 1377
1376 1382 1385
1373 1377 1386
1385 1386 1377
1373 1387 1375
1373 1386 1387
1388 1383 1384
1388 1384 1389
1390 1383 1388
1390 1388 1389
1390 1382 1383
1390 1389 1391
1382 1392 1385
1382 1390 1392
1392 1390 1391
1385 1392 1386
1392 1391 1393
1392 1393 1394
1392 1394 1386
1395 1386 1394
1395 1387 1386
1387 1395 1396
1387 1396 1375
1367 1375 1396
1367 1396 1397
1367 1397 1398
1367 1398 1399
1398 1400 1399
1374 1367 1399
1400 1374 1399
1398 1401 1400
1402 1400 1401
1400 1403 1374
1374 1403 1317
1402 1404 1400
1405 1404 1402
1400 1406 1403
1406 1400 1404
1403 1406 1407
1403 1408 1317
1317 1408 1318
1406 1404 1409
1407 1406 1409
1405 1410 1404
1410 1409 1404
1411 1410 1405
1411 1405 1412
1413 1411 1412
1410 1414 1409
1414 1410 1411
1403 1415 1408
1403 1407 1415
1407 1409 1416
1414 1416 1409
1318 1408 1417
1418 1408 1415
1418 1417 1408
1419 1418 1415
1318 1417 1420
1318 1420 1299
1420 1417 1421
1421 1417 1418
1407 1422 1415
1422 1419 1415
1407 1423 1422
1423 1419 1422
1407 1424 1423
1424 1407 1416
1423 1425 1419
1424 1416 1426
1427 1419 1425
1428 1426 1416
1414 1428 1416
1428 1429 1426
1427 1430 1419
1431 1430 1427
1419 1432 1418
1430 1432 1419
1428 1414 1433
1414 1411 1433
1429 1428 1434
1428 1433 1434
1429 1434 1435
1436 1433 1411
1413 1436 1411
1437 1434 1433
1436 1437 1433
1438 1435 1434
1437 1438 1434
1438 1439 1435
1440 1439 1438
1413 1441 1436
1413 1442 1441
1443 1437 1436
1438 1437 1443
1443 1436 1441
1440 1438 1444
1438 1443 1444
1445 1440 1444
1445 1444 1446
1443 1446 1444
1447 1445 1446
1443 1448 1446
1447 1446 1448
1441 1448 1443
1449 1447 1448
1450 1441 1442
1450 1442 1449
1441 1450 1448
1449 1448 1450
1432 1451 1418
1421 1418 1451
1432 1452 1451
1453 1452 1432
1430 1453 1432
1454 1453 1430
1431 1454 1430
1455 1454 1431
1455 1431 1456
1455 1456 1457
1454 1458 1453
1455 1458 1454
1453 1459 1452
1458 1459 1453
1460 1451 1452
1460 1452 1459
1460 1461 1451
1421 1451 1461
1460 1459 1462
1421 1461 1463
1464 1462 1459
1458 1464 1459
1464 1465 1462
1464 1466 1465
1463 1467 1421
1420 1421 1467
1463 1468 1467
1467 1299 1420
1468 1469 1467
1467 1469 1299
1468 1470 1469
1471 1469 1470
1472 1299 1469
1471 1472 1469
1473 1472 1471
1472 1305 1299
1473 1474 1472
1474 1305 1472
1474 1473 1475
1474 1476 1305
1300 1305 1476
1474 1475 1477
1476 1474 1477
1300 1476 1478
1300 1478 1302
1479 1477 1475
1479 1475 1480
1476 1477 1481
1478 1476 1481
1479 1481 1477
1302 1478 1482
1478 1481 1482
1302 1482 1483
1482 1484 1483
1485 1479 1480
1485 1480 1486
1479 1487 1481
1487 1482 1481
1487 1479 1485
1486 1488 1485
1487 1485 1488
1486 1489 1488
1487 1490 1482
1482 1490 1484
1488 1490 1487
1491 1488 1489
1488 1491 1490
1491 1484 1490
1491 1489 1492
1491 1492 1484
1455 1493 1458
1464 1458 1493
1493 1455 1494
1455 1457 1494
1464 1493 1495
1464 1495 1466
1495 1493 1496
1493 1494 1496
1497 1496 1494
1498 1494 1457
1497 1494 1498
1498 1457 1499
1466 1495 1500
1495 1496 1500
1500 1496 1497
1466 1500 1501
1500 1502 1501
1499 1503 1498
1497 1498 1503
1499 1504 1503
1500 1505 1502
1500 1497 1505
1506 1502 1505
1507 1503 1504
1497 1503 1507
1507 1504 1508
1506 1505 1509
1497 1509 1505
1497 1507 1509
1508 1506 1509
1508 1509 1507
1510 1511 1512
1513 1512 1511
1514 1511 1510
1514 1510 1515
1513 1511 1516
1514 1516 1511
1517 1513 1516
1518 1514 1515
1518 1515 1519
1517 1516 1520
1521 1517 1520
1514 1522 1516
1522 1514 1518
1520 1516 1522
1522 1518 1523
1524 1518 1519
1524 1519 1525
1524 1525 1526
1521 1520 1527
1527 1528 1521
1529 1523 1518
1529 1518 1524
1530 1528 1527
1531 1528 1530
1531 1530 1532
1533 1532 1530
1527 1533 1530
1533 1534 1532
1533 1535 1534
1536 1527 1520
1527 1536 1533
1533 1537 1535
1536 1537 1533
1537 1538 1535
1536 1520 1539
1520 1522 1539
1536 1540 1537
1539 1540 1536
1539 1541 1540
1539 1522 1542
1541 1539 1542
1542 1522 1523
1537 1543 1538
1544 1537 1540
1544 1543 1537
1538 1543 1545
1544 1545 1543
1538 1545 1546
1547 1540 1541
1540 1547 1544
1548 1544 1547
1544 1549 1545
1548 1549 1544
1550 1546 1545
1550 1551 1546
1550 1552 1551
1553 1545 1549
1553 1550 1545
1553 1549 1548
1550 1554 1552
1553 1554 1550
1552 1554 1555
1552 1555 1556
1555 1557 1556
1553 1558 1554
1554 1559 1555
1554 1558 1559
1555 1560 1557
1559 1560 1555
1561 1558 1553
1553 1548 1561
1561 1562 1558
1562 1559 1558
1557 1560 1563
1557 1563 1564
1564 1563 1565
1564 1565 1566
1567 1563 1560
1565 1563 1567
1566 1565 1568
1565 1567 1568
1566 1568 1569
1568 1570 1569
1559 1571 1560
1567 1560 1571
1568 1567 1572
1571 1572 1567
1568 1573 1570
1568 1572 1573
1570 1573 1572
1570 1572 1574
1574 1572 1575
1571 1575 1572
1574 1575 1576
1577 1576 1575
1578 1571 1559
1578 1575 1571
1577 1575 1578
1562 1578 1559
1577 1578 1562
1577 1562 1579
1580 1579 1562
1580 1562 1561
1548 1580 1561
1548 1581 1580
1581 1548 1582
1581 1582 1583
1547 1582 1548
1583 1582 1584
1547 1584 1582
1583 1584 1585
1586 1584 1547
1586 1547 1541
1587 1585 1584
1587 1588 1585
1589 1588 1587
1586 1590 1584
1590 1587 1584
1591 1590 1586
1591 1592 1590
1590 1592 1587
1589 1587 1593
1593 1587 1592
1594 1589 1593
1594 1595 1589
1596 1595 1594
1593 1592 1597
1597 1594 1593
1586 1541 1598
1591 1586 1598
1591 1599 1592
1597 1592 1599
1596 1594 1600
1597 1601 1594
1600 1594 1601
1596 1600 1602
1596 1602 1603
1604 1603 1602
1604 1605 1603
1600 1606 1602
1606 1604 1602
1607 1605 1604
1606 1607 1604
1607 1608 1605
1600 1601 1609
1600 1609 1606
1597 1610 1601
1609 1601 1610
1597 1599 1611
1597 1611 1610
1612 1608 1607
1612 1613 1608
1614 1612 1607
1614 1613 1612
1614 1607 1606
1614 1615 1613
1606 1609 1616
1606 1616 1614
1616 1615 1614
1609 1610 1616
1616 1617 1615
1616 1618 1617
1616 1610 1618
1619 1618 1610
1619 1610 1611
1611 1620 1619
1611 1599 1620
1591 1620 1599
1591 1621 1620
1591 1622 1621
1591 1623 1622
1622 1623 1624
1598 1623 1591
1624 1623 1598
1622 1624 1625
1626 1625 1624
1624 1598 1627
1598 1541 1627
1626 1624 1628
1629 1626 1628
1627 1541 1630
1541 1542 1630
1631 1628 1624
1624 1627 1631
1627 1632 1631
1631 1633 1628
1632 1633 1631
1629 1628 1634
1634 1628 1633
1635 1629 1634
1635 1636 1629
1637 1636 1635
1634 1633 1638
1638 1635 1634
1627 1630 1639
1627 1639 1632
1632 1640 1633
1638 1633 1640
1542 1641 1630
1642 1639 1630
1642 1630 1641
1643 1639 1642
1542 1644 1641
1542 1523 1644
1644 1645 1641
1645 1642 1641
1632 1639 1646
1646 1639 1643
1632 1646 1647
1647 1646 1643
1632 1647 1648
1648 1640 1632
1647 1643 1649
1648 1650 1640
1651 1649 1643
1652 1640 1650
1638 1640 1652
1652 1650 1653
1651 1643 1654
1655 1651 1654
1652 1656 1638
1638 1656 1635
1653 1657 1652
1652 1657 1656
1653 1658 1657
1659 1635 1656
1637 1635 1659
1660 1657 1658
1660 1658 1661
1662 1660 1661
1663 1656 1657
1659 1656 1663
1663 1657 1660
1637 1659 1664
1637 1664 1665
1666 1659 1663
1660 1666 1663
1666 1664 1659
1662 1667 1660
1660 1667 1666
1668 1667 1662
1668 1669 1667
1666 1667 1669
1670 1669 1668
1666 1669 1671
1670 1671 1669
1664 1666 1671
1672 1671 1670
1673 1672 1665
1673 1665 1664
1664 1671 1673
1672 1673 1671
1654 1643 1674
1643 1642 1674
1674 1642 1675
1645 1675 1642
1654 1674 1676
1674 1675 1677
1676 1674 1677
1678 1654 1676
1655 1654 1678
1679 1655 1678
1679 1680 1655
1679 1681 1680
1678 1676 1682
1679 1678 1682
1676 1677 1683
1682 1676 1683
1684 1677 1675
1684 1683 1677
1684 1675 1685
1645 1685 1675
1684 1686 1683
1645 1687 1685
1688 1683 1686
1682 1683 1688
1688 1686 1689
1688 1689 1690
1687 1645 1691
1644 1691 1645
1687 1691 1692
1691 1644 1523
1692 1691 1693
1691 1523 1693
1692 1693 1694
1695 1694 1693
1696 1693 1523
1695 1693 1696
1697 1695 1696
1696 1523 1529
1697 1696 1698
1698 1696 1529
1698 1699 1697
1698 1529 1700
1524 1700 1529
1698 1701 1699
1700 1701 1698
1524 1702 1700
1524 1526 1702
1703 1699 1701
1703 1704 1699
1700 1705 1701
1702 1705 1700
1703 1701 1705
1526 1706 1702
1702 1706 1705
1526 1707 1706
1706 1707 1708
1709 1704 1703
1709 1710 1704
1703 1705 1711
1711 1705 1706
1711 1709 1703
1710 1709 1712
1711 1712 1709
1710 1712 1713
1711 1706 1714
1706 1708 1714
1712 1711 1714
1715 1713 1712
1712 1714 1715
1715 1714 1708
1715 1716 1713
1715 1708 1716
1679 1682 1717
1688 1717 1682
1717 1718 1679
1679 1718 1681
1688 1719 1717
1688 1690 1719
1719 1720 1717
1717 1720 1718
1721 1718 1720
1722 1681 1718
1721 1722 1718
1722 1723 1681
1690 1724 1719
1719 1724 1720
1724 1721 1720
1690 1725 1724
1724 1725 1726
1723 1722 1727
1721 1727 1722
1723 1727 1728
1724 1726 1729
1724 1729 1721
1730 1729 1726
1731 1728 1727
1721 1731 1727
1731 1732 1728
1730 1733 1729
1721 1729 1733
1721 1733 1731
1732 1731 1733
1732 1733 1730
