byte offset: 0
first index: 0
index count: 12462
topology: trianglelist
format: DXGI_FORMAT_R16_UINT

0 1 2
3 4 0
3 5 4
6 4 7
8 4 6
8 9 4
10 4 9
10 9 11
11 12 10
11 13 12
13 14 12
13 15 14
11 9 16
8 16 9
6 17 8
16 8 18
18 8 17
16 18 19
6 20 17
21 20 6
21 22 20
18 17 23
24 18 23
24 23 25
20 26 17
23 17 26
20 27 26
28 27 20
28 29 27
23 26 30
31 23 30
31 30 32
27 33 26
30 26 33
32 30 34
30 33 34
32 34 35
27 36 33
37 36 27
37 38 36
34 33 39
36 39 33
34 39 40
41 40 39
42 34 40
42 40 43
36 44 39
41 39 44
45 44 36
45 46 44
41 47 40
48 40 47
48 47 49
49 47 50
50 47 41
41 44 51
51 44 52
51 52 53
53 54 51
51 54 41
50 41 55
41 54 55
55 56 50
54 56 55
57 58 59
60 59 16
60 16 61
62 63 64
65 66 64
67 68 64
67 64 69
70 69 64
64 71 70
64 72 71
73 67 69
73 69 74
70 74 69
73 75 67
73 74 76
75 77 67
77 78 67
75 79 77
80 74 70
76 74 81
80 81 74
70 82 80
70 71 82
76 81 83
83 84 76
85 84 83
85 83 81
81 86 85
81 80 86
82 86 80
82 87 86
88 87 82
88 82 71
89 88 71
89 71 90
91 92 93
94 95 93
96 93 97
96 98 93
99 98 96
99 96 100
101 98 99
100 96 102
96 103 102
100 102 104
98 105 93
101 106 98
98 106 105
93 105 107
93 107 108
106 101 109
110 109 101
109 110 111
111 112 109
106 109 112
111 113 112
114 106 112
112 113 114
114 105 106
114 113 115
105 114 116
114 115 116
105 116 107
116 115 117
116 117 107
118 107 117
118 117 119
120 121 122
123 121 124
123 125 121
125 126 121
125 127 126
128 129 121
128 121 130
131 132 125
131 125 133
134 135 125
134 136 135
137 138 139
137 140 141
137 142 140
143 142 137
144 143 137
137 145 144
143 146 142
146 147 142
146 148 147
149 146 143
150 143 144
149 143 150
149 151 146
151 152 146
151 153 152
154 151 149
154 155 151
155 153 151
155 156 153
157 149 150
157 158 149
159 150 144
160 150 159
160 161 150
159 144 162
162 144 163
162 163 164
162 165 159
159 165 166
159 166 167
168 166 165
162 169 165
170 169 162
170 171 169
168 165 172
169 172 165
172 173 168
172 174 173
169 175 172
175 176 172
177 175 169
177 178 175
179 180 175
181 182 183
183 184 185
183 186 184
187 186 183
187 183 188
189 190 183
189 183 191
192 186 193
192 194 186
194 195 186
194 196 195
194 197 196
194 198 197
194 199 198
194 200 199
201 198 202
198 203 204
205 198 204
204 206 207
204 208 209
204 209 210
211 204 210
211 210 212
210 213 214
210 214 215
216 210 217
216 217 218
219 220 221
221 222 223
221 224 222
224 221 225
221 226 225
221 227 226
221 228 227
225 226 229
225 229 230
231 230 229
224 225 232
232 225 230
231 233 230
234 233 231
234 235 233
233 235 236
233 236 237
230 233 237
237 236 238
230 237 239
232 230 239
240 224 232
241 224 240
241 240 242
237 238 243
239 237 243
244 232 239
240 232 244
238 245 243
238 246 245
239 243 247
244 239 247
243 248 247
243 245 248
246 249 245
246 250 249
251 244 247
251 247 248
252 240 244
252 244 251
240 252 253
240 253 254
245 255 248
245 249 255
250 256 249
250 257 256
258 251 248
258 248 255
259 252 251
259 251 258
252 259 260
252 260 261
249 256 262
249 262 255
255 263 258
255 262 263
258 264 259
258 263 264
259 264 265
259 265 266
267 256 257
262 256 267
262 267 268
269 263 262
269 262 268
270 264 263
270 263 269
271 264 270
271 272 264
273 267 257
268 267 273
274 273 257
274 257 275
276 273 274
268 273 276
268 276 277
268 278 269
278 270 269
268 277 279
268 279 278
279 277 280
279 280 281
281 280 282
283 278 279
283 279 281
281 282 284
284 282 285
286 283 281
286 281 284
287 286 284
284 285 288
287 284 288
288 285 289
288 289 290
290 287 288
290 289 291
283 286 292
292 286 287
293 278 283
283 292 293
290 291 294
295 294 291
293 296 278
278 296 270
270 296 297
270 297 298
299 297 296
299 296 293
293 300 299
293 292 300
295 301 294
302 301 295
302 303 301
304 303 302
304 305 303
305 304 306
294 301 307
301 303 308
301 308 307
303 305 309
303 309 308
294 307 310
290 294 310
290 310 311
290 311 287
305 306 312
305 313 309
305 312 313
312 314 313
312 306 315
315 306 316
312 317 314
312 315 317
316 318 315
316 319 318
320 318 319
321 318 320
315 322 317
322 315 318
317 322 314
321 323 318
322 318 323
324 323 321
325 322 323
324 325 323
314 322 325
324 326 325
314 325 326
327 326 324
327 328 326
314 326 328
329 328 327
329 330 328
314 328 331
331 328 332
331 332 333
313 314 331
313 331 334
335 334 331
335 336 334
309 313 334
309 334 337
337 334 338
337 338 339
308 309 337
308 337 340
341 340 337
307 308 340
341 342 340
307 340 343
342 343 340
342 344 343
310 307 343
310 343 345
346 345 343
346 347 345
311 310 345
311 345 348
348 345 349
348 349 350
287 311 348
287 348 351
352 351 348
352 353 351
292 287 351
292 351 354
292 354 355
356 357 358
359 360 356
359 361 360
362 361 359
362 363 361
362 364 363
362 365 364
365 366 364
365 367 366
359 368 362
368 365 362
367 365 369
368 369 365
367 369 370
356 371 359
371 368 359
372 368 371
373 369 368
372 373 368
370 369 374
373 374 369
370 374 375
376 374 373
373 372 376
375 374 377
376 377 374
375 377 378
378 377 379
378 379 380
381 377 376
381 379 377
380 379 382
380 382 383
384 382 379
384 379 381
382 385 383
384 385 382
383 385 386
386 385 387
388 387 385
384 388 385
388 389 387
388 390 389
376 391 381
376 372 391
381 392 384
381 391 392
393 388 384
393 390 388
392 393 384
392 391 394
391 372 394
395 390 393
395 396 390
397 393 392
397 392 394
397 395 393
398 396 395
398 399 396
400 395 397
400 398 395
401 399 398
401 402 399
403 398 400
403 401 398
404 402 401
404 405 402
406 401 403
406 404 401
407 405 404
407 408 405
409 404 406
409 407 404
410 409 406
411 406 403
410 406 411
412 403 400
411 403 412
413 408 407
413 414 408
415 407 409
415 413 407
416 414 413
416 417 414
410 418 409
409 418 415
419 413 415
419 416 413
420 417 416
420 421 417
422 415 418
422 419 415
423 416 419
423 420 416
424 421 420
424 425 421
424 426 425
419 422 427
419 427 423
428 420 423
428 424 420
423 427 429
423 429 428
430 422 418
431 427 422
431 422 430
432 429 427
432 427 431
430 418 433
410 433 418
430 433 434
410 434 433
431 430 435
430 434 435
432 431 436
431 435 436
437 424 428
428 429 438
428 438 437
439 429 432
439 438 429
432 436 440
439 432 440
437 441 424
424 441 426
442 426 441
442 443 426
444 441 437
444 442 441
443 442 445
443 445 446
442 447 445
442 444 447
448 447 444
437 449 444
448 444 449
437 438 449
449 450 448
451 449 438
449 451 450
451 438 439
452 450 451
452 453 450
451 439 454
451 454 452
439 440 454
453 452 455
453 455 456
457 452 454
457 455 452
458 454 440
458 457 454
459 456 455
459 460 456
455 457 461
455 461 459
462 460 459
462 463 460
459 464 462
459 461 464
457 465 461
464 461 465
457 458 465
464 465 466
465 467 466
465 468 467
458 468 465
468 469 467
458 470 468
470 458 440
470 440 436
468 471 469
470 471 468
471 472 469
473 470 436
470 473 471
473 436 435
471 474 472
473 474 471
474 475 472
435 476 473
473 476 474
435 434 476
474 477 475
476 477 474
477 478 475
479 476 434
476 479 477
410 479 434
477 480 478
479 480 477
480 481 478
410 482 479
479 482 480
410 411 482
480 483 481
482 483 480
483 484 481
411 485 482
482 485 483
411 412 485
483 486 484
485 486 483
486 487 484
412 488 485
485 488 486
486 489 487
488 489 486
489 490 487
412 491 488
412 400 491
491 400 397
488 492 489
491 492 488
491 397 493
491 493 492
493 397 394
489 494 490
492 494 489
493 394 495
495 394 372
493 496 492
493 495 496
495 497 496
495 372 498
495 498 497
498 372 371
492 496 499
492 499 494
494 500 490
490 500 501
502 501 500
494 503 500
499 503 494
502 500 504
504 500 503
502 504 505
505 504 506
506 504 507
504 503 507
507 508 506
507 509 508
503 509 507
509 510 508
499 496 511
511 496 497
512 503 499
503 512 509
512 499 511
509 513 510
512 513 509
513 514 510
515 512 511
512 515 513
515 511 497
513 516 514
515 516 513
516 517 514
515 518 516
518 515 497
516 519 517
518 519 516
519 520 517
497 521 518
518 521 519
519 522 520
521 522 519
523 520 522
523 522 524
525 524 522
525 522 526
521 526 522
526 527 525
526 528 527
521 528 526
528 529 527
528 530 529
497 531 521
531 528 521
531 530 528
498 531 497
498 532 531
498 371 532
533 530 531
532 533 531
533 534 530
533 535 534
532 371 536
536 371 356
536 356 537
536 537 538
532 539 533
532 536 539
540 533 539
540 539 541
542 539 536
542 543 539
530 544 545
546 547 548
548 549 550
548 551 549
552 551 548
552 553 551
548 554 555
548 555 556
551 557 558
551 558 559
560 561 551
560 562 561
563 564 565
566 563 567
566 568 563
569 563 568
570 563 569
563 570 571
569 568 572
572 568 573
572 573 574
572 575 569
576 570 569
575 576 569
572 577 575
578 577 572
578 579 577
577 580 575
577 581 580
579 581 577
579 582 581
575 583 576
575 584 583
570 576 585
576 586 585
576 587 586
570 585 588
589 570 588
589 588 590
591 588 585
585 592 591
585 593 592
591 592 594
591 595 588
595 596 588
595 597 596
591 594 598
598 595 591
598 594 599
598 599 600
598 601 595
601 598 602
601 603 595
601 604 603
605 606 601
607 608 609
608 610 611
608 611 612
612 613 608
608 613 614
608 614 615
608 615 616
613 617 614
613 618 617
618 619 617
612 620 613
620 618 613
618 621 619
622 619 621
622 621 623
624 623 621
624 621 625
625 621 618
626 624 625
625 618 627
620 627 618
628 620 612
628 612 629
628 629 630
626 625 631
631 625 627
632 627 620
628 632 620
626 631 633
626 633 634
631 627 635
632 635 627
636 631 635
636 633 631
634 633 637
634 637 638
639 635 632
639 636 635
640 632 628
640 639 632
628 641 640
628 642 641
643 633 636
643 637 633
638 637 644
638 644 645
646 636 639
646 643 636
647 639 640
647 646 639
640 648 647
640 649 648
650 637 643
650 644 637
644 650 651
644 651 652
644 652 645
643 646 653
643 653 650
654 646 647
654 653 646
647 655 654
647 656 655
652 657 645
651 657 652
645 657 658
645 658 659
658 657 660
651 660 657
661 660 651
650 653 662
650 662 651
663 653 654
663 662 653
654 664 663
654 665 664
661 651 666
666 667 661
668 651 662
668 662 663
668 666 651
666 669 667
670 667 669
671 666 668
671 669 666
670 669 672
673 670 672
674 669 671
674 672 669
675 672 674
673 672 676
675 676 672
677 673 676
677 676 678
675 678 676
679 677 678
671 680 674
675 674 680
681 671 668
671 681 680
679 678 682
682 683 679
681 668 684
668 663 684
663 685 684
663 686 685
684 685 687
684 687 681
681 687 688
681 688 680
682 689 683
689 690 683
689 691 690
691 692 690
691 693 692
694 692 693
682 695 689
689 696 691
689 695 696
691 697 693
691 696 697
682 698 695
678 698 682
678 699 698
675 699 678
675 680 700
680 701 700
680 702 701
675 703 699
675 700 703
704 703 700
704 700 705
699 706 698
699 703 706
703 707 706
703 708 707
698 709 695
698 706 709
710 709 706
710 706 711
695 709 712
695 712 696
713 712 709
713 709 714
715 712 713
715 716 712
696 712 716
696 716 697
697 716 717
716 718 717
716 719 718
697 717 720
693 697 720
693 720 721
721 720 722
694 693 721
720 717 723
720 723 722
724 723 717
724 717 725
721 726 694
726 727 694
721 722 728
721 728 726
727 726 729
727 729 730
731 730 729
732 731 729
726 728 733
729 726 733
728 722 733
732 729 734
729 733 734
735 732 734
736 734 733
735 734 736
722 736 733
735 736 737
722 737 736
738 735 737
722 739 737
738 737 739
740 738 739
740 739 741
722 723 739
723 742 739
723 743 742
744 745 746
744 747 748
744 749 747
747 750 751
752 753 747
752 747 754
754 747 755
754 755 756
757 758 754
757 754 759
760 754 761
760 761 762
763 764 744
763 765 764
764 766 744
764 767 766
768 767 764
768 764 769
769 764 770
769 770 771
772 769 773
772 773 774
775 773 769
775 776 773
777 773 778
773 779 780
773 780 781
782 783 784
783 785 786
787 783 788
783 789 790
783 791 792
783 793 794
783 795 796
797 783 798
799 783 800
783 799 801
802 803 804
804 805 806
807 808 804
804 809 810
804 811 812
804 813 814
804 815 816
817 818 804
819 820 804
804 821 819
822 823 824
825 826 827
827 828 829
827 829 830
830 831 827
832 831 830
832 830 833
830 834 833
827 831 835
836 827 835
837 827 836
836 835 838
839 836 838
835 839 838
839 840 836
840 841 836
840 842 841
843 835 831
835 844 839
843 844 835
839 844 845
845 844 843
846 840 839
839 845 846
847 843 831
845 843 848
847 848 843
845 848 849
846 845 850
845 849 850
846 851 840
846 850 851
852 851 850
840 851 853
840 853 854
855 850 849
855 849 856
847 831 857
857 831 832
847 857 858
859 858 857
859 857 832
860 847 858
859 832 861
861 862 859
832 833 861
860 863 847
863 848 847
860 864 863
848 863 865
849 848 865
864 865 863
861 833 866
867 861 866
866 833 868
849 865 869
849 869 870
849 870 871
872 865 864
872 869 865
864 873 872
864 874 873
872 875 869
876 875 872
875 877 869
875 878 877
876 879 875
880 875 879
880 879 881
879 882 883
879 884 882
879 885 884
879 886 885
884 887 888
884 889 887
890 889 884
891 850 892
893 894 861
833 895 896
866 897 898
866 899 900
866 900 901
902 866 901
903 904 901
901 905 906
901 906 907
907 908 901
909 910 907
907 911 912
907 912 913
914 915 916
917 918 919
918 920 921
918 922 920
922 918 923
924 922 923
924 925 922
922 925 926
918 927 923
928 927 918
929 928 918
928 930 927
931 930 928
927 930 931
931 928 932
932 928 933
932 933 934
935 923 927
927 931 936
935 927 936
931 937 936
937 935 936
938 931 932
931 938 937
939 923 935
937 940 935
939 935 940
937 941 940
938 942 937
937 942 941
938 932 943
938 943 942
944 942 943
932 945 943
932 946 945
947 941 942
947 948 941
939 949 923
949 924 923
939 950 949
951 949 950
951 924 949
952 950 939
951 953 924
953 951 954
924 953 925
952 939 955
955 939 940
952 955 956
940 957 955
941 957 940
956 955 957
953 958 925
959 958 953
958 960 925
941 961 957
941 962 961
941 963 962
964 956 957
964 957 961
956 964 965
956 965 966
964 961 967
968 964 967
967 961 969
967 969 970
968 967 971
972 971 967
972 973 971
971 974 975
971 975 976
977 971 976
977 978 971
976 979 980
976 980 981
982 976 981
983 984 942
985 953 986
925 987 988
958 989 990
958 991 992
958 993 991
994 993 958
995 993 996
993 997 998
993 999 997
999 993 1000
1001 999 1002
999 1003 1004
999 1004 1005
1006 1007 1008
1006 1008 104
1009 1008 1010
1009 1011 1008
1012 1011 1013
1012 1014 1011
1015 79 1014
1015 1016 79
1017 1018 1019
1017 1020 1018
1021 1020 1022
1021 1023 1020
1024 1018 1025
1024 1025 1026
1027 1023 1028
1027 1029 1023
1030 1029 1027
1030 1031 1029
1032 1031 1030
1032 1033 1031
1034 1030 1027
1035 1032 1030
1035 1030 1034
1034 1027 1036
1027 1037 1036
1038 1033 1032
1039 1032 1035
1039 1038 1032
1038 1040 1033
1033 1040 1041
1041 1040 1042
1041 1042 1043
1042 1044 1043
1045 1040 1038
1045 1042 1040
1042 1046 1044
1045 1046 1042
1046 1047 1044
1048 1045 1038
1048 1038 1039
1045 1049 1046
1048 1049 1045
1046 1050 1047
1050 1046 1049
1050 1051 1047
1050 1049 1052
1052 1051 1050
1053 1049 1048
1052 1049 1053
1052 1054 1051
1054 1055 1051
1052 1056 1054
1053 1056 1052
1055 1054 1057
1056 1057 1054
1055 1057 1058
1058 1057 1059
1058 1059 1060
1057 1061 1059
1056 1061 1057
1056 1062 1061
1056 1063 1062
1053 1063 1056
1063 1064 1062
1048 1065 1053
1053 1065 1063
1063 1066 1064
1065 1066 1063
1048 1067 1065
1048 1039 1067
1068 1064 1066
1068 1069 1064
1065 1070 1066
1068 1066 1070
1070 1065 1067
1068 1070 1071
1071 1070 1072
1070 1067 1072
1071 1072 1073
1067 1039 1074
1072 1067 1074
1035 1074 1039
1073 1072 1075
1072 1074 1075
1073 1075 1076
1077 1074 1035
1075 1074 1077
1034 1077 1035
1076 1075 1078
1075 1077 1078
1076 1078 1079
1080 1079 1078
1080 1078 1081
1077 1081 1078
1081 1082 1080
1034 1083 1077
1077 1083 1081
1036 1083 1034
1081 1084 1082
1084 1081 1083
1036 1085 1083
1084 1083 1085
1082 1084 1086
1085 1086 1084
1086 1087 1082
1085 1088 1086
1089 1088 1085
1085 1036 1089
1036 1090 1089
1091 1092 1093
1091 1093 1094
1095 1096 1097
1095 1097 1098
1095 1098 1099
1100 1099 1098
1100 1101 1099
1102 1101 1100
1102 1103 1101
1104 1103 1102
1104 1105 1103
1102 1106 1104
1104 1106 1107
1102 1108 1106
1108 1109 1106
1108 1110 1109
1111 1109 1110
1112 1105 1104
1104 1107 1112
1112 1113 1105
1113 1112 1114
1107 1114 1112
1113 1114 1115
1107 1116 1114
1107 1117 1116
1106 1118 1107
1106 1109 1118
1107 1119 1117
1118 1119 1107
1119 1120 1117
1119 1121 1120
1121 1119 1118
1121 1118 1122
1118 1109 1122
1123 1122 1109
1124 1122 1123
1125 1123 1109
1111 1125 1109
1126 1125 1111
1124 1123 1127
1128 1124 1127
1128 1127 1129
1127 1130 1129
1123 1131 1127
1125 1131 1123
1127 1131 1130
1132 1131 1125
1126 1132 1125
1130 1131 1133
1132 1133 1131
1130 1133 1134
1134 1133 1135
1134 1135 1136
1133 1137 1135
1133 1132 1137
1132 1138 1137
1132 1126 1138
1126 1139 1138
1126 1140 1139
1140 1141 1139
1140 1142 1141
1143 1141 1142
1143 1144 1141
1144 1143 1145
1146 1147 1148
1146 1148 1149
1150 1151 1152
1150 1152 1153
1154 1155 1156
1154 1157 1155
1158 1159 1154
1158 1160 1159
1157 1161 1162
1157 1163 1161
1163 1164 1165
1163 1166 1164
1166 1167 1164
1166 1168 1167
1168 1169 1167
1168 1170 1169
1170 1171 1169
1170 1172 1171
1172 1173 1171
1164 1167 1174
1167 1169 1175
1167 1175 1174
1169 1171 1176
1169 1176 1175
1171 1173 1177
1171 1177 1176
1164 1174 1178
1164 1178 1179
1180 1177 1173
1180 1173 1181
1181 1182 1180
1181 1183 1182
1180 1184 1177
1182 1184 1180
1185 1182 1183
1185 1183 1186
1185 1186 1187
1184 1182 1188
1188 1182 1185
1187 1189 1185
1187 1190 1189
1191 1189 1190
1191 1190 1192
1193 1189 1191
1193 1185 1189
1193 1188 1185
1194 1188 1193
1195 1184 1188
1194 1195 1188
1177 1184 1196
1195 1196 1184
1197 1195 1194
1197 1196 1195
1197 1194 1198
1199 1197 1198
1199 1200 1197
1200 1201 1197
1197 1201 1196
1200 1202 1201
1177 1196 1203
1203 1196 1201
1177 1203 1176
1204 1201 1202
1203 1201 1204
1204 1202 1205
1176 1203 1206
1204 1206 1203
1175 1176 1206
1205 1207 1204
1204 1207 1206
1205 1208 1207
1209 1175 1206
1207 1209 1206
1209 1174 1175
1208 1210 1207
1207 1210 1209
1208 1211 1210
1211 1212 1210
1209 1210 1212
1211 1213 1212
1209 1214 1174
1209 1212 1214
1178 1174 1214
1215 1212 1213
1215 1214 1212
1215 1213 1216
1178 1214 1217
1215 1217 1214
1216 1218 1215
1218 1217 1215
1219 1218 1216
1218 1220 1217
1221 1217 1220
1217 1221 1178
1178 1221 1222
1223 1224 1225
1223 1225 1226
1227 1228 1229
1227 1229 1230
1231 1232 1233
1231 1233 1234
1235 1236 1237
1235 1238 1236
1239 1238 1235
1240 1238 1239
1240 1239 1241
1239 1235 1242
1243 1239 1242
1244 1242 1235
1243 1242 1244
1243 1245 1239
1246 1245 1243
1245 1247 1239
1245 1248 1247
1243 1244 1249
1246 1243 1249
1249 1244 1250
1249 1250 1251
1244 1235 1252
1253 1244 1252
1253 1254 1244
1235 1255 1252
1235 1256 1255
1246 1257 1245
1245 1257 1258
1245 1258 1259
1260 1257 1246
1260 1246 1261
1262 1263 1246
1262 1246 1264
1246 1249 1264
1249 1265 1264
1249 1266 1265
1267 1268 1269
1267 1270 1268
1271 1270 1272
1271 1273 1270
1273 1274 1275
1273 1275 1276
1277 1278 1268
1277 1279 1278
1280 1277 1281
1280 1281 1282
1283 1276 1284
1283 1284 1285
1286 1283 1287
1286 1288 1283
1289 1288 1290
1289 1291 1288
1292 1281 1293
1292 1293 1294
1293 1291 1295
1293 1295 1296
1297 1298 1299
1297 1300 1298
1301 1300 1297
1298 1300 1302
1298 1302 1303
1302 1304 1303
1301 1305 1300
1306 1305 1301
1302 1307 1304
1307 1308 1304
1300 1309 1302
1300 1305 1309
1309 1307 1302
1306 1310 1305
1311 1310 1306
1305 1312 1309
1305 1310 1312
1311 1313 1310
1314 1313 1311
1315 1312 1310
1315 1310 1313
1314 1316 1313
1317 1316 1314
1313 1318 1315
1313 1316 1318
1319 1312 1315
1318 1319 1315
1320 1309 1312
1319 1320 1312
1309 1321 1307
1320 1321 1309
1317 1322 1316
1323 1322 1317
1316 1324 1318
1316 1322 1324
1323 1325 1322
1326 1325 1323
1318 1327 1319
1324 1327 1318
1328 1320 1319
1328 1321 1320
1321 1329 1307
1307 1329 1308
1322 1330 1324
1322 1325 1330
1326 1331 1325
1331 1326 1332
1324 1333 1327
1330 1333 1324
1327 1334 1319
1328 1319 1334
1325 1335 1330
1325 1331 1335
1331 1332 1336
1337 1336 1332
1330 1338 1333
1335 1338 1330
1333 1339 1327
1327 1339 1334
1340 1335 1331
1340 1331 1336
1337 1341 1336
1342 1341 1337
1335 1343 1338
1343 1335 1340
1338 1344 1333
1333 1344 1339
1336 1345 1340
1336 1341 1345
1342 1346 1341
1347 1346 1342
1343 1340 1348
1345 1348 1340
1341 1349 1345
1341 1346 1349
1347 1350 1346
1351 1350 1347
1345 1352 1348
1349 1352 1345
1346 1353 1349
1346 1350 1353
1351 1354 1350
1355 1354 1351
1356 1343 1348
1352 1356 1348
1349 1357 1352
1353 1357 1349
1350 1354 1358
1350 1358 1353
1355 1359 1354
1360 1359 1355
1354 1361 1358
1354 1359 1361
1362 1353 1358
1361 1362 1358
1352 1363 1356
1357 1363 1352
1353 1364 1357
1362 1364 1353
1357 1365 1363
1364 1365 1357
1360 1366 1359
1359 1367 1361
1359 1366 1367
1361 1368 1362
1367 1368 1361
1369 1364 1362
1368 1369 1362
1360 1370 1366
1360 1371 1370
1372 1370 1371
1366 1373 1367
1366 1370 1373
1367 1374 1368
1373 1374 1367
1372 1375 1370
1376 1375 1372
1370 1377 1373
1370 1375 1377
1376 1378 1375
1379 1378 1376
1368 1380 1369
1374 1380 1368
1373 1381 1374
1377 1381 1373
1375 1382 1377
1375 1378 1382
1379 1383 1378
1384 1383 1379
1384 1385 1383
1383 1385 1386
1378 1383 1387
1383 1386 1387
1378 1387 1382
1382 1388 1377
1377 1388 1381
1381 1389 1374
1374 1389 1380
1386 1390 1387
1386 1391 1390
1387 1392 1382
1382 1392 1388
1387 1390 1392
1388 1393 1381
1381 1393 1389
1391 1394 1390
1391 1395 1394
1394 1395 1396
1392 1397 1388
1388 1397 1393
1390 1398 1392
1390 1394 1398
1392 1398 1397
1394 1396 1399
1398 1394 1399
1399 1396 1400
1398 1399 1401
1397 1398 1401
1401 1399 1402
1397 1401 1403
1393 1397 1403
1403 1401 1404
1393 1403 1405
1406 1405 1403
1389 1393 1405
1389 1405 1407
1408 1407 1405
1380 1389 1407
1380 1407 1409
1410 1409 1407
1369 1380 1409
1369 1409 1411
1412 1411 1409
1413 1369 1411
1369 1413 1364
1364 1413 1365
1413 1411 1414
1365 1413 1414
1415 1414 1411
1365 1414 1416
1417 1416 1414
1363 1365 1416
1363 1416 1418
1418 1416 1419
1356 1363 1418
1356 1418 1420
1420 1418 1421
1422 1356 1420
1356 1422 1343
1422 1420 1423
1423 1420 1424
1343 1422 1425
1425 1422 1423
1343 1425 1338
1338 1425 1344
1425 1423 1426
1344 1425 1426
1426 1423 1427
1344 1426 1428
1428 1426 1429
1339 1344 1428
1339 1428 1430
1430 1428 1431
1334 1339 1430
1334 1430 1432
1433 1432 1430
1328 1334 1432
1328 1432 1434
1435 1434 1432
1436 1328 1434
1328 1436 1321
1321 1436 1329
1436 1434 1437
1329 1436 1437
1438 1437 1434
1329 1437 1439
1440 1439 1437
1308 1329 1439
1308 1439 1441
1441 1439 1442
1443 1444 1445
1443 1446 1444
1447 1448 1446
1447 1446 1449
1450 1449 1446
1451 1450 1446
1451 1446 1452
1453 1450 1451
1453 1454 1450
1450 1455 1449
1454 1455 1450
1455 1456 1449
1449 1456 1457
1449 1457 1458
1454 1459 1455
1460 1459 1454
1460 1461 1459
1455 1462 1456
1459 1462 1455
1459 1463 1462
1462 1464 1456
1465 1456 1464
1465 1466 1456
1462 1467 1464
1468 1467 1462
1468 1469 1467
1470 1464 1467
1471 1464 1470
1471 1472 1464
1470 1467 1473
1473 1467 1474
1473 1474 1475
1476 1470 1473
1477 1470 1476
1477 1478 1470
1476 1473 1479
1479 1473 1480
1479 1480 1481
1482 1459 1483
1483 1459 1484
142 1485 1486
142 1486 1487
1488 1489 1454
1488 1454 1490
1491 1492 1493
1491 1493 1494
1495 1496 1493
1495 1497 1496
1498 1499 1500
1498 1500 1501
1502 1503 1504
1502 1504 1505
1506 1507 1508
1506 1508 1509
1510 1511 1512
1510 1512 1513
1514 1515 1516
1514 1516 1517
1518 1519 1520
1518 1520 1521
1522 1523 1524
1522 1524 1525
1526 1527 1528
1526 1528 1529
1530 1531 1532
1530 1532 1533
1534 1535 1536
1534 1536 1537
1538 1539 1540
1538 1540 1541
1542 1543 1544
1542 1544 1545
1546 1547 1548
1546 1548 1549
1550 1551 1552
1550 1552 1553
1554 1550 1553
1554 1553 1555
1556 1557 1555
1556 1555 1558
1559 1560 1558
1559 1558 1561
1562 1563 1561
1562 1561 1564
1565 1566 1564
1565 1564 1567
1568 1565 1567
1568 1567 1569
1570 1571 1569
1570 1569 1572
1573 1574 1572
1573 1572 1575
1576 1577 1575
1576 1575 1578
1579 1580 1581
1579 1581 1582
1583 1584 1585
1583 1586 1584
1587 1586 1588
1587 1589 1586
1590 1586 1589
1591 1586 1590
1591 1592 1586
1590 1593 1591
1590 1594 1593
1590 1589 1595
1595 1594 1590
1595 1589 1596
1589 1597 1596
1589 1598 1597
1595 1599 1594
1599 1600 1594
1599 1601 1600
1595 1596 1602
1599 1595 1602
1599 1602 1603
1602 1596 1604
1605 1604 1596
1605 1596 1606
1602 1604 1607
1607 1608 1602
1607 1609 1608
1610 1607 1604
1611 1610 1604
1611 1604 1612
1610 1613 1607
1613 1614 1607
1613 1615 1614
1616 1613 1610
1610 1617 1616
1610 1618 1617
1616 1619 1613
1619 1620 1613
1619 1621 1620
1622 1623 1599
1623 1624 1599
1625 1626 568
1625 568 1627
1594 1628 1629
1594 1629 1630
1631 1632 1633
1631 1633 1634
1635 1636 1631
1635 1637 1636
1638 1639 1640
1638 1640 1641
1642 1643 1644
1642 1644 1645
1646 1647 1648
1646 1648 1649
1650 1651 1652
1650 1652 1653
1654 1655 1656
1654 1656 1657
1658 1659 1660
1658 1660 1661
1662 1663 1664
1662 1664 1665
1666 1667 1668
1666 1668 1669
1670 1671 1672
1670 1672 1673
1674 1675 1676
1674 1676 1677
1678 1679 1680
1678 1680 1681
1682 1683 1684
1682 1684 1685
1686 1687 1688
1686 1688 1689
1690 1691 1692
1690 1692 1693
1693 1692 1694
1693 1694 1695
1695 1696 1697
1695 1697 1698
1698 1699 1700
1698 1700 1701
1701 1702 1703
1701 1703 1704
1704 1705 1706
1704 1706 1707
1707 1706 1708
1707 1708 1709
1709 1710 1711
1709 1711 1712
1712 1713 1714
1712 1714 1715
1715 1716 1717
1715 1717 1718
1719 1720 1721
1719 1721 1722
1723 1724 1725
1723 1725 1726
1727 1728 1729
1727 1729 1730
1731 1730 1729
1731 1732 1730
1733 1732 1731
1733 1734 1732
1734 1733 1735
1734 1735 1736
1736 1735 1737
1736 1737 1738
1738 1737 1739
1738 1739 1740
1740 1739 1741
1740 1741 1742
1742 1741 1743
1742 1743 1744
1744 1743 1745
1744 1745 1746
1746 1745 1747
1746 1747 1748
1748 1747 1749
1748 1749 1750
1750 1749 1751
1750 1751 1752
1752 1751 1753
1752 1753 1754
1754 1753 1755
1754 1755 1756
1757 1756 1755
1757 1758 1756
1756 1759 1754
1754 1759 1752
1758 1760 1756
1756 1760 1759
1758 1761 1760
1761 1762 1760
1761 1763 1762
1764 1759 1760
1764 1760 1762
1765 1752 1759
1765 1759 1764
1763 1766 1762
1763 1767 1766
1767 1768 1766
1769 1764 1762
1769 1765 1764
1769 1762 1766
1768 1770 1766
1768 1771 1770
1772 1752 1765
1772 1750 1752
1766 1773 1769
1766 1770 1773
1771 1774 1770
1771 1775 1774
1776 1774 1775
1777 1770 1774
1777 1773 1770
1776 1778 1774
1778 1777 1774
1779 1778 1776
1779 1780 1778
1781 1780 1779
1778 1782 1777
1780 1782 1778
1783 1773 1777
1782 1783 1777
1784 1769 1773
1783 1784 1773
1781 1785 1780
1786 1785 1781
1780 1787 1782
1785 1787 1780
1782 1788 1783
1787 1788 1782
1786 1789 1785
1790 1789 1786
1784 1791 1769
1769 1791 1765
1784 1783 1792
1792 1783 1788
1785 1793 1787
1789 1793 1785
1794 1787 1793
1794 1795 1787
1787 1795 1788
1796 1788 1795
1792 1788 1796
1784 1792 1797
1791 1784 1797
1798 1765 1791
1798 1772 1765
1791 1799 1798
1791 1797 1799
1798 1800 1772
1798 1799 1800
1800 1750 1772
1797 1792 1801
1801 1792 1796
1799 1797 1802
1802 1800 1799
1802 1797 1801
1796 1795 1803
1803 1795 1794
1800 1804 1750
1804 1748 1750
1805 1804 1800
1805 1748 1804
1802 1805 1800
1801 1796 1806
1806 1796 1803
1807 1748 1805
1807 1746 1748
1808 1802 1801
1806 1808 1801
1809 1805 1802
1809 1807 1805
1808 1809 1802
1810 1746 1807
1810 1744 1746
1811 1807 1809
1811 1810 1807
1812 1809 1808
1812 1811 1809
1806 1813 1808
1812 1808 1813
1806 1803 1814
1813 1806 1814
1815 1744 1810
1815 1742 1744
1816 1810 1811
1816 1815 1810
1817 1742 1815
1817 1740 1742
1814 1803 1818
1803 1794 1818
1819 1815 1816
1819 1817 1815
1820 1740 1817
1820 1738 1740
1821 1820 1817
1821 1817 1819
1822 1738 1820
1821 1822 1820
1822 1736 1738
1823 1736 1822
1823 1734 1736
1824 1734 1823
1824 1732 1734
1732 1824 1825
1732 1825 1730
1824 1826 1825
1827 1730 1825
1827 1828 1730
1829 1827 1825
1829 1825 1830
1831 1822 1821
1822 1832 1823
1822 1831 1832
1832 1833 1823
1831 1833 1832
1823 1834 1824
1823 1833 1834
1835 1831 1821
1819 1835 1821
1824 1834 1836
1824 1836 1837
1834 1838 1836
1833 1839 1834
1834 1839 1838
1840 1833 1831
1835 1840 1831
1833 1840 1839
1841 1838 1839
1841 1842 1838
1843 1839 1840
1843 1841 1839
1819 1844 1835
1844 1819 1816
1845 1840 1835
1845 1843 1840
1846 1835 1844
1846 1845 1835
1847 1841 1843
1848 1843 1845
1848 1847 1843
1849 1845 1846
1849 1848 1845
1847 1850 1841
1850 1851 1841
1850 1852 1851
1853 1852 1850
1853 1854 1852
1855 1850 1847
1855 1853 1850
1856 1847 1848
1856 1855 1847
1857 1854 1853
1857 1858 1854
1859 1853 1855
1859 1857 1853
1860 1848 1849
1860 1856 1848
1861 1855 1856
1861 1859 1855
1862 1856 1860
1862 1861 1856
1863 1860 1849
1864 1862 1860
1864 1860 1863
1863 1849 1865
1865 1849 1846
1865 1846 1866
1866 1846 1844
1865 1867 1863
1866 1867 1865
1866 1844 1868
1844 1816 1868
1866 1869 1867
1868 1869 1866
1868 1816 1870
1811 1870 1816
1868 1870 1871
1871 1870 1811
1868 1871 1869
1871 1811 1812
1869 1871 1812
1812 1813 1869
1813 1872 1869
1867 1869 1872
1813 1814 1872
1863 1867 1873
1873 1867 1872
1874 1872 1814
1874 1873 1872
1814 1818 1874
1863 1873 1875
1863 1875 1864
1876 1874 1818
1794 1876 1818
1877 1873 1874
1877 1875 1873
1876 1877 1874
1878 1875 1877
1878 1877 1876
1864 1875 1879
1878 1879 1875
1864 1879 1880
1880 1862 1864
1880 1881 1862
1881 1861 1862
1881 1882 1861
1882 1859 1861
1883 1880 1879
1883 1884 1880
1884 1881 1880
1883 1879 1885
1885 1879 1878
1884 1886 1881
1886 1882 1881
1885 1878 1887
1886 1888 1882
1887 1878 1889
1887 1889 1890
1876 1889 1878
1891 1890 1889
1888 1892 1882
1888 1893 1892
1882 1892 1859
1893 1894 1892
1859 1892 1894
1893 1895 1894
1859 1894 1857
1895 1896 1894
1857 1894 1896
1895 1897 1896
1876 1898 1889
1794 1898 1876
1891 1889 1899
1899 1889 1898
1899 1900 1891
1896 1901 1857
1901 1902 1857
1897 1903 1896
1896 1903 1901
1897 1904 1903
1904 1905 1903
1904 1906 1905
1903 1907 1901
1903 1908 1907
1899 1898 1909
1898 1794 1909
1909 1910 1899
1899 1910 1900
1911 1900 1910
1794 1912 1909
1909 1912 1910
1794 1793 1912
1789 1912 1793
1789 1910 1912
1911 1910 1913
1913 1910 1789
1914 1911 1913
1790 1913 1789
1914 1913 1915
1915 1913 1790
1916 1917 1918
1916 1918 1919
1920 1918 1921
1920 1921 1922
1923 1924 1925
1923 1925 1926
1927 1928 1929
1927 1929 1930
1931 1932 1933
1931 1827 1932
1934 1935 1936
1934 1936 1937
1938 1939 1940
1938 1940 1941
1942 1943 1944
1942 1944 1945
1946 1947 1942
1946 1948 1947
1949 1950 1951
1949 1951 1952
1953 1954 1952
1953 1952 1955
1956 1957 1958
1956 1959 1957
1960 1961 1959
1960 1959 1962
1963 1964 1965
1963 1965 1966
1967 1968 1969
1967 1969 1970
1901 1971 1972
1901 1972 1973
1974 1975 1976
1974 1976 1977
1978 1976 1979
1978 1979 1980
1981 1979 1982
1981 1982 1983
1983 1984 1985
1983 1985 1986
1987 1988 1989
1987 1989 1990
1991 1992 1990
1991 1990 1993
1994 1995 1996
1994 1996 1997
1998 1999 2000
1998 2000 2001
2002 2003 1998
2002 1998 2004
2005 2002 2006
2005 2006 2007
2008 2009 2010
2008 2010 2011
2012 2010 2013
2012 2013 2014
2015 2016 2017
2015 2017 2018
2019 2020 2021
2019 2021 2022
2023 2024 2025
2023 2025 2026
2027 2023 2028
2027 2028 2029
2030 2031 2032
2030 2032 2033
2034 2035 2036
2034 2036 2037
2038 2039 2040
2038 2040 2041
2042 2043 2044
2042 2044 2045
2046 2047 2048
2046 2048 2049
2050 2051 2052
2050 2053 2051
2053 2054 2051
2053 2055 2054
2055 2056 2054
2055 2057 2056
2057 2058 2056
2057 2059 2058
2059 2060 2058
2059 2061 2060
2061 2062 2060
2061 2063 2062
2063 2064 2062
2063 2065 2064
2065 2066 2064
2065 2067 2066
2067 2068 2066
2067 2069 2068
2069 2070 2068
2069 2071 2070
2071 2072 2070
2071 2073 2072
2073 2074 2072
2073 2075 2074
2075 2076 2074
2075 2077 2076
2078 2076 2077
2078 2077 2079
2080 2078 2079
2080 2079 2081
2082 2079 2077
2082 2077 2075
2081 2079 2083
2082 2083 2079
2081 2083 2084
2084 2083 2085
2084 2085 2086
2082 2087 2083
2087 2085 2083
2088 2082 2075
2088 2087 2082
2089 2087 2088
2086 2085 2090
2086 2090 2091
2091 2090 2092
2093 2085 2087
2089 2093 2087
2093 2090 2085
2094 2088 2075
2094 2075 2073
2092 2090 2095
2092 2095 2096
2097 2090 2093
2089 2097 2093
2097 2095 2090
2098 2088 2094
2098 2089 2088
2099 2094 2073
2098 2094 2099
2096 2095 2100
2096 2100 2101
2102 2101 2100
2103 2100 2095
2103 2095 2097
2102 2100 2104
2104 2100 2103
2105 2102 2104
2105 2104 2106
2107 2105 2106
2099 2073 2108
2108 2073 2071
2109 2108 2071
2109 2099 2108
2104 2103 2110
2106 2104 2110
2107 2106 2111
2112 2107 2111
2106 2110 2113
2111 2106 2113
2114 2110 2103
2113 2110 2114
2112 2111 2115
2116 2112 2115
2111 2113 2117
2115 2111 2117
2118 2109 2071
2118 2071 2069
2114 2103 2119
2119 2103 2097
2119 2097 2120
2089 2120 2097
2120 2121 2119
2121 2114 2119
2113 2114 2122
2122 2117 2113
2122 2123 2117
2089 2124 2120
2120 2124 2121
2121 2125 2114
2125 2122 2114
2126 2118 2069
2126 2069 2067
2127 2123 2122
2125 2127 2122
2128 2125 2121
2124 2128 2121
2089 2129 2124
2089 2098 2129
2098 2099 2129
2129 2130 2124
2130 2129 2099
2130 2128 2124
2130 2099 2109
2128 2131 2125
2131 2127 2125
2132 2128 2130
2132 2131 2128
2133 2130 2109
2132 2130 2133
2133 2109 2118
2134 2133 2118
2134 2118 2126
2135 2132 2133
2135 2133 2134
2132 2136 2131
2135 2136 2132
2131 2137 2127
2137 2131 2136
2137 2138 2127
2127 2138 2123
2135 2139 2136
2137 2136 2140
2136 2139 2140
2137 2141 2138
2140 2141 2137
2142 2135 2134
2139 2135 2142
2123 2138 2143
2141 2143 2138
2126 2144 2134
2142 2134 2145
2134 2144 2145
2146 2142 2145
2146 2139 2142
2146 2145 2144
2126 2147 2144
2147 2126 2067
2147 2067 2065
2148 2147 2065
2148 2065 2063
2149 2144 2147
2149 2147 2148
2150 2146 2144
2150 2144 2149
2146 2151 2139
2151 2146 2150
2152 2148 2063
2152 2063 2061
2153 2149 2148
2153 2148 2152
2154 2152 2061
2153 2152 2154
2154 2061 2059
2155 2150 2149
2155 2149 2153
2151 2156 2139
2156 2140 2139
2151 2150 2157
2157 2150 2155
2158 2154 2059
2158 2059 2057
2159 2153 2154
2153 2159 2155
2151 2160 2156
2160 2151 2157
2161 2140 2156
2140 2161 2141
2160 2162 2156
2162 2161 2156
2160 2157 2163
2162 2160 2163
2157 2155 2164
2163 2157 2164
2161 2165 2141
2141 2165 2143
2161 2166 2165
2162 2166 2161
2155 2159 2167
2164 2155 2167
2168 2143 2165
2168 2165 2166
2162 2163 2169
2163 2164 2170
2169 2163 2170
2162 2171 2166
2171 2162 2169
2164 2167 2172
2170 2164 2172
2168 2166 2173
2171 2173 2166
2167 2159 2174
2172 2167 2175
2175 2167 2174
2159 2176 2174
2176 2159 2154
2176 2154 2158
2176 2158 2174
2158 2177 2174
2175 2174 2177
2158 2178 2177
2178 2158 2057
2178 2057 2055
2179 2178 2055
2179 2055 2053
2178 2179 2180
2181 2177 2178
2181 2178 2182
2183 2177 2181
2183 2175 2177
2184 2175 2183
2184 2183 2185
2172 2175 2184
2053 2186 2179
2053 2187 2186
2188 2179 2186
2188 2189 2179
2190 2172 2184
2170 2172 2190
2190 2184 2191
2191 2184 2192
2191 2192 2193
2194 2170 2190
2169 2170 2194
2195 2190 2191
2194 2190 2195
2193 2196 2191
2195 2191 2196
2193 2197 2196
2198 2169 2194
2171 2169 2198
2199 2194 2195
2198 2194 2199
2200 2196 2197
2200 2197 2201
2202 2195 2196
2199 2195 2202
2202 2196 2200
2203 2171 2198
2171 2203 2173
2204 2198 2199
2203 2198 2204
2205 2199 2202
2204 2199 2205
2203 2206 2173
2203 2207 2206
2207 2203 2204
2206 2208 2173
2207 2204 2209
2205 2209 2204
2208 2168 2173
2205 2210 2209
2208 2211 2168
2210 2205 2212
2205 2202 2212
2210 2212 2213
2211 2214 2168
2211 2215 2214
2143 2168 2214
2214 2215 2216
2202 2217 2212
2213 2212 2217
2213 2217 2218
2202 2200 2217
2218 2217 2219
2200 2219 2217
2218 2219 2220
2143 2214 2221
2123 2143 2221
2214 2216 2222
2222 2221 2214
2223 2222 2216
2224 2219 2200
2224 2200 2225
2226 2220 2219
2224 2226 2219
2226 2227 2220
2228 2227 2226
2228 2229 2227
2230 2226 2224
2230 2231 2226
2222 2232 2221
2221 2232 2123
2233 2232 2222
2223 2233 2222
2234 2233 2223
2235 2123 2232
2233 2235 2232
2235 2117 2123
2115 2117 2235
2233 2115 2235
2234 2236 2233
2236 2115 2233
2237 2236 2234
2116 2115 2236
2237 2238 2236
2238 2116 2236
2239 2240 2241
2239 2241 2242
2243 2244 2241
2243 2245 2244
2246 2247 2248
2246 2248 2249
2250 2251 2252
2250 2252 2253
2254 2255 2256
2254 2256 2186
2257 2258 2259
2257 2259 2260
2261 2262 2263
2261 2263 2264
2265 2266 2267
2265 2267 2268
2269 2265 2270
2269 2270 2271
2272 2273 2274
2272 2274 2275
2275 2276 2277
2275 2277 2278
2279 2280 2281
2279 2281 2282
2283 2284 2282
2283 2282 2285
2286 2287 2288
2286 2288 2289
2290 2291 2292
2290 2292 2293
2294 2295 2224
2294 2224 2296
2297 2298 2299
2297 2299 2300
2301 2302 2299
2301 2303 2302
2304 2305 2302
2304 2306 2305
2306 2307 2308
2306 2308 2309
2310 2311 2312
2310 2312 2313
2314 2315 2313
2314 2313 2316
2317 2318 2319
2317 2319 2320
2321 2322 2323
2321 2323 2324
2325 2326 2323
2325 2323 2327
2328 2329 2325
2328 2330 2329
2331 2332 2333
2331 2333 2334
2335 2331 2336
2335 2336 2337
2338 2339 2340
2338 2340 2341
2342 2343 2344
2342 2344 2345
2346 2347 2348
2346 2348 2349
2350 2351 2346
2350 2352 2351
2353 2354 2355
2353 2355 2356
2357 2358 2359
2357 2359 2360
2361 2362 2363
2361 2363 2364
2365 2366 2367
2365 2367 2368
2369 2370 2371
2369 2371 2372
2372 2371 2373
2372 2374 2369
2372 2373 2375
2375 2373 2376
2375 2376 2377
2372 2378 2374
2378 2372 2375
2379 2375 2377
2378 2375 2379
2379 2377 2380
2381 2374 2378
2381 2378 2379
2381 2382 2374
2383 2382 2381
2383 2384 2382
2385 2379 2380
2381 2379 2385
2383 2381 2385
2385 2380 2386
2387 2385 2386
2383 2385 2387
2387 2386 2388
2384 2383 2389
2384 2389 2390
2388 2391 2387
2388 2392 2391
2390 2389 2393
2390 2393 2394
2393 2395 2394
2393 2396 2395
2397 2395 2396
2389 2398 2393
2398 2396 2393
2389 2399 2398
2383 2399 2389
2387 2391 2399
2398 2400 2396
2387 2401 2383
2387 2399 2401
2383 2401 2399
2391 2402 2399
2392 2403 2391
2391 2403 2402
2392 2404 2403
2403 2404 2405
2402 2403 2406
2403 2405 2406
2402 2406 2400
2406 2405 2397
2396 2400 2407
2406 2407 2400
2406 2397 2407
2397 2396 2407
2408 2409 2410
2408 2410 2411
2411 2410 2412
2411 2413 2408
2411 2412 2414
2414 2412 2415
2414 2415 2416
2411 2417 2413
2417 2411 2414
2418 2414 2416
2417 2414 2418
2418 2416 2419
2420 2413 2417
2420 2417 2418
2420 2421 2413
2422 2421 2420
2422 2423 2421
2424 2418 2419
2420 2418 2424
2422 2420 2424
2424 2419 2425
2426 2424 2425
2422 2424 2426
2426 2425 2427
2423 2422 2428
2423 2428 2429
2427 2430 2426
2427 2431 2430
2429 2428 2432
2429 2432 2433
2432 2434 2433
2432 2435 2434
2436 2434 2435
2428 2437 2432
2437 2435 2432
2428 2438 2437
2422 2438 2428
2426 2430 2438
2437 2439 2435
2426 2440 2422
2426 2438 2440
2422 2440 2438
2430 2441 2438
2431 2442 2430
2430 2442 2441
2431 2443 2442
2442 2443 2444
2441 2442 2445
2442 2444 2445
2441 2445 2439
2445 2444 2436
2435 2439 2446
2445 2446 2439
2445 2436 2446
2436 2435 2446
2447 2448 2449
2447 2449 2450
2450 2449 2451
2450 2452 2447
2450 2451 2453
2453 2451 2454
2453 2454 2455
2450 2456 2452
2456 2450 2453
2457 2453 2455
2456 2453 2457
2457 2455 2458
2459 2452 2456
2459 2456 2457
2459 2460 2452
2461 2460 2459
2461 2462 2460
2463 2457 2458
2459 2457 2463
2461 2459 2463
2463 2458 2464
2465 2463 2464
2461 2463 2465
2465 2464 2466
2462 2461 2467
2462 2467 2468
2466 2469 2465
2466 2470 2469
2468 2467 2471
2468 2471 2472
2471 2473 2472
2471 2474 2473
2475 2473 2474
2467 2476 2471
2476 2474 2471
2467 2477 2476
2461 2477 2467
2465 2469 2477
2476 2478 2474
2465 2479 2461
2465 2477 2479
2461 2479 2477
2469 2480 2477
2470 2481 2469
2469 2481 2480
2470 2482 2481
2481 2482 2483
2480 2481 2484
2481 2483 2484
2480 2484 2478
2484 2483 2475
2474 2478 2485
2484 2485 2478
2484 2475 2485
2475 2474 2485
2486 2487 2488
2486 2488 2489
2489 2488 2490
2488 2491 2490
2488 2492 2491
2493 2492 2488
2493 2494 2492
2490 2491 2495
2490 2495 2496
2496 2495 2497
2489 2490 2498
2498 2490 2496
2496 2497 2499
2500 2499 2497
2501 2496 2499
2498 2496 2501
2500 2502 2499
2501 2499 2502
2503 2502 2500
2503 2501 2502
2503 2500 2504
2503 2505 2501
2504 2505 2503
2505 2498 2501
2504 2506 2505
2505 2507 2498
2506 2507 2505
2507 2489 2498
2506 2508 2507
2507 2509 2489
2508 2509 2507
2509 2510 2489
2508 2511 2509
2509 2512 2510
2511 2512 2509
2511 2513 2512
2514 2515 2516
2514 2516 2517
2518 2514 2517
2518 2517 2519
2520 2518 2519
2520 2519 2521
2522 2520 2521
2522 2521 2523
2523 2524 2522
2519 2517 2525
2517 2526 2525
2517 2527 2526
2521 2519 2528
2519 2525 2528
2523 2521 2529
2521 2528 2529
2523 2530 2524
2523 2529 2530
2524 2530 2531
2529 2531 2530
2524 2531 2532
2529 2533 2531
2533 2532 2531
2528 2533 2529
2533 2534 2532
2528 2535 2533
2535 2534 2533
2525 2535 2528
2535 2536 2534
2525 2537 2535
2537 2536 2535
2538 2537 2525
2538 2539 2537
2537 2540 2536
2541 2540 2537
2541 2542 2540
2543 2544 2545
2546 2545 2544
2546 2544 2547
2547 2544 2548
2548 2544 2549
2544 2550 2549
2551 2552 2553
2551 2554 2552
2554 2555 2552
2556 2554 2551
2554 2557 2555
2557 2558 2555
2557 2559 2558
2556 2560 2554
2560 2557 2554
2561 2559 2557
2560 2561 2557
2561 2562 2559
2563 2560 2556
2563 2561 2560
2563 2556 2564
2565 2563 2564
2565 2564 2566
2567 2562 2561
2563 2567 2561
2565 2567 2563
2567 2568 2562
2569 2568 2567
2565 2569 2567
2569 2570 2568
2566 2571 2565
2566 2572 2571
2570 2569 2573
2570 2573 2574
2572 2575 2571
2572 2576 2575
2575 2576 2577
2575 2577 2578
2578 2577 2579
2571 2575 2580
2580 2575 2578
2571 2580 2581
2565 2571 2581
2569 2581 2573
2580 2578 2582
2569 2565 2583
2569 2583 2581
2565 2581 2583
2573 2581 2584
2574 2573 2585
2573 2584 2585
2574 2585 2586
2585 2587 2586
2584 2588 2585
2585 2588 2587
2584 2582 2588
2579 2587 2588
2578 2589 2582
2578 2579 2589
2588 2582 2589
2579 2588 2589
2590 2591 2592
2590 2592 2593
2593 2592 2594
2592 2595 2594
2592 2596 2595
2597 2596 2592
2597 2598 2596
2594 2595 2599
2594 2599 2600
2600 2599 2601
2593 2594 2602
2602 2594 2600
2600 2601 2603
2604 2603 2601
2605 2600 2603
2602 2600 2605
2604 2606 2603
2605 2603 2606
2607 2606 2604
2607 2605 2606
2607 2604 2608
2607 2609 2605
2608 2609 2607
2609 2602 2605
2608 2610 2609
2609 2611 2602
2610 2611 2609
2611 2593 2602
2610 2612 2611
2611 2613 2593
2612 2613 2611
2613 2614 2593
2612 2615 2613
2613 2616 2614
2615 2616 2613
2615 2617 2616
2618 2619 2620
2618 2620 2621
2622 2618 2621
2622 2621 2623
2624 2622 2623
2624 2623 2625
2626 2624 2625
2626 2625 2627
2627 2628 2626
2623 2621 2629
2621 2630 2629
2621 2631 2630
2625 2623 2632
2623 2629 2632
2627 2625 2633
2625 2632 2633
2627 2634 2628
2627 2633 2634
2628 2634 2635
2633 2635 2634
2628 2635 2636
2633 2637 2635
2637 2636 2635
2632 2637 2633
2637 2638 2636
2632 2639 2637
2639 2638 2637
2629 2639 2632
2639 2640 2638
2629 2641 2639
2641 2640 2639
2642 2641 2629
2642 2643 2641
2641 2644 2640
2645 2644 2641
2645 2646 2644
2647 2648 2649
2650 2649 2648
2650 2648 2651
2651 2648 2652
2652 2648 2653
2648 2654 2653
2655 2656 2657
2655 2658 2656
2658 2659 2656
2660 2658 2655
2658 2661 2659
2661 2662 2659
2661 2663 2662
2660 2664 2658
2664 2661 2658
2665 2663 2661
2664 2665 2661
2665 2666 2663
2667 2664 2660
2667 2665 2664
2667 2660 2668
2669 2667 2668
2669 2668 2670
2671 2666 2665
2667 2671 2665
2669 2671 2667
2671 2672 2666
2673 2672 2671
2669 2673 2671
2673 2674 2672
2670 2675 2669
2670 2676 2675
2674 2673 2677
2674 2677 2678
2676 2679 2675
2676 2680 2679
2679 2680 2681
2679 2681 2682
2682 2681 2683
2675 2679 2684
2684 2679 2682
2675 2684 2685
2669 2675 2685
2673 2685 2677
2684 2682 2686
2673 2669 2687
2673 2687 2685
2669 2685 2687
2677 2685 2688
2678 2677 2689
2677 2688 2689
2678 2689 2690
2689 2691 2690
2688 2692 2689
2689 2692 2691
2688 2686 2692
2683 2691 2692
2682 2693 2686
2682 2683 2693
2692 2686 2693
2683 2692 2693
2694 2695 2696
2694 2696 2697
2697 2696 2698
2696 2699 2698
2696 2700 2699
2701 2700 2696
2701 2702 2700
2698 2699 2703
2698 2703 2704
2704 2703 2705
2697 2698 2706
2706 2698 2704
2704 2705 2707
2708 2707 2705
2709 2704 2707
2706 2704 2709
2708 2710 2707
2709 2707 2710
2711 2710 2708
2711 2709 2710
2711 2708 2712
2711 2713 2709
2712 2713 2711
2713 2706 2709
2712 2714 2713
2713 2715 2706
2714 2715 2713
2715 2697 2706
2714 2716 2715
2715 2717 2697
2716 2717 2715
2717 2718 2697
2716 2719 2717
2717 2720 2718
2719 2720 2717
2719 2721 2720
2722 2723 2724
2722 2724 2725
2726 2722 2725
2726 2725 2727
2728 2726 2727
2728 2727 2729
2730 2728 2729
2730 2729 2731
2731 2732 2730
2727 2725 2733
2725 2734 2733
2725 2735 2734
2729 2727 2736
2727 2733 2736
2731 2729 2737
2729 2736 2737
2731 2738 2732
2731 2737 2738
2732 2738 2739
2737 2739 2738
2732 2739 2740
2737 2741 2739
2741 2740 2739
2736 2741 2737
2741 2742 2740
2736 2743 2741
2743 2742 2741
2733 2743 2736
2743 2744 2742
2733 2745 2743
2745 2744 2743
2746 2745 2733
2746 2747 2745
2745 2748 2744
2749 2748 2745
2749 2750 2748
2751 2752 2753
2754 2753 2752
2754 2752 2755
2755 2752 2756
2756 2752 2757
2752 2758 2757
2759 2760 2761
2759 2762 2760
2762 2763 2760
2764 2762 2759
2762 2765 2763
2765 2766 2763
2765 2767 2766
2764 2768 2762
2768 2765 2762
2769 2767 2765
2768 2769 2765
2769 2770 2767
2771 2768 2764
2771 2769 2768
2771 2764 2772
2773 2771 2772
2773 2772 2774
2775 2770 2769
2771 2775 2769
2773 2775 2771
2775 2776 2770
2777 2776 2775
2773 2777 2775
2777 2778 2776
2774 2779 2773
2774 2780 2779
2778 2777 2781
2778 2781 2782
2780 2783 2779
2780 2784 2783
2783 2784 2785
2783 2785 2786
2786 2785 2787
2779 2783 2788
2788 2783 2786
2779 2788 2789
2773 2779 2789
2777 2789 2781
2788 2786 2790
2777 2773 2791
2777 2791 2789
2773 2789 2791
2781 2789 2792
2782 2781 2793
2781 2792 2793
2782 2793 2794
2793 2795 2794
2792 2796 2793
2793 2796 2795
2792 2790 2796
2787 2795 2796
2786 2797 2790
2786 2787 2797
2796 2790 2797
2787 2796 2797
2798 2799 2800
2798 2801 2799
2802 2799 2801
2803 2802 2801
2804 2803 2801
2804 2801 2805
2806 2803 2804
2806 2807 2803
2808 2807 2806
2808 2809 2807
2807 2810 2803
2803 2810 2802
2807 2811 2810
2811 2807 2809
2812 2802 2810
2811 2812 2810
2813 2799 2802
2814 2799 2813
2815 2799 2814
2815 2814 2816
2813 2817 2814
2818 2814 2817
2818 2817 2819
2811 2809 2820
2811 2821 2812
2821 2811 2820
2822 2813 2802
2812 2823 2802
2822 2802 2823
2812 2824 2823
2821 2825 2812
2812 2825 2824
2826 2822 2823
2826 2823 2824
2822 2827 2813
2813 2828 2817
2813 2827 2828
2822 2826 2829
2822 2829 2827
2830 2826 2824
2825 2831 2824
2830 2824 2831
2826 2832 2829
2826 2830 2832
2821 2833 2825
2825 2834 2831
2833 2834 2825
2833 2821 2835
2821 2820 2835
2827 2836 2828
2829 2837 2827
2827 2837 2836
2832 2838 2829
2829 2838 2837
2828 2836 2839
2828 2839 2817
2817 2839 2840
2817 2840 2841
2837 2842 2836
2836 2843 2839
2836 2842 2843
2839 2843 2844
2839 2844 2845
2838 2846 2837
2837 2846 2842
2832 2847 2838
2838 2848 2846
2847 2848 2838
2846 2849 2842
2848 2849 2846
2848 2850 2849
2842 2849 2851
2848 2852 2850
2842 2851 2853
2842 2853 2843
2854 2853 2851
2854 2855 2853
2843 2853 2856
2843 2856 2857
2858 2852 2848
2847 2858 2848
2859 2852 2858
2859 2860 2852
2861 2858 2847
2861 2859 2858
2862 2860 2859
2862 2863 2860
2847 2864 2861
2847 2832 2864
2864 2832 2830
2865 2859 2861
2865 2862 2859
2866 2863 2862
2866 2867 2863
2861 2864 2868
2861 2868 2865
2864 2830 2869
2869 2868 2864
2869 2830 2831
2870 2862 2865
2870 2866 2862
2871 2867 2866
2871 2872 2867
2865 2868 2873
2865 2873 2870
2866 2870 2874
2866 2874 2871
2873 2874 2870
2875 2872 2871
2875 2876 2872
2871 2877 2875
2871 2874 2877
2877 2874 2878
2873 2878 2874
2877 2878 2879
2873 2868 2880
2869 2880 2868
2878 2873 2881
2873 2880 2881
2879 2878 2882
2878 2881 2882
2879 2882 2883
2884 2880 2869
2869 2831 2884
2884 2831 2834
2881 2880 2885
2884 2885 2880
2882 2881 2886
2881 2885 2886
2883 2882 2887
2882 2886 2887
2883 2887 2888
2884 2834 2889
2885 2884 2889
2890 2886 2885
2890 2885 2889
2887 2886 2891
2890 2891 2886
2888 2887 2892
2887 2891 2892
2888 2892 2893
2892 2894 2893
2892 2895 2894
2891 2895 2892
2896 2894 2895
2897 2889 2834
2833 2897 2834
2896 2895 2898
2899 2896 2898
2899 2898 2900
2891 2901 2895
2898 2895 2901
2900 2898 2902
2898 2901 2902
2900 2902 2903
2904 2901 2891
2904 2902 2901
2904 2891 2890
2903 2902 2905
2904 2905 2902
2903 2905 2906
2907 2904 2890
2905 2904 2907
2908 2906 2905
2909 2906 2908
2908 2910 2909
2907 2890 2911
2890 2889 2911
2897 2911 2889
2905 2907 2912
2908 2905 2912
2911 2913 2907
2911 2897 2913
2913 2912 2907
2914 2908 2912
2913 2914 2912
2908 2915 2910
2914 2915 2908
2897 2916 2913
2897 2833 2916
2833 2835 2916
2913 2917 2914
2913 2916 2917
2917 2915 2914
2917 2916 2835
2910 2915 2918
2917 2918 2915
2910 2918 2919
2918 2920 2919
2917 2835 2921
2921 2918 2917
2921 2835 2820
2922 2920 2918
2921 2922 2918
2921 2820 2923
2923 2922 2921
2923 2820 2809
2924 2920 2922
2923 2924 2922
2924 2925 2920
2923 2809 2926
2926 2924 2923
2926 2809 2927
2926 2927 2928
2929 2924 2926
2929 2930 2924
2930 2925 2924
2930 2931 2925
2932 2933 2934
2932 2934 2935
2936 2935 2934
2936 2937 2935
2935 2937 2938
2935 2938 2939
2937 2940 2938
2937 2941 2940
2942 2940 2941
2942 2941 2943
2944 2941 2937
2936 2944 2937
2944 2945 2941
2943 2941 2945
2946 2944 2936
2946 2945 2944
2947 2936 2934
2948 2947 2934
2949 2948 2934
2949 2950 2948
2947 2948 2951
2951 2948 2952
2951 2952 2953
2943 2945 2954
2946 2955 2945
2954 2945 2955
2936 2947 2956
2946 2936 2957
2936 2956 2957
2958 2946 2957
2959 2955 2946
2958 2959 2946
2957 2956 2960
2957 2960 2958
2956 2947 2961
2947 2951 2962
2947 2962 2961
2963 2960 2956
2963 2956 2961
2958 2960 2964
2965 2959 2958
2958 2964 2965
2966 2960 2963
2966 2964 2960
2959 2967 2955
2965 2968 2959
2968 2967 2959
2969 2955 2967
2954 2955 2969
2961 2962 2970
2963 2961 2971
2961 2970 2971
2972 2966 2963
2963 2971 2972
2962 2973 2970
2962 2951 2973
2951 2974 2973
2951 2975 2974
2971 2970 2976
2970 2973 2977
2970 2977 2976
2973 2978 2977
2973 2979 2978
2972 2971 2980
2971 2976 2980
2972 2981 2966
2972 2980 2982
2982 2981 2972
2980 2976 2983
2982 2980 2983
2982 2983 2984
2976 2985 2983
2982 2984 2986
2976 2987 2985
2976 2977 2987
2987 2988 2985
2987 2989 2988
2977 2990 2987
2977 2991 2990
2992 2982 2986
2982 2992 2981
2993 2992 2986
2993 2986 2994
2995 2981 2992
2995 2992 2993
2996 2993 2994
2996 2994 2997
2998 2981 2995
2998 2966 2981
2998 2964 2966
2999 2995 2993
2999 2993 2996
3000 2996 2997
3000 2997 3001
3002 2998 2995
3002 2995 2999
2998 3003 2964
3003 2998 3002
3003 2965 2964
3004 2999 2996
3004 2996 3000
3001 3005 3000
3001 3006 3005
3007 3002 2999
3007 2999 3004
3003 3002 3008
3008 3002 3007
3003 3009 2965
3008 3009 3003
3009 2968 2965
3000 3010 3004
3000 3005 3010
3006 3011 3005
3006 3012 3011
3013 3005 3011
3013 3010 3005
3004 3010 3014
3013 3014 3010
3004 3014 3007
3013 3015 3014
3008 3007 3016
3016 3007 3014
3017 3014 3015
3016 3014 3017
3017 3015 3018
3016 3019 3008
3008 3019 3009
3020 3016 3017
3016 3020 3019
3021 3017 3018
3020 3017 3021
3021 3018 3022
3019 3023 3009
3009 3023 2968
3024 3019 3020
3024 3023 3019
3025 3020 3021
3024 3020 3025
3026 3021 3022
3025 3021 3026
3026 3022 3027
3028 3026 3027
3028 3029 3026
3025 3026 3029
3029 3028 3030
3023 3031 2968
2968 3031 2967
3029 3030 3032
3032 3030 3033
3032 3033 3034
3025 3029 3035
3035 3029 3032
3036 3032 3034
3035 3032 3036
3036 3034 3037
3038 3025 3035
3038 3035 3036
3038 3024 3025
3037 3039 3036
3038 3036 3039
3037 3040 3039
3024 3038 3041
3039 3041 3038
3042 3039 3040
3043 3042 3040
3042 3043 3044
3024 3041 3045
3024 3045 3023
3023 3045 3031
3039 3046 3041
3042 3046 3039
3047 3045 3041
3047 3031 3045
3046 3047 3041
3048 3046 3042
3046 3048 3047
3042 3044 3049
3048 3042 3049
3050 3031 3047
3050 2967 3031
2969 2967 3050
3047 3048 3051
3047 3051 3050
3051 3048 3049
3051 2969 3050
3044 3052 3049
3051 3049 3052
3044 3053 3052
3052 3053 3054
3051 3055 2969
3055 3051 3052
3055 2954 2969
3056 3052 3054
3055 3052 3056
3055 3057 2954
3057 3055 3056
3057 2943 2954
3058 3056 3054
3057 3056 3058
3058 3054 3059
3057 3060 2943
3060 3057 3058
3060 3061 2943
3060 3062 3061
3058 3063 3060
3058 3064 3063
3059 3064 3058
3059 3065 3064
3066 3067 3068
3066 3068 3069
3070 3071 3072
3070 3072 3073
3074 3075 3076
3074 3076 3077
3078 3079 3080
3078 3080 3081
3082 3083 3084
3082 3084 3085
3086 3087 3088
3086 3088 3089
3090 3091 3092
3090 3092 3093
3094 3095 3096
3094 3096 3097
3098 3099 3100
3098 3100 3101
3102 3103 3104
3102 3104 3105
3106 3107 3105
3106 3105 3108
3109 3108 3105
3109 3110 3108
3111 3112 3105
3111 3105 3113
3114 3115 3108
3114 3108 3116
3117 3116 3108
3117 3118 3116
3119 3120 3116
3119 3121 3120
3122 3119 3116
3122 3123 3119
3124 3125 3119
3124 3119 3126
3119 3127 3126
3119 3128 3127
3129 3130 3126
3129 3126 3131
3126 3132 3133
3126 3133 3134
3135 3136 3137
3135 3137 3138
3139 3140 3141
3139 3141 3142
3143 3144 3145
3143 3145 3146
3147 3148 3149
3147 3149 3150
3151 3152 3153
3151 3153 3154
3155 3156 3157
3155 3157 3158
3159 3155 3158
3159 3158 3160
3161 3159 3160
3161 3160 3162
3163 3161 3162
3163 3162 3164
3165 3163 3164
3166 3167 3168
3166 3168 3169
3170 3171 3172
3170 3172 3173
3174 3175 3176
3174 3176 3177
3178 3179 3180
3178 3180 3181
3182 3183 3184
3182 3184 3185
3186 3187 3188
3186 3188 3189
3190 3191 3192
3190 3192 3193
3194 3195 3196
3194 3196 3197
3198 3199 3200
3198 3200 3201
3202 3203 3204
3202 3204 3205
3206 3207 3208
3206 3208 3209
3210 3211 3212
3210 3212 3213
3214 3215 3216
3214 3216 3217
3218 3219 3220
3218 3220 3221
3222 3223 3224
3222 3224 3225
3226 3227 3228
3226 3228 3229
3230 3231 3232
3230 3232 3233
3234 3235 3236
3234 3236 3237
3238 3239 3240
3238 3240 3241
3242 3243 3244
3242 3244 3245
3246 3247 3248
3246 3248 3249
3250 3251 3252
3250 3252 3253
3254 3255 3256
3254 3256 3257
3258 3259 3260
3258 3260 3261
3262 3263 3264
3262 3264 3265
3266 3267 3268
3266 3268 3269
3270 3271 3272
3270 3272 3273
3274 3275 3276
3274 3276 3277
3278 3279 3280
3278 3280 3281
3282 3283 3284
3282 3284 3285
3284 3286 3287
3284 3288 3286
3289 3290 3288
3289 3291 3290
3292 3293 3294
3292 3294 3295
3296 3297 3298
3296 3298 3299
3300 3301 3302
3300 3302 3303
3304 3305 3306
3304 3306 3307
3308 3309 3310
3308 3310 3311
3312 3313 3314
3312 3314 3315
3316 3317 3318
3316 3318 3319
3320 3321 3322
3320 3322 3323
3324 3325 3326
3324 3326 3327
3328 3329 3330
3328 3331 3329
3332 3331 3333
3332 3334 3331
3335 3331 3334
3335 3334 3336
3337 3338 3331
3337 3331 3339
3340 3334 3341
3340 3342 3334
3343 3334 3342
3343 3342 3344
3345 3342 3346
3345 3346 3347
3348 3342 3345
3348 3345 3349
3350 3345 3351
3350 3352 3345
3345 3352 3353
3345 3353 3354
3355 3356 3352
3355 3352 3357
3352 3358 3359
3352 3359 3360
3361 3362 3363
3361 3363 3364
3365 3366 3367
3365 3367 3368
3369 3370 3371
3369 3371 3372
3373 3374 3375
3373 3375 3376
3377 3378 3379
3377 3379 3380
3381 3382 3383
3381 3384 3382
3385 3384 3381
3385 3386 3384
3387 3386 3385
3387 3388 3386
3389 3388 3387
3389 3390 3388
3391 3390 3389
3392 3393 3394
3392 3394 3395
3396 3397 3398
3396 3398 3399
3400 3401 3402
3400 3402 3403
3404 3405 3406
3404 3406 3407
3408 3409 3410
3408 3410 3411
3412 3413 3414
3412 3414 3415
3416 3417 3418
3416 3418 3419
3420 3421 3422
3420 3422 3423
3424 3425 3426
3424 3426 3427
3428 3429 3430
3428 3430 3431
3432 3433 3434
3432 3434 3435
3436 3437 3438
3436 3438 3439
3440 3441 3442
3440 3442 3443
3444 3445 3446
3444 3446 3447
3448 3449 3450
3448 3450 3451
3452 3453 3454
3452 3454 3455
3456 3457 3458
3456 3458 3459
3460 3461 3462
3460 3462 3463
3464 3465 3466
3464 3466 3467
3468 3469 3470
3468 3470 3471
3472 3473 3474
3472 3474 3475
3476 3477 3478
3476 3478 3479
3480 3481 3482
3480 3482 3483
3484 3485 3486
3484 3486 3487
3488 3489 3490
3488 3490 3491
3492 3493 3494
3492 3494 3495
3496 3497 3498
3496 3498 3499
3500 3501 3502
3500 3502 3503
3504 3505 3506
3504 3506 3507
3508 3509 3510
3508 3510 3511
3510 3512 3513
3510 3513 3514
3515 3516 3514
3515 3517 3516
3518 3519 3520
3521 3519 3518
3519 3522 3520
3521 3523 3519
3519 3524 3522
3519 3523 3525
3519 3526 3524
3519 3525 3527
3519 3528 3526
3519 3527 3529
3519 3530 3528
3519 3529 3531
3519 3531 3530
3532 3533 3534
3534 3533 3535
3534 3535 3536
3536 3535 3537
3536 3537 3538
3538 3537 3539
3538 3539 3540
3540 3539 3541
3542 3536 3538
3543 3534 3536
3543 3536 3542
3534 3543 3544
3544 3543 3542
3532 3534 3545
3534 3544 3545
3532 3545 3546
3546 3545 3544
3532 3546 3547
3546 3548 3547
3546 3549 3548
3549 3550 3548
3551 3538 3540
3542 3538 3551
3542 3551 3552
3544 3542 3553
3553 3542 3552
3546 3544 3554
3554 3549 3546
3544 3553 3555
3544 3555 3554
3554 3555 3549
3553 3552 3555
3549 3556 3550
3555 3556 3549
3556 3557 3550
3555 3558 3556
3552 3558 3555
3556 3559 3557
3558 3559 3556
3559 3560 3557
3558 3561 3559
3559 3562 3560
3561 3562 3559
3558 3563 3561
3563 3558 3552
3564 3560 3562
3564 3565 3560
3561 3566 3562
3563 3566 3561
3566 3564 3562
3566 3563 3564
3563 3552 3567
3567 3564 3563
3568 3565 3564
3567 3568 3564
3568 3569 3565
3568 3570 3569
3568 3571 3570
3567 3571 3568
3571 3541 3570
3572 3567 3552
3567 3572 3571
3572 3552 3551
3571 3573 3541
3540 3541 3573
3551 3540 3574
3551 3574 3572
3574 3540 3573
3575 3573 3571
3575 3571 3572
3574 3573 3575
3574 3575 3572
3576 3577 3578
3576 3578 3579
3576 3580 3577
3580 3581 3577
3576 3579 3582
3583 3582 3579
3584 3580 3576
3585 3576 3582
3576 3585 3584
3580 3586 3581
3584 3587 3580
3587 3586 3580
3588 3584 3585
3588 3587 3584
3581 3586 3589
3581 3589 3590
3591 3590 3589
3591 3592 3590
3591 3593 3592
3586 3594 3589
3591 3589 3594
3587 3595 3586
3586 3595 3594
3587 3588 3596
3587 3596 3595
3585 3597 3588
3596 3588 3597
3585 3598 3597
3585 3582 3598
3599 3598 3582
3599 3597 3598
3583 3599 3582
3596 3597 3600
3600 3597 3599
3601 3599 3583
3600 3599 3601
3601 3583 3602
3603 3595 3596
3600 3603 3596
3604 3594 3595
3604 3595 3603
3605 3601 3602
3605 3602 3606
3607 3600 3601
3607 3601 3605
3607 3603 3600
3604 3608 3594
3591 3594 3608
3604 3591 3608
3604 3609 3591
3609 3604 3603
3591 3609 3593
3609 3603 3610
3593 3609 3610
3610 3603 3607
3593 3610 3611
3611 3610 3612
3611 3612 3606
3610 3607 3612
3607 3605 3613
3613 3605 3606
3612 3607 3613
3606 3612 3613
3614 3615 3616
3617 3614 3616
3617 3618 3614
3619 3618 3617
3619 3620 3618
3620 3619 3621
3614 3618 3622
3618 3620 3622
3614 3623 3615
3614 3622 3624
3624 3623 3614
3620 3625 3622
3624 3622 3625
3626 3615 3623
3626 3627 3615
3628 3627 3626
3628 3626 3629
3630 3628 3629
3630 3629 3631
3631 3632 3630
3626 3633 3629
3629 3633 3631
3634 3626 3623
3626 3634 3633
3624 3635 3623
3634 3623 3635
3624 3636 3635
3634 3635 3636
3624 3625 3636
3634 3637 3633
3634 3636 3637
3633 3637 3631
3625 3638 3636
3637 3636 3638
3631 3637 3639
3637 3638 3639
3640 3639 3638
3625 3641 3638
3640 3638 3641
3620 3641 3625
3631 3639 3642
3640 3642 3639
3631 3642 3632
3632 3642 3640
3632 3640 3643
3621 3643 3640
3620 3621 3644
3620 3644 3641
3621 3640 3644
3640 3641 3644
3645 3646 3647
3645 3648 3646
3645 3647 3649
3649 3647 3650
3645 3651 3648
3652 3648 3651
3653 3645 3649
3654 3651 3645
3645 3653 3654
3649 3650 3655
3653 3649 3656
3656 3649 3655
3657 3654 3653
3657 3653 3656
3650 3658 3655
3650 3659 3658
3660 3658 3659
3660 3659 3661
3660 3661 3662
3655 3658 3663
3660 3663 3658
3656 3655 3664
3655 3663 3664
3656 3665 3657
3656 3664 3665
3654 3657 3666
3665 3666 3657
3654 3666 3667
3654 3667 3651
3668 3651 3667
3668 3667 3666
3652 3651 3668
3665 3669 3666
3669 3668 3666
3670 3652 3668
3669 3670 3668
3670 3671 3652
3672 3665 3664
3669 3665 3672
3673 3664 3663
3673 3672 3664
3674 3671 3670
3674 3675 3671
3676 3670 3669
3676 3674 3670
3676 3669 3672
3673 3663 3677
3660 3677 3663
3673 3677 3660
3673 3660 3678
3678 3672 3673
3660 3662 3678
3678 3679 3672
3662 3679 3678
3679 3676 3672
3662 3680 3679
3680 3681 3679
3680 3675 3681
3679 3681 3676
3676 3682 3674
3682 3675 3674
3681 3682 3676
3675 3682 3681
