byte offset: 0
first index: 0
index count: 5952
topology: trianglelist
format: DXGI_FORMAT_R16_UINT

0 1 2
2 3 4
2 4 5
2 5 6
2 6 7
7 8 2
7 6 9
9 6 10
7 9 11
9 10 12
12 11 9
12 10 13
13 10 14
14 10 15
14 15 16
12 17 11
13 17 12
18 14 16
18 16 19
18 19 20
20 19 21
22 14 18
20 22 18
7 11 23
24 11 17
23 11 24
25 7 23
7 25 26
23 27 25
23 24 28
29 23 28
20 21 30
31 20 30
32 22 20
31 32 20
33 30 21
33 21 34
34 35 33
34 36 35
37 35 36
38 30 33
38 33 35
30 38 39
38 35 40
40 39 38
31 30 41
30 39 41
39 42 41
31 41 42
43 31 42
39 44 42
40 44 39
44 43 42
35 45 40
37 45 35
40 46 44
46 40 45
44 47 43
46 47 44
31 43 48
31 48 49
49 32 31
50 32 49
48 50 49
50 51 32
51 22 32
51 52 22
52 51 53
22 52 14
52 54 14
52 53 54
13 14 54
13 54 53
50 55 51
53 51 55
13 53 56
13 56 17
57 56 53
17 56 57
53 55 58
57 53 58
17 57 59
24 17 59
50 60 55
58 55 61
60 61 55
50 62 60
48 62 50
60 63 61
63 60 62
64 62 48
64 48 43
63 62 65
64 65 62
66 64 43
64 66 65
65 67 63
61 63 67
66 43 68
68 43 47
69 65 66
65 69 67
69 70 67
61 67 71
71 67 70
69 66 72
72 66 68
73 61 71
58 61 73
69 74 70
74 69 72
58 73 75
58 75 57
76 57 75
76 59 57
77 75 73
77 76 75
73 71 78
77 73 78
71 70 79
78 71 79
59 76 80
59 80 24
24 80 81
24 81 28
82 28 81
82 83 28
80 84 81
84 85 81
80 86 84
86 80 76
86 87 84
86 76 88
77 88 76
86 89 87
89 86 88
77 89 88
89 90 87
89 91 90
77 92 89
92 91 89
92 77 78
92 78 93
78 79 93
94 92 93
94 93 79
92 95 91
94 95 92
94 79 96
70 96 79
95 97 91
98 91 97
98 99 91
94 100 95
95 100 97
100 101 97
96 102 94
102 100 94
70 103 96
102 96 103
100 102 104
100 104 105
106 103 70
106 70 74
102 103 107
108 102 107
108 107 109
103 110 107
103 106 110
110 111 107
110 112 111
74 113 106
113 110 106
110 113 114
114 115 110
114 116 115
74 117 113
74 72 117
113 117 118
72 118 117
114 113 119
113 118 119
72 120 118
68 120 72
68 121 120
47 121 68
47 122 121
46 122 47
46 123 122
46 45 123
122 124 121
122 123 124
125 119 118
120 126 118
125 118 126
120 121 127
120 127 126
128 127 121
128 121 124
128 126 127
126 129 125
126 130 129
130 126 128
130 128 131
124 131 128
124 132 131
123 132 124
133 131 132
134 133 132
123 134 132
134 135 133
123 136 134
123 45 136
134 136 137
134 137 138
136 45 139
139 140 136
37 139 45
140 139 37
140 37 141
142 140 141
142 143 140
140 143 144
140 144 145
145 136 140
136 145 146
147 145 148
100 149 150
97 151 152
153 154 155
156 157 158
159 160 161
114 159 162
119 159 114
119 125 159
163 159 125
163 125 164
165 114 166
114 167 168
169 170 171
172 173 174
175 176 177
178 179 180
180 181 182
183 184 185
186 187 188
25 189 190
25 191 192
193 194 195
196 197 194
198 194 199
198 199 200
201 199 194
201 194 202
203 202 194
201 202 204
203 204 202
203 194 205
206 205 194
206 207 205
208 199 201
201 204 209
209 204 210
211 201 209
211 208 201
203 212 204
210 204 212
209 210 213
213 211 209
214 212 203
215 203 205
214 203 215
210 212 216
216 212 214
208 217 199
199 217 218
218 219 199
218 220 219
221 213 210
222 213 221
213 222 211
223 210 216
216 214 224
224 223 216
221 210 225
223 225 210
211 226 208
222 227 211
211 227 226
208 226 228
208 228 217
229 226 227
229 228 226
229 227 230
229 231 228
230 227 232
222 232 227
230 232 233
231 234 228
217 228 234
231 235 234
236 234 235
233 232 237
232 222 237
233 237 238
236 239 234
240 239 236
240 241 239
217 234 242
239 242 234
243 239 241
239 243 242
243 241 244
245 243 244
237 222 246
222 221 246
238 237 247
237 246 247
238 247 248
249 217 242
218 217 249
250 242 243
250 249 242
249 250 218
245 250 243
251 218 250
251 250 252
250 245 253
221 254 246
254 247 246
248 247 255
254 255 247
248 255 256
257 256 255
258 254 221
225 258 221
257 255 259
259 260 257
261 260 259
262 255 254
262 259 255
261 259 262
258 262 254
262 263 261
262 264 263
258 264 262
263 264 265
225 266 258
266 264 258
267 265 264
266 267 264
267 268 265
269 268 267
269 267 270
270 267 266
271 269 270
272 266 225
270 266 272
272 225 223
272 273 270
271 270 273
272 223 274
272 274 273
275 271 273
273 274 275
276 271 275
276 277 271
277 276 278
279 276 275
279 278 276
279 275 274
279 280 278
281 280 279
281 279 282
282 279 274
283 281 282
274 223 284
282 274 284
224 284 223
283 282 285
285 282 284
285 284 224
286 283 285
286 285 287
287 285 224
288 286 287
224 289 287
288 287 289
224 214 289
290 288 289
291 289 214
290 289 291
291 214 215
292 290 291
292 291 215
292 293 290
294 293 292
294 295 293
296 295 294
292 215 297
294 292 297
296 294 298
299 296 298
299 298 300
215 301 297
215 205 301
294 297 302
302 298 294
301 302 297
300 298 303
302 303 298
300 303 304
303 305 304
205 306 301
306 205 307
306 307 308
302 309 303
303 309 305
309 310 305
301 311 302
306 311 301
302 311 309
311 306 309
309 306 312
309 312 313
305 314 315
316 317 318
319 320 318
319 321 320
320 321 322
318 320 323
318 323 324
324 325 318
324 326 325
322 327 320
327 322 328
328 322 329
320 330 323
320 327 330
331 324 323
331 323 330
327 328 332
330 327 332
332 333 330
331 330 334
333 334 330
328 335 332
333 332 335
331 336 324
337 336 331
338 324 336
331 339 337
331 334 339
338 326 324
338 340 326
338 341 340
342 340 341
342 343 340
326 340 344
326 344 345
346 339 334
346 347 339
346 348 347
347 348 349
349 348 350
349 350 351
351 350 352
351 352 353
353 352 354
353 354 355
355 354 356
355 356 357
356 358 357
356 359 358
359 360 358
361 356 354
359 356 361
362 354 352
361 354 362
363 352 350
362 352 363
364 350 348
363 350 364
359 365 360
366 360 365
359 361 367
365 359 367
368 361 362
368 367 361
368 362 369
369 362 363
369 363 370
370 363 364
368 371 367
370 364 372
364 348 373
373 372 364
373 374 372
373 348 346
371 375 367
371 376 375
365 367 375
377 374 373
373 346 377
377 378 374
377 379 378
346 380 377
379 377 380
346 334 380
379 380 381
382 380 334
381 380 382
381 382 383
333 382 334
333 383 382
333 384 383
385 384 333
385 333 335
335 386 385
335 387 386
388 386 387
335 328 387
388 387 389
387 328 389
389 390 388
389 391 390
392 390 391
328 393 389
393 391 389
393 328 394
393 394 395
393 395 396
392 391 397
376 392 397
376 397 375
393 398 391
393 396 398
398 397 391
399 375 397
398 399 397
396 399 398
399 365 375
396 366 399
366 365 399
328 400 401
402 403 404
405 406 403
405 407 406
408 403 406
408 409 403
407 410 406
407 411 410
405 403 412
405 412 413
405 413 414
405 415 407
416 415 405
416 405 417
418 412 403
418 419 412
412 419 420
412 420 421
422 418 403
423 422 403
423 424 422
422 425 418
425 422 426
425 426 427
428 429 425
428 430 429
431 432 429
431 433 432
434 432 433
435 436 434
437 340 438
340 439 440
245 441 442
407 443 444
445 407 446
445 446 447
446 407 448
448 407 415
448 415 449
450 449 415
450 415 451
446 448 452
453 446 452
453 452 454
455 452 456
455 456 457
458 459 456
458 460 459
461 462 458
463 461 464
465 466 467
465 468 469
465 469 470
469 471 470
471 469 472
471 472 473
471 473 474
475 474 473
471 476 470
474 477 471
471 477 476
474 478 477
479 478 474
479 480 478
465 470 481
476 481 470
481 476 482
482 476 483
476 477 484
478 484 477
476 484 483
465 481 485
482 485 481
478 486 484
487 484 486
484 487 488
484 488 483
489 486 478
489 478 480
490 483 488
491 489 480
491 492 489
493 491 480
493 480 494
492 491 495
492 495 496
497 495 491
498 483 490
499 498 490
499 490 500
501 499 500
501 500 502
503 501 502
503 502 504
505 503 504
505 504 506
507 505 506
507 506 508
509 507 508
509 510 507
511 510 509
512 505 507
512 507 510
513 503 505
512 513 505
514 501 503
513 514 503
511 515 510
516 515 511
512 510 517
517 510 515
518 513 512
517 518 512
518 519 513
514 513 519
517 520 518
514 519 521
514 522 501
521 522 514
521 523 522
522 499 501
524 520 517
517 515 524
524 525 520
526 522 523
522 526 499
526 523 527
499 526 528
528 526 527
528 527 529
499 528 498
528 529 530
531 498 528
531 528 530
531 483 498
531 530 532
533 483 531
533 531 532
533 532 534
482 483 533
534 482 533
534 535 482
482 535 536
482 536 485
537 485 536
537 538 485
538 537 539
485 538 465
538 539 540
465 538 540
541 540 539
465 540 542
543 465 542
543 542 544
541 545 540
542 540 545
546 545 541
546 547 545
547 546 525
547 525 524
548 542 545
547 548 545
524 549 547
547 549 548
524 515 549
516 549 515
550 549 516
550 548 549
542 548 550
542 550 551
552 553 554
555 552 556
555 557 552
557 558 552
558 559 552
558 560 559
557 561 558
562 561 557
562 563 561
557 555 564
557 564 562
565 563 562
565 566 563
562 564 567
562 567 565
568 566 565
568 569 566
570 569 568
570 571 569
572 570 568
565 573 568
572 568 573
565 567 573
573 574 572
573 575 574
567 575 573
567 576 575
564 576 567
564 577 576
555 577 564
555 578 577
579 578 555
579 555 580
581 582 583
584 585 586
587 588 589
590 591 592
593 591 594
591 595 596
591 597 598
591 599 600
591 601 602
591 603 604
605 591 606
607 591 608
609 591 610
611 591 612
613 591 614
615 591 616
617 591 618
619 620 621
622 620 623
624 620 625
626 620 627
628 620 629
620 630 631
620 632 633
634 620 635
620 636 637
636 620 638
639 640 641
642 643 644
645 646 647
648 649 650
648 651 652
648 653 654
654 655 648
654 656 655
655 656 657
657 656 658
659 655 657
648 655 659
659 657 660
648 659 661
661 662 648
663 659 660
663 660 664
665 659 663
665 661 659
666 663 664
665 663 666
666 664 667
666 667 668
669 666 668
670 669 668
666 669 671
666 671 665
670 672 669
669 672 671
673 672 670
674 661 665
675 661 674
675 676 661
665 677 674
665 671 677
678 674 677
678 679 674
673 680 672
671 672 681
680 681 672
682 680 673
681 680 682
682 673 683
684 682 683
671 685 677
671 681 685
686 677 685
686 687 677
684 688 682
689 688 684
681 682 690
682 688 690
691 685 681
691 681 690
692 685 691
692 693 685
689 694 688
695 694 689
688 696 690
696 688 694
695 697 694
697 696 694
698 697 695
699 691 690
690 696 699
698 700 697
701 700 698
696 697 702
699 696 702
697 700 702
700 703 702
700 704 703
701 704 700
705 704 701
705 706 704
703 704 706
707 706 705
707 708 706
709 708 707
708 709 710
708 710 711
699 702 712
702 703 712
713 699 712
699 713 691
714 691 713
714 713 715
713 712 716
716 712 703
717 713 716
717 716 718
719 708 711
719 711 720
721 719 720
721 720 722
716 703 723
723 724 716
708 719 725
726 725 719
726 719 727
708 725 728
706 708 728
703 706 728
729 703 728
723 703 729
729 728 725
723 729 730
723 730 731
732 729 725
732 725 733
734 735 736
737 735 738
739 735 740
741 735 742
743 735 744
745 735 746
747 735 748
749 735 750
751 735 752
753 735 754
755 735 756
757 735 758
759 760 761
759 762 763
759 764 765
766 764 759
766 767 764
766 768 767
768 769 767
770 768 766
759 770 766
770 771 768
759 772 770
772 759 773
774 771 770
774 775 771
776 774 770
776 770 772
777 775 774
776 777 774
777 778 775
777 779 778
780 779 777
781 779 780
777 782 780
777 776 782
781 780 783
780 782 783
784 781 783
785 776 772
786 785 772
786 772 787
776 785 788
776 788 782
789 788 785
789 785 790
784 783 791
782 792 783
791 783 792
793 784 791
792 793 791
793 794 784
793 795 794
782 788 796
782 796 792
797 796 788
797 788 798
793 799 795
799 800 795
792 801 793
793 801 799
802 792 796
802 801 792
803 802 796
803 796 804
799 805 800
806 800 805
799 801 807
799 807 805
806 805 808
805 807 808
809 806 808
810 801 802
807 801 810
809 808 811
811 812 809
807 813 808
813 807 810
813 811 808
810 802 814
815 814 802
815 816 814
811 817 812
817 818 812
813 810 819
814 819 810
813 820 811
820 817 811
820 813 819
817 820 821
821 820 819
817 822 818
822 817 821
822 823 818
824 823 822
825 823 824
824 826 825
824 827 826
814 828 819
828 821 819
829 828 814
829 830 828
822 821 831
822 831 824
832 827 824
832 833 827
834 833 832
834 835 833
828 836 821
836 828 837
824 831 838
824 838 832
839 831 821
836 839 821
839 838 831
836 840 839
836 841 840
842 838 839
842 843 838
844 832 838
844 845 832
846 847 848
849 850 848
851 852 848
853 854 848
855 856 848
857 858 848
859 860 848
861 862 848
863 864 848
865 866 848
867 868 848
869 870 848
871 872 873
874 875 876
874 877 875
878 877 874
879 877 878
880 875 877
880 881 875
882 877 879
883 882 879
877 884 880
877 882 884
885 881 880
881 885 886
886 885 887
886 887 888
888 887 889
888 889 890
891 887 885
891 889 887
885 880 892
891 885 892
890 889 893
890 893 894
892 880 895
895 880 884
896 892 895
896 891 892
891 897 889
897 893 889
898 894 893
898 899 894
895 884 900
896 895 900
901 891 896
901 897 891
897 902 893
898 893 902
899 898 903
899 903 904
904 903 905
904 905 906
896 900 907
901 896 907
908 900 884
907 900 908
909 897 901
909 902 897
898 902 910
910 903 898
901 907 911
909 901 911
908 884 912
882 912 884
902 909 913
902 913 910
907 908 914
911 907 914
882 915 912
883 915 882
883 916 915
912 915 916
883 917 916
916 917 918
919 908 912
912 916 919
916 918 920
919 916 920
919 921 908
914 908 921
918 922 920
918 923 922
919 920 924
921 919 924
920 925 924
920 922 925
923 926 922
923 927 926
928 921 924
928 924 925
914 921 929
929 921 928
922 926 930
922 930 925
927 931 926
927 932 931
926 933 930
926 931 933
934 925 930
934 930 933
928 925 935
934 935 925
936 931 932
936 932 937
935 938 928
929 928 938
939 933 931
939 931 936
940 936 937
940 937 941
940 941 942
943 939 936
943 936 940
940 942 944
944 943 940
944 942 945
933 939 946
943 946 939
944 945 947
947 945 948
944 949 943
947 949 944
947 948 950
950 948 951
933 946 952
934 933 952
943 953 946
953 943 949
947 954 949
950 954 947
950 951 955
955 951 956
952 946 957
957 946 953
958 949 954
953 949 958
950 959 954
955 959 950
958 954 960
960 954 959
961 953 958
958 960 962
958 962 961
960 959 963
962 960 963
957 953 964
961 964 953
955 965 959
963 959 965
952 957 966
967 957 964
966 957 967
952 966 968
952 968 934
969 934 968
969 935 934
935 969 938
970 964 961
967 964 971
970 971 964
961 972 970
961 962 972
973 972 962
962 963 973
974 968 966
975 969 968
975 968 974
976 938 969
976 969 975
966 967 977
974 966 977
978 938 976
978 929 938
977 967 979
971 979 967
980 929 978
980 914 929
911 914 980
980 981 911
909 911 981
978 982 980
980 982 981
983 909 981
982 983 981
983 913 909
984 978 976
978 984 982
982 985 983
985 982 984
986 913 983
985 986 983
984 976 987
975 987 976
985 984 988
988 984 987
975 989 987
974 989 975
986 990 913
910 913 990
988 991 985
985 991 986
988 987 992
989 992 987
974 993 989
977 993 974
994 990 986
994 995 990
910 990 996
996 990 997
996 997 998
910 996 903
999 903 996
999 1000 903
1001 989 993
989 1001 992
1001 993 1002
1002 993 1003
977 1003 993
977 979 1003
1002 1003 1004
979 1004 1003
1005 992 1001
1002 1006 1001
1005 1001 1006
1007 992 1005
1007 988 992
988 1007 991
1007 1005 1008
1007 1008 1009
991 1007 1010
991 1010 1011
1012 1005 1006
1012 1006 1013
1002 1014 1006
1015 1006 1014
1015 1014 1016
1014 1002 1004
1016 1014 1017
1014 1004 1017
1016 1017 1018
1019 1017 1004
979 1019 1004
1018 1017 1020
1019 1020 1017
1018 1020 1021
1022 1019 979
971 1022 979
1023 1022 971
1023 971 970
970 1024 1023
970 972 1024
1025 1020 1019
1020 1025 1026
1020 1026 1027
1022 1028 1019
1025 1019 1028
1029 1028 1022
1029 1022 1023
1029 1025 1028
1023 1024 1030
1023 1030 1029
1029 1031 1025
1031 1032 1025
1031 1033 1032
1029 1034 1031
1029 1030 1034
1031 1034 1035
1031 1035 1036
1037 1030 1024
1038 1034 1030
1038 1030 1037
1039 1034 1038
1039 1040 1034
1037 1024 1041
1041 1024 972
1041 972 1042
973 1042 972
1037 1043 1038
1038 1043 1044
1038 1044 1045
1041 1046 1037
1037 1046 1043
1047 1041 1042
1041 1047 1046
1048 1042 973
1047 1042 1048
1048 973 1049
1049 973 963
1049 963 1050
963 965 1050
1046 1051 1043
1043 1051 1052
1043 1052 1053
1047 1054 1046
1046 1054 1051
1055 1047 1048
1047 1055 1054
1056 1048 1049
1055 1048 1056
1057 1049 1050
1056 1049 1057
1050 965 1058
1057 1050 1058
1059 1051 1054
1059 1060 1051
1059 1061 1060
1055 1062 1054
1059 1054 1062
1056 1063 1055
1055 1063 1062
1056 1057 1064
1058 1064 1057
1058 965 1065
955 1065 965
1066 1059 1062
1066 1067 1059
1066 1068 1067
1063 1069 1062
1066 1062 1069
1056 1070 1063
1056 1064 1070
1071 1063 1070
1063 1071 1069
1058 1072 1064
1058 1065 1072
1065 955 1073
955 956 1073
1074 1070 1064
1071 1070 1074
1073 1075 1065
1065 1075 1072
956 1076 1073
1073 1076 1075
956 1077 1076
1078 1076 1077
1078 1075 1076
1078 1077 1079
1078 1080 1075
1072 1075 1080
1079 1081 1078
1081 1080 1078
1079 1082 1081
1081 1083 1080
1084 1080 1083
1072 1080 1084
1084 1083 1085
1072 1084 1086
1085 1086 1084
1072 1086 1064
1085 1087 1086
1086 1087 1088
1074 1064 1086
1086 1088 1074
1074 1088 1089
1074 1089 1071
1071 1089 1090
1071 1090 1069
1091 1069 1090
1091 1066 1069
1066 1091 1092
1066 1092 1093
986 1094 1095
986 991 1094
1096 1097 1098
1096 1099 1097
1100 1101 1096
1100 1102 1101
1103 1101 1104
1103 1104 1105
1106 1103 1107
1106 1107 1108
1109 1110 1099
1109 1111 1110
1109 1112 1113
1109 1114 1112
1114 1115 1116
1114 1117 1115
1118 1119 1117
1118 1120 1119
1121 1106 1122
1121 1122 1123
1121 1124 1125
1121 1125 1126
1127 1126 1128
1127 1128 1129
1130 1127 1131
1130 1131 1132
1133 1134 1118
1133 1135 1134
1133 1136 1137
1133 1138 1136
1138 1139 1140
1138 1141 1139
1141 1142 1143
1141 1144 1142
1144 1145 1146
1144 1147 1145
1148 1149 1147
1148 1147 1150
1150 1151 1148
1150 1152 1151
1153 1154 1152
1153 1152 1155
1156 1157 1158
1156 1158 1159
1160 1161 1162
1160 1162 1163
1164 1165 1166
1164 1166 1167
1168 1169 1170
1168 1170 1171
1172 1173 1174
1172 1174 1175
1176 1177 1178
1176 1178 1179
1180 1181 1182
1180 1182 1183
1184 1185 1186
1184 1187 1185
1184 1188 1187
1189 1188 1184
1189 1184 1190
1189 1190 1191
1189 1192 1188
1192 1193 1188
1192 1194 1193
1195 1187 1188
1195 1188 1193
1194 1196 1193
1194 1197 1196
1193 1198 1195
1193 1196 1198
1197 1199 1196
1197 1200 1199
1200 1201 1199
1200 1202 1201
1203 1199 1201
1196 1199 1204
1203 1204 1199
1196 1204 1198
1205 1204 1203
1205 1206 1204
1206 1198 1204
1206 1207 1198
1207 1195 1198
1207 1208 1195
1208 1187 1195
1208 1209 1187
1210 1187 1209
1210 1211 1187
1212 1211 1210
1213 1214 1215
1213 1215 1216
1217 1218 1219
1217 1219 1220
1221 1222 1223
1221 1223 1224
1225 1226 1227
1225 1227 1228
1229 1230 1231
1229 1231 1232
1233 1234 1235
1233 1235 1236
1237 1238 1239
1237 1239 1240
1241 1242 1243
1241 1243 1244
1245 1246 1247
1245 1247 1248
1249 1250 1251
1249 1251 1252
1253 1254 1255
1253 1255 1256
1257 1258 1259
1257 1259 1260
1261 1262 1263
1261 1263 1264
1265 1266 1267
1265 1267 1268
1269 1270 1271
1269 1271 1272
1273 1274 1275
1273 1275 1276
1277 1278 1279
1277 1279 1280
1281 1282 1283
1281 1283 1284
1285 1286 1287
1286 1288 1287
1286 1289 1288
1288 1289 1290
1288 1290 1291
1291 1290 1292
1292 1293 1291
1292 1294 1293
1295 1293 1294
1295 1294 1296
1296 1297 1295
1296 1298 1297
1297 1298 1299
1297 1299 1300
1299 1301 1300
1299 1302 1301
1303 1304 1305
1303 1305 1306
1307 1308 1309
1310 1308 1307
1310 1307 1311
1312 1310 1311
1312 1311 1313
1314 1312 1313
1314 1313 1315
1316 1314 1315
1316 1317 1314
1318 1317 1316
1318 1316 1319
1320 1318 1319
1321 1318 1320
1321 1322 1318
1323 1322 1321
1323 1324 1322
1324 1323 1325
1326 1327 1328
1326 1328 1329
1330 1331 1332
1330 1332 1333
1334 1335 1336
1334 1336 1337
1338 1339 1340
1338 1340 1341
1342 1343 1344
1342 1344 1345
1346 1347 1348
1346 1348 1349
1350 1351 1352
1350 1352 1353
1354 1355 1356
1354 1356 1357
1358 1359 1360
1358 1360 1361
1362 1363 1364
1362 1364 1365
1366 1367 1368
1366 1368 1369
1370 1371 1372
1370 1372 1373
1374 1375 1376
1374 1376 1377
1378 1379 1380
1378 1380 1381
1382 1383 1384
1382 1384 1385
1386 1387 1388
1386 1388 1389
1390 1391 1392
1390 1392 1393
1394 1395 1396
1394 1396 1397
1398 1399 1400
1400 1399 1401
1400 1401 1402
1401 1403 1402
1401 1404 1403
1404 1405 1403
1405 1404 1406
1405 1406 1407
1408 1407 1406
1408 1409 1407
1409 1408 1410
1409 1410 1411
1410 1412 1411
1410 1413 1412
1412 1413 1414
1412 1414 1415
1414 1416 1415
1417 1418 1419
1417 1419 1420
1421 1422 1423
1424 1421 1423
1424 1425 1421
1426 1425 1424
1426 1427 1425
1428 1427 1426
1428 1429 1427
1430 1429 1428
1430 1428 1431
1432 1430 1431
1432 1433 1430
1434 1433 1432
1435 1434 1432
1435 1432 1436
1437 1435 1436
1437 1436 1438
1438 1439 1437
1440 1441 1442
1440 1443 1441
1443 1440 1444
1440 1445 1444
1445 1446 1444
1443 1447 1441
1447 1448 1441
1447 1449 1448
1450 1448 1449
1451 1447 1443
1449 1447 1451
1446 1452 1444
1452 1446 1453
1443 1444 1454
1451 1443 1454
1450 1449 1455
1455 1456 1450
1444 1452 1457
1444 1457 1454
1455 1458 1456
1459 1456 1458
1460 1452 1453
1453 1461 1460
1453 1462 1461
1460 1461 1463
1460 1463 1464
1452 1460 1464
1452 1464 1457
1457 1464 1465
1457 1465 1466
1466 1454 1457
1467 1454 1466
1467 1451 1454
1467 1468 1451
1467 1469 1468
1449 1451 1468
1469 1470 1468
1470 1449 1468
1469 1471 1470
1470 1455 1449
1470 1471 1472
1473 1455 1470
1470 1472 1473
1473 1458 1455
1474 1473 1472
1475 1458 1473
1474 1475 1473
1475 1476 1458
1459 1458 1476
1477 1475 1474
1477 1474 1478
1479 1477 1478
1479 1478 1480
1481 1479 1480
1479 1481 1482
1477 1483 1475
1475 1483 1476
1479 1483 1477
1484 1459 1476
1484 1476 1483
1485 1483 1479
1484 1483 1485
1459 1484 1486
1485 1486 1484
1459 1486 1487
1485 1488 1486
1485 1479 1489
1488 1485 1489
1479 1482 1489
1488 1489 1490
1482 1490 1489
1482 1491 1490
1492 1493 1494
1492 1494 1495
1495 1496 1492
1492 1496 1497
1497 1496 1498
1495 1494 1499
1499 1494 1500
1499 1500 1501
1502 1501 1500
1503 1495 1499
1501 1503 1499
1498 1496 1504
1504 1505 1498
1495 1506 1496
1503 1506 1495
1502 1507 1501
1507 1502 1508
1496 1509 1504
1496 1506 1509
1507 1508 1510
1511 1510 1508
1512 1505 1504
1505 1512 1513
1505 1513 1514
1512 1515 1513
1512 1516 1515
1504 1516 1512
1504 1509 1516
1509 1517 1516
1509 1518 1517
1518 1509 1506
1519 1518 1506
1519 1506 1503
1519 1503 1520
1519 1520 1521
1501 1520 1503
1521 1520 1522
1522 1520 1501
1521 1522 1523
1522 1501 1507
1522 1524 1523
1525 1522 1507
1522 1525 1524
1525 1507 1510
1526 1524 1525
1527 1525 1510
1526 1525 1527
1527 1510 1528
1511 1528 1510
1529 1526 1527
1529 1530 1526
1531 1530 1529
1527 1528 1532
1529 1527 1532
1511 1533 1528
1533 1532 1528
1531 1529 1534
1535 1531 1534
1534 1536 1535
1537 1529 1532
1533 1537 1532
1537 1534 1529
1511 1538 1533
1537 1533 1538
1511 1539 1538
1537 1538 1540
1537 1541 1534
1540 1541 1537
1534 1541 1536
1540 1542 1541
1536 1541 1542
1536 1542 1543
1544 1545 1546
1544 1547 1545
1548 1547 1544
1549 1545 1547
1548 1550 1547
1549 1547 1551
1551 1547 1550
1552 1550 1548
1552 1548 1553
1554 1549 1551
1554 1555 1549
1556 1554 1551
1551 1550 1557
1556 1551 1557
1557 1550 1552
1557 1558 1556
1557 1559 1558
1557 1552 1559
1559 1560 1558
1561 1552 1553
1559 1552 1561
1561 1553 1562
1559 1563 1560
1559 1561 1563
1563 1564 1560
1565 1561 1562
1563 1561 1565
1565 1562 1566
1563 1567 1564
1563 1565 1567
1568 1565 1566
1568 1567 1565
1568 1566 1569
1564 1567 1570
1568 1570 1567
1564 1570 1571
1569 1572 1568
1568 1572 1570
1571 1570 1572
1569 1573 1572
1571 1572 1574
1575 1576 1577
1575 1578 1576
1575 1579 1578
1575 1580 1579
1576 1578 1581
1576 1581 1582
1578 1583 1581
1578 1579 1583
1584 1582 1581
1584 1581 1583
1584 1585 1582
1584 1583 1586
1586 1583 1587
1579 1587 1583
1586 1587 1588
1589 1588 1587
1580 1590 1579
1579 1590 1587
1580 1591 1590
1592 1590 1591
1589 1587 1593
1590 1593 1587
1593 1594 1589
1592 1595 1590
1590 1595 1593
1596 1595 1592
1594 1593 1597
1597 1593 1595
1595 1596 1598
1597 1595 1598
1594 1597 1599
1598 1599 1597
1594 1599 1600
1598 1596 1601
1598 1601 1599
1601 1596 1602
1600 1599 1603
1603 1599 1601
1602 1603 1601
1600 1603 1604
1602 1605 1603
1606 1607 1608
1606 1608 1609
1610 1606 1609
1611 1609 1608
1610 1609 1612
1611 1613 1609
1613 1612 1609
1614 1610 1612
1614 1615 1610
1616 1613 1611
1616 1611 1617
1618 1613 1616
1613 1619 1612
1618 1619 1613
1619 1614 1612
1619 1618 1620
1619 1620 1621
1619 1621 1614
1621 1620 1622
1623 1615 1614
1621 1623 1614
1623 1624 1615
1621 1622 1625
1621 1625 1623
1625 1622 1626
1627 1624 1623
1625 1627 1623
1627 1628 1624
1625 1626 1629
1625 1629 1627
1630 1628 1627
1630 1627 1629
1630 1631 1628
1626 1632 1629
1630 1629 1632
1626 1633 1632
1631 1630 1634
1630 1632 1634
1633 1634 1632
1631 1634 1635
1633 1636 1634
1637 1638 1639
1637 1639 1640
1637 1640 1641
1637 1641 1642
1639 1643 1640
1639 1644 1643
1640 1643 1645
1640 1645 1641
1646 1643 1644
1646 1645 1643
1646 1644 1647
1646 1648 1645
1648 1649 1645
1641 1645 1649
1648 1650 1649
1651 1649 1650
1642 1641 1652
1641 1649 1652
1642 1652 1653
1654 1653 1652
1651 1655 1649
1652 1649 1655
1655 1651 1656
1654 1652 1657
1652 1655 1657
1658 1654 1657
1656 1659 1655
1659 1657 1655
1657 1660 1658
1659 1660 1657
1656 1661 1659
1660 1659 1661
1656 1662 1661
1660 1663 1658
1660 1661 1663
1663 1664 1658
1662 1665 1661
1665 1663 1661
1664 1663 1665
1662 1666 1665
1664 1665 1667
1668 1669 1670
1668 1671 1669
1672 1669 1671
1672 1673 1669
1672 1674 1673
1672 1675 1674
1675 1676 1674
1675 1677 1676
1677 1678 1676
1677 1679 1678
1679 1680 1678
1679 1681 1680
1681 1682 1680
1681 1683 1682
1684 1682 1683
1684 1685 1682
1686 1685 1684
1686 1687 1685
1688 1687 1686
1688 1689 1687
1690 1689 1688
1690 1691 1689
1692 1691 1690
1692 1693 1691
1692 1694 1693
1692 1695 1694
1695 1696 1694
1695 1697 1696
1697 1698 1696
1697 1699 1698
1700 1698 1699
1700 1701 1698
1700 1702 1701
1700 1703 1702
1703 1704 1702
1703 1705 1704
1706 1707 1708
1709 1708 1707
1709 1707 1710
1711 1709 1710
1711 1710 1712
1713 1711 1712
1706 1714 1707
1715 1710 1707
1714 1715 1707
1716 1712 1710
1715 1716 1710
1706 1717 1714
1706 1718 1717
1718 1719 1717
1714 1717 1719
1718 1720 1719
1721 1719 1720
1714 1719 1722
1721 1722 1719
1714 1722 1715
1721 1715 1722
1721 1723 1715
1723 1716 1715
1723 1724 1716
1724 1725 1716
1716 1725 1712
1724 1726 1725
1727 1725 1726
1725 1728 1712
1713 1712 1728
1727 1729 1725
1725 1729 1728
1727 1730 1729
1728 1729 1730
1727 1731 1730
1732 1730 1731
1713 1728 1733
1713 1733 1732
1728 1730 1733
1732 1733 1730
