byte offset: 0
first index: 0
index count: 12726
topology: trianglelist
format: DXGI_FORMAT_R16_UINT

0 1 2
0 3 1
3 4 1
3 5 4
5 6 4
7 3 0
7 5 3
0 8 7
9 7 8
7 9 5
9 8 10
11 9 10
11 10 12
9 13 5
9 11 13
5 14 6
6 14 15
6 15 16
17 16 15
5 18 14
5 13 18
15 14 18
19 13 11
18 13 19
20 11 12
19 11 20
12 21 20
12 22 21
23 20 21
23 19 20
19 23 24
18 19 24
25 18 24
15 18 25
25 24 26
27 25 26
27 28 25
15 25 28
29 28 27
15 28 30
17 15 30
29 31 28
30 28 31
32 31 29
32 29 33
34 17 30
30 31 34
34 31 32
34 35 17
36 35 34
36 34 37
34 32 37
37 38 36
33 39 32
33 40 39
41 32 39
41 42 32
42 37 32
37 42 43
37 44 38
44 37 43
44 43 45
44 45 46
44 47 38
47 44 46
47 46 48
47 48 49
50 51 52
50 52 53
53 52 54
55 50 53
55 56 50
53 54 57
54 58 57
59 57 58
59 58 60
59 60 61
62 57 59
61 62 59
62 53 57
61 63 62
64 62 63
65 53 62
64 65 62
55 53 65
65 64 66
65 66 67
55 65 67
68 67 66
55 67 69
69 56 55
69 70 56
69 71 70
68 72 67
72 69 67
72 68 73
69 74 71
72 74 69
74 75 71
74 76 75
72 76 74
77 75 76
77 76 78
72 73 79
72 79 76
79 78 76
79 80 78
79 73 81
79 81 80
81 82 80
81 83 82
84 82 83
84 85 82
86 85 84
87 88 89
89 90 87
91 90 89
92 87 90
90 91 93
92 90 94
90 93 95
95 94 90
95 96 94
97 95 93
98 96 95
98 99 96
97 100 95
100 98 95
101 100 97
101 97 102
99 98 103
98 100 103
99 103 104
104 103 100
101 104 100
104 105 99
106 101 102
106 102 107
108 101 106
108 109 101
110 109 108
109 111 101
111 109 110
101 111 104
111 110 112
111 112 105
105 104 113
113 104 111
105 113 111
114 115 116
114 116 117
117 116 118
117 118 119
119 118 120
121 114 117
121 117 119
122 114 121
123 122 121
121 119 123
123 124 122
125 124 123
125 126 124
123 119 127
123 127 125
119 120 128
129 128 120
129 120 130
129 130 131
132 119 128
132 127 119
129 132 128
133 125 127
132 133 127
134 126 125
133 134 125
126 134 135
126 135 136
137 135 134
137 134 133
133 138 137
132 138 133
139 138 132
129 139 132
139 140 138
139 141 140
139 142 141
129 142 139
142 143 141
129 144 142
129 131 144
142 145 143
145 142 144
146 143 145
146 147 143
148 144 131
145 144 148
148 146 145
148 131 149
150 148 149
150 151 148
148 151 146
151 150 152
147 146 153
147 153 154
155 153 146
155 146 156
156 146 151
151 157 156
151 152 158
158 157 151
158 159 157
158 160 159
158 152 161
161 160 158
161 162 160
161 163 162
164 165 166
164 167 165
167 168 165
169 167 164
169 164 170
167 171 168
172 168 171
173 172 171
173 174 172
173 175 174
176 173 171
175 173 176
176 171 167
175 176 177
178 177 176
179 176 167
178 176 179
169 179 167
179 180 178
179 181 180
169 181 179
182 180 181
183 169 170
169 183 181
183 170 184
183 184 185
182 181 186
186 181 183
186 187 182
183 185 188
186 183 188
188 185 189
188 189 190
186 188 190
191 190 189
191 192 190
186 193 187
186 190 193
193 190 192
193 192 194
193 195 187
193 194 195
195 194 196
195 196 197
198 197 196
198 196 199
200 198 199
201 202 203
202 201 204
205 202 204
206 204 201
204 207 205
206 208 204
204 209 207
209 204 208
209 208 210
209 211 207
212 209 210
212 210 213
209 214 211
214 209 212
215 211 214
215 216 211
217 212 213
212 217 214
218 217 213
218 214 217
218 215 214
213 219 218
220 216 215
220 221 216
222 220 215
222 215 223
224 222 223
223 215 225
225 224 223
218 225 215
225 226 224
225 219 226
219 227 218
227 225 218
219 225 227
228 229 230
228 231 229
232 229 231
231 228 233
232 231 234
234 235 232
234 236 235
236 237 235
231 233 238
239 234 231
239 231 238
233 240 238
239 238 240
233 241 240
242 234 239
242 236 234
241 243 240
241 244 243
239 240 245
242 239 245
244 246 243
244 247 246
240 243 248
240 248 245
247 249 246
247 250 249
243 246 251
243 251 248
252 249 250
252 250 253
252 253 254
255 246 249
255 251 246
256 249 252
256 255 249
257 245 248
258 248 251
258 257 248
251 255 259
251 259 258
260 255 256
260 259 255
259 261 258
257 258 261
257 262 245
242 245 262
262 257 263
257 261 263
259 264 261
260 264 259
242 262 265
262 263 265
266 263 261
266 261 264
242 265 267
236 242 267
268 265 263
266 268 263
236 267 269
236 269 237
267 265 270
268 270 265
271 237 269
271 272 237
273 269 267
267 270 273
273 271 269
274 272 271
274 275 272
276 273 270
276 270 268
271 273 277
271 277 274
276 277 273
278 275 274
278 279 275
280 274 277
280 278 274
281 277 276
281 280 277
276 268 282
282 281 276
268 283 282
268 266 283
284 283 266
266 264 284
285 284 264
260 285 264
286 285 260
286 260 256
286 256 287
287 256 252
287 252 288
252 254 288
254 289 288
289 287 288
254 290 289
289 291 287
286 287 291
286 291 292
293 286 292
286 293 285
293 292 294
294 295 293
295 285 293
294 296 295
295 297 285
285 297 284
298 295 296
298 297 295
298 296 299
297 300 284
284 300 283
299 301 298
299 302 301
303 301 302
298 304 297
297 304 300
305 283 300
305 282 283
298 306 304
298 301 306
307 300 304
305 300 307
307 304 306
305 308 282
308 281 282
309 281 308
309 280 281
309 310 280
310 278 280
310 311 278
311 279 278
311 312 279
310 312 311
279 312 313
309 314 310
310 314 312
313 312 315
314 315 312
316 313 315
309 308 317
309 317 314
318 308 305
317 308 318
314 319 315
319 314 317
316 315 320
320 315 319
319 317 321
317 318 321
322 321 318
318 305 323
323 322 318
323 305 307
324 319 321
320 319 324
324 321 322
316 320 325
326 316 325
327 320 324
322 327 324
326 325 328
326 328 329
325 330 328
325 320 331
325 331 330
327 331 320
331 332 330
331 327 332
333 332 327
333 327 334
322 334 327
334 335 333
322 336 334
334 336 335
322 337 336
323 337 322
335 336 338
335 338 339
340 336 337
340 337 323
340 338 336
339 338 341
339 341 342
340 323 343
323 307 343
343 307 306
343 306 344
344 340 343
301 344 306
345 338 340
344 345 340
345 341 338
301 346 344
345 344 346
303 346 301
345 346 347
303 347 346
347 341 345
303 348 347
342 341 349
347 349 341
348 349 347
342 349 350
348 351 349
351 350 349
351 352 350
353 354 355
353 355 356
357 353 356
356 355 358
357 356 359
359 360 357
356 358 361
361 358 362
363 359 356
363 356 361
364 363 361
361 362 365
364 361 365
365 362 366
365 366 367
364 365 367
364 367 368
368 369 364
359 370 360
363 370 359
371 360 370
371 372 360
373 371 370
373 370 374
363 374 370
371 375 372
363 376 374
364 376 363
376 373 374
364 369 377
364 377 376
369 378 377
369 379 378
377 380 376
376 380 373
377 378 380
379 381 378
379 382 381
383 381 382
384 380 378
380 384 373
384 378 381
385 384 381
383 386 381
385 381 386
387 386 383
387 388 386
385 386 388
389 388 387
389 390 388
390 389 391
390 391 392
392 391 393
394 392 393
388 390 395
385 388 396
388 395 396
390 392 397
390 397 395
394 398 392
399 398 394
399 394 400
392 398 401
392 401 397
401 398 399
402 399 400
402 400 403
402 404 399
401 399 404
403 405 402
402 405 404
403 406 405
406 407 405
404 405 407
404 407 408
409 404 408
409 401 404
410 401 409
410 397 401
410 411 397
397 411 395
395 411 412
413 395 412
413 396 395
414 396 413
414 385 396
385 414 415
385 415 416
416 384 385
416 415 417
416 418 384
373 384 418
416 417 419
419 417 420
421 418 416
421 416 419
373 418 422
421 422 418
419 420 423
423 420 424
419 423 425
419 425 421
426 421 425
423 424 427
425 423 427
428 427 424
373 422 429
429 371 373
421 430 422
426 430 421
429 431 371
371 431 375
422 432 429
422 430 432
431 429 432
375 431 433
432 433 431
375 433 434
430 435 432
430 426 435
432 435 433
436 435 426
434 433 437
434 437 438
439 438 437
435 440 433
437 433 440
435 436 440
439 437 441
441 437 440
442 439 441
441 440 443
443 440 436
442 441 444
443 444 441
444 445 442
444 446 445
445 446 447
448 447 446
443 449 444
446 444 449
448 446 450
450 451 448
443 436 452
449 443 452
450 446 453
446 449 453
454 451 450
454 455 451
450 453 456
454 450 456
457 455 454
457 458 455
459 458 457
457 460 459
459 461 458
462 461 459
460 462 459
462 463 461
463 462 464
460 464 462
463 464 465
464 466 465
464 467 466
460 467 464
467 468 466
467 469 468
460 469 467
470 468 469
470 469 471
471 469 460
471 472 470
457 473 460
471 460 473
454 473 457
454 474 473
471 473 474
454 456 474
471 474 475
471 475 472
456 475 474
476 472 475
456 476 475
476 477 472
476 456 453
476 478 477
476 453 479
479 478 476
479 480 478
449 479 453
480 479 481
449 482 479
481 479 482
481 482 483
449 452 482
484 483 482
484 482 452
485 484 452
485 486 484
486 485 487
485 452 436
487 485 436
486 487 488
489 487 436
436 426 489
488 487 490
488 490 491
490 492 491
493 492 490
493 494 492
493 495 494
493 496 495
493 497 496
496 498 495
499 498 496
497 499 496
499 500 498
499 501 500
502 493 490
493 502 497
487 503 490
502 490 503
504 497 502
504 502 503
487 505 503
489 505 487
506 505 489
426 506 489
503 505 507
506 507 505
504 503 508
503 507 508
426 509 506
509 510 506
426 425 509
511 507 506
511 506 510
512 507 511
512 508 507
512 511 513
513 511 510
512 514 508
508 514 515
508 515 504
513 510 516
504 515 517
510 518 516
519 504 517
519 517 520
519 520 521
504 519 497
519 521 522
522 497 519
522 521 523
510 524 518
518 524 525
522 526 497
497 526 499
523 527 522
526 522 527
523 528 527
529 499 526
499 529 501
530 527 528
530 528 531
526 527 532
529 526 532
532 527 530
501 529 533
501 533 534
529 532 535
532 530 535
529 535 533
536 530 531
535 530 536
536 531 537
534 533 538
535 538 533
534 538 539
535 536 540
537 540 536
535 540 538
540 539 538
537 541 540
540 541 539
542 543 544
542 545 543
546 545 542
545 547 543
546 548 545
548 546 549
545 550 547
548 550 545
551 547 550
548 549 552
548 552 550
553 552 549
553 554 552
550 552 554
554 553 555
551 550 556
550 554 556
557 551 556
554 555 558
558 556 554
558 555 559
557 556 560
558 560 556
560 561 557
558 559 562
560 558 562
562 559 563
560 564 561
560 562 564
565 561 564
566 562 563
566 563 567
567 568 566
566 568 569
569 568 570
569 570 571
562 572 564
562 566 572
565 564 572
569 572 566
572 573 565
569 573 572
565 573 574
573 428 574
573 575 428
569 575 573
428 575 427
569 571 576
569 576 575
575 577 427
575 576 577
425 427 577
425 577 509
571 578 576
577 576 578
571 579 578
578 579 580
577 578 581
581 509 577
578 580 581
581 582 509
509 582 510
582 524 510
580 583 581
580 584 583
583 584 585
581 586 582
582 586 524
581 583 586
583 585 587
587 585 588
587 588 589
583 590 586
524 586 590
583 587 590
587 589 591
592 591 589
524 590 593
525 524 593
525 593 594
595 594 593
587 596 590
587 591 596
593 590 596
592 597 591
597 596 591
598 597 592
597 598 599
595 593 600
593 596 600
600 601 595
597 602 596
600 596 602
603 601 600
600 602 603
603 604 601
597 599 605
605 602 597
604 603 606
604 606 607
603 602 608
605 608 602
603 608 606
609 605 599
608 605 609
609 606 608
609 599 610
611 607 606
609 611 606
611 612 607
610 613 609
613 611 609
610 614 613
615 613 614
616 615 612
616 612 611
613 616 611
615 616 613
617 618 619
617 619 620
621 620 619
620 622 617
621 623 620
623 621 624
623 624 625
625 624 626
620 627 622
628 620 623
628 627 620
622 627 629
628 629 627
622 629 630
631 628 623
631 623 625
630 629 632
630 632 633
628 634 629
631 634 628
629 635 632
629 634 635
633 632 636
633 636 637
632 635 638
632 638 636
637 636 639
637 639 640
641 636 638
641 639 636
642 640 639
642 643 640
642 644 643
645 639 641
645 642 639
646 635 634
647 638 635
647 635 646
638 648 641
638 647 648
649 645 641
649 641 648
648 647 650
646 650 647
646 634 651
631 651 634
651 652 646
646 652 650
648 650 653
649 648 653
631 654 651
651 654 652
655 650 652
655 653 650
631 656 654
625 656 631
657 652 654
655 652 657
625 658 656
625 626 658
656 659 654
657 654 659
660 658 626
660 626 661
662 656 658
656 662 659
662 658 660
663 660 661
663 661 664
665 659 662
665 657 659
660 666 662
660 663 666
665 662 666
667 663 664
667 664 668
669 666 663
669 663 667
670 665 666
670 666 669
665 671 657
671 665 670
657 671 672
657 672 655
673 655 672
655 673 653
674 653 673
649 653 674
675 649 674
675 645 649
675 676 645
676 642 645
676 677 642
642 677 644
644 677 678
678 677 676
644 678 679
678 676 680
675 680 676
675 681 680
682 681 675
675 674 682
682 683 681
683 682 684
684 682 674
683 684 685
684 674 686
674 673 686
687 685 684
687 684 686
687 688 685
686 673 689
673 672 689
688 687 690
688 690 691
692 691 690
687 686 693
686 689 693
694 689 672
694 672 671
687 693 695
687 695 690
696 693 689
694 696 689
696 695 693
694 671 697
697 671 670
698 697 670
698 670 669
698 669 699
699 669 667
699 667 700
700 667 668
700 668 701
699 700 701
668 702 701
698 699 703
699 701 703
702 704 701
703 701 704
705 704 702
698 706 697
698 703 706
707 694 697
706 707 697
703 704 708
708 706 703
705 709 704
709 708 704
708 710 706
706 710 707
711 707 710
707 712 694
712 707 711
712 696 694
713 710 708
709 713 708
713 711 710
705 714 709
715 714 705
716 713 709
711 713 716
715 717 714
715 718 717
714 717 719
714 720 709
714 719 720
716 709 720
720 719 721
720 721 716
722 716 721
722 723 716
711 716 723
723 722 724
711 723 725
723 724 725
711 725 726
712 711 726
724 727 725
724 728 727
729 726 725
729 712 726
729 725 727
728 730 727
728 731 730
729 732 712
712 732 696
732 695 696
732 733 695
733 732 729
690 695 733
734 729 727
733 729 734
734 727 730
690 733 735
734 735 733
692 690 735
734 736 735
692 735 736
736 734 730
692 736 737
731 738 730
736 730 738
737 736 738
731 739 738
737 738 740
740 738 739
740 739 741
742 743 744
742 745 743
746 745 742
745 747 743
746 748 745
748 746 749
745 750 747
750 751 747
752 745 748
752 750 745
753 750 752
750 754 751
753 754 750
754 755 751
754 756 755
753 756 754
753 757 756
757 753 758
748 749 759
752 748 759
760 759 749
760 749 761
762 759 760
762 763 759
752 759 763
760 761 764
752 763 765
753 752 765
765 763 762
753 766 758
753 765 766
758 766 767
758 767 768
766 765 769
765 762 769
766 769 767
768 767 770
768 770 771
772 771 770
773 767 769
769 762 773
773 770 767
774 770 773
772 770 775
774 775 770
776 772 775
776 775 777
774 777 775
778 776 777
778 777 779
779 780 778
779 781 780
781 782 780
783 782 781
777 784 779
774 785 777
777 785 784
779 786 781
779 784 786
783 781 787
788 783 787
788 789 783
781 790 787
781 786 790
790 788 787
791 789 788
791 792 789
791 788 793
790 793 788
792 791 794
791 793 794
792 794 795
795 794 796
793 796 794
793 797 796
798 797 793
798 793 790
799 798 790
799 790 786
799 786 800
786 784 800
784 801 800
802 801 784
802 784 785
803 802 785
803 785 774
774 804 803
774 805 804
805 774 773
805 806 804
805 773 807
762 807 773
805 808 806
808 809 806
810 805 807
810 808 805
762 811 807
810 807 811
808 812 809
812 813 809
808 814 812
808 810 814
815 814 810
812 816 813
814 816 812
817 813 816
762 818 811
818 762 760
810 811 819
815 810 819
818 760 820
760 764 820
811 818 821
811 821 819
820 821 818
764 822 820
821 820 822
764 823 822
819 821 824
819 824 815
821 822 824
825 815 824
823 826 822
823 827 826
828 826 827
824 822 829
826 829 822
824 829 825
828 830 826
830 829 826
831 830 828
830 832 829
832 825 829
831 833 830
832 830 833
833 831 834
833 834 835
834 836 835
837 835 836
832 833 838
835 838 833
837 839 835
839 837 840
832 841 825
838 841 832
839 842 835
835 842 838
843 839 840
843 840 844
839 845 842
843 845 839
846 843 844
846 844 847
848 846 847
846 848 849
848 847 850
851 848 850
849 848 851
851 850 852
852 853 851
849 851 853
852 854 853
853 854 855
853 855 856
849 853 856
856 855 857
856 857 858
849 856 858
859 858 857
859 860 858
860 849 858
860 859 861
846 849 862
860 862 849
843 846 862
843 862 863
860 863 862
843 863 845
860 864 863
860 861 864
845 863 864
865 864 861
845 864 865
865 861 866
865 842 845
865 866 867
865 868 842
868 865 867
868 867 869
838 842 868
869 870 868
838 868 871
870 871 868
870 872 871
838 871 841
873 871 872
873 841 871
874 841 873
874 873 875
875 876 874
874 825 841
876 825 874
875 877 876
878 825 876
825 878 815
877 879 876
877 880 879
879 880 881
882 879 881
882 881 883
882 883 884
882 884 885
882 885 886
885 884 887
888 885 887
886 885 888
888 887 889
888 889 890
891 879 882
882 886 891
876 879 892
891 892 879
893 891 886
893 892 891
876 892 894
878 876 894
895 878 894
815 878 895
892 896 894
895 894 896
893 897 892
892 897 896
815 895 898
898 895 899
815 898 814
900 895 896
900 899 895
901 900 896
901 896 897
901 902 900
902 899 900
901 897 903
897 904 903
897 893 904
902 905 899
893 906 904
899 905 907
908 906 893
908 909 906
908 910 909
893 886 908
908 911 910
911 908 886
911 912 910
899 907 913
907 914 913
911 886 915
886 888 915
912 911 916
915 916 911
912 916 917
918 915 888
888 890 918
915 919 916
918 919 915
920 917 916
919 920 916
920 921 917
890 922 918
890 923 922
918 924 919
919 924 920
918 922 924
925 921 920
924 925 920
925 926 921
923 927 922
924 922 927
923 928 927
924 929 925
926 925 929
924 927 929
929 927 928
926 929 930
929 928 930
931 932 933
931 933 934
935 931 934
934 933 936
935 934 937
937 938 935
934 936 939
937 934 939
940 939 936
937 941 938
937 939 941
942 938 941
942 941 943
939 943 941
943 944 942
940 945 939
939 945 943
946 945 940
943 947 944
947 943 945
947 948 944
946 949 945
947 945 949
949 946 950
947 951 948
949 951 947
951 952 948
949 950 953
949 953 951
954 953 950
955 952 951
955 956 952
956 955 957
955 958 957
958 959 957
958 960 959
951 953 961
951 961 955
954 961 953
958 955 961
961 954 962
958 961 962
954 963 962
962 963 817
962 817 964
958 962 964
817 816 964
958 965 960
958 964 965
964 816 966
964 966 965
814 966 816
814 898 966
960 965 967
966 967 965
960 967 968
967 969 968
966 970 967
970 966 898
967 970 969
970 898 971
898 899 971
971 899 913
969 970 972
969 972 973
972 974 973
970 971 975
971 913 975
970 975 972
972 976 974
976 977 974
976 978 977
972 975 979
913 979 975
972 979 976
976 980 978
981 978 980
913 982 979
914 982 913
914 983 982
984 982 983
976 979 985
976 985 980
982 985 979
981 980 986
986 980 985
987 981 986
986 988 987
984 989 982
982 989 985
989 984 990
986 985 991
989 991 985
992 989 990
989 992 991
992 990 993
986 994 988
994 986 991
993 995 992
993 996 995
992 997 991
994 991 997
992 995 997
998 988 994
997 998 994
998 997 995
998 999 988
1000 995 996
998 995 1000
1000 996 1001
999 998 1002
1002 998 1000
999 1002 1003
1004 1003 1002
1005 1000 1001
1005 1001 1004
1002 1000 1005
1004 1002 1005
1006 1007 1008
1006 1009 1007
1010 1007 1009
1011 1009 1006
1011 1006 1012
1013 1011 1012
1013 1012 1014
1014 1015 1013
1014 1016 1015
1011 1013 1017
1015 1017 1013
1018 1009 1011
1011 1017 1018
1010 1009 1019
1018 1019 1009
1020 1010 1019
1020 1021 1010
1020 1022 1021
1019 1018 1023
1019 1023 1020
1024 1018 1017
1024 1023 1018
1015 1016 1025
1026 1025 1016
1015 1027 1017
1027 1024 1017
1026 1028 1025
1028 1026 1029
1015 1025 1030
1015 1030 1027
1025 1028 1031
1025 1031 1030
1028 1029 1032
1032 1029 1033
1028 1034 1031
1028 1032 1034
1035 1030 1031
1034 1035 1031
1027 1030 1036
1035 1036 1030
1037 1036 1035
1027 1038 1024
1027 1036 1038
1032 1033 1039
1040 1039 1033
1038 1041 1024
1041 1023 1024
1042 1038 1036
1038 1042 1041
1034 1043 1035
1043 1037 1035
1032 1044 1034
1032 1039 1044
1040 1045 1039
1045 1040 1046
1041 1047 1023
1047 1020 1023
1047 1048 1020
1020 1048 1022
1022 1048 1049
1022 1049 1050
1051 1050 1049
1048 1047 1052
1052 1047 1041
1048 1052 1049
1052 1041 1053
1042 1053 1041
1039 1045 1054
1039 1054 1044
1051 1049 1055
1055 1056 1051
1049 1052 1057
1057 1052 1053
1057 1058 1049
1049 1058 1055
1057 1053 1059
1059 1058 1057
1042 1060 1053
1059 1053 1060
1055 1061 1056
1061 1062 1056
1063 1060 1042
1042 1036 1063
1037 1063 1036
1064 1060 1063
1037 1064 1063
1059 1060 1065
1064 1065 1060
1059 1066 1058
1065 1066 1059
1055 1058 1067
1067 1058 1066
1055 1068 1061
1055 1067 1068
1061 1069 1062
1068 1069 1061
1065 1070 1066
1064 1070 1065
1067 1066 1071
1071 1068 1067
1071 1066 1070
1071 1072 1068
1072 1069 1068
1062 1069 1073
1062 1073 1074
1071 1070 1075
1072 1071 1075
1076 1070 1064
1075 1070 1076
1072 1077 1069
1077 1073 1069
1078 1074 1073
1078 1079 1074
1079 1078 1080
1079 1080 1081
1082 1081 1080
1082 1080 1083
1080 1084 1083
1072 1075 1085
1085 1077 1072
1077 1086 1073
1086 1078 1073
1087 1080 1078
1086 1087 1078
1080 1088 1084
1087 1088 1080
1088 1089 1084
1088 1090 1089
1087 1090 1088
1090 1091 1089
1092 1085 1075
1092 1075 1076
1093 1077 1085
1093 1085 1092
1086 1077 1093
1094 1087 1086
1087 1094 1090
1076 1095 1092
1095 1093 1092
1086 1093 1096
1094 1086 1096
1096 1093 1097
1095 1097 1093
1094 1096 1098
1096 1097 1098
1090 1094 1099
1094 1098 1099
1090 1099 1100
1090 1100 1091
1101 1091 1100
1101 1102 1091
1101 1103 1102
1104 1100 1099
1104 1101 1100
1105 1099 1098
1105 1104 1099
1106 1098 1097
1106 1105 1098
1107 1097 1095
1107 1106 1097
1101 1108 1103
1104 1108 1101
1109 1104 1105
1104 1109 1108
1106 1110 1105
1109 1105 1110
1103 1108 1111
1103 1111 1112
1106 1113 1110
1113 1106 1107
1108 1109 1114
1108 1114 1111
1109 1110 1115
1109 1115 1114
1115 1110 1113
1112 1111 1116
1112 1116 1117
1111 1118 1116
1111 1114 1118
1115 1118 1114
1115 1119 1118
1119 1115 1120
1115 1113 1120
1119 1120 1121
1122 1120 1113
1113 1107 1122
1123 1121 1120
1122 1123 1120
1123 1124 1121
1124 1123 1125
1124 1125 1126
1122 1127 1123
1123 1127 1125
1126 1125 1128
1126 1128 1129
1128 1130 1129
1131 1125 1127
1131 1128 1125
1122 1107 1132
1133 1127 1122
1122 1132 1133
1107 1134 1132
1095 1134 1107
1134 1095 1076
1135 1127 1133
1135 1131 1127
1136 1133 1132
1134 1136 1132
1136 1135 1133
1137 1134 1076
1134 1137 1136
1137 1076 1064
1037 1137 1064
1037 1136 1137
1037 1138 1136
1135 1136 1138
1043 1138 1037
1135 1138 1139
1131 1135 1139
1043 1139 1138
1131 1139 1140
1128 1131 1140
1043 1141 1139
1140 1139 1141
1034 1141 1043
1034 1044 1141
1044 1142 1141
1140 1141 1142
1044 1054 1142
1128 1140 1143
1142 1143 1140
1128 1143 1130
1142 1144 1143
1144 1130 1143
1144 1142 1054
1144 1145 1130
1144 1054 1146
1145 1144 1146
1045 1146 1054
1145 1146 1147
1045 1148 1146
1148 1147 1146
1046 1148 1045
1148 1149 1147
1046 1150 1148
1148 1151 1149
1148 1150 1151
1152 1153 1154
1152 1154 1155
1156 1155 1154
1157 1152 1155
1157 1158 1152
1159 1158 1157
1159 1160 1158
1160 1159 1161
1160 1161 1162
1157 1163 1159
1161 1159 1163
1164 1157 1155
1157 1164 1163
1156 1165 1155
1164 1155 1165
1166 1165 1156
1166 1156 1167
1166 1167 1168
1165 1169 1164
1165 1166 1169
1170 1163 1164
1170 1164 1169
1161 1171 1162
1172 1162 1171
1161 1163 1173
1173 1163 1170
1172 1171 1174
1174 1175 1172
1161 1176 1171
1161 1173 1176
1171 1177 1174
1171 1176 1177
1174 1178 1175
1178 1179 1175
1174 1177 1180
1174 1180 1178
1181 1177 1176
1180 1177 1181
1173 1182 1176
1181 1176 1182
1183 1181 1182
1173 1170 1184
1173 1184 1182
1178 1185 1179
1186 1179 1185
1184 1170 1187
1187 1170 1169
1188 1182 1184
1184 1187 1188
1180 1181 1189
1189 1181 1183
1178 1180 1190
1178 1190 1185
1186 1185 1191
1191 1192 1186
1187 1169 1193
1193 1169 1166
1193 1166 1194
1166 1168 1194
1168 1195 1194
1168 1196 1195
1197 1195 1196
1194 1198 1193
1198 1187 1193
1194 1195 1198
1198 1199 1187
1188 1187 1199
1185 1200 1191
1185 1190 1200
1197 1201 1195
1201 1197 1202
1195 1203 1198
1203 1199 1198
1203 1195 1204
1195 1201 1204
1203 1205 1199
1205 1203 1204
1188 1199 1206
1205 1206 1199
1201 1202 1207
1207 1202 1208
1209 1188 1206
1188 1209 1182
1183 1182 1209
1210 1209 1206
1183 1209 1210
1205 1211 1206
1210 1206 1211
1205 1204 1212
1211 1205 1212
1201 1213 1204
1213 1212 1204
1201 1207 1214
1201 1214 1213
1207 1208 1215
1214 1207 1215
1211 1212 1216
1210 1211 1216
1213 1217 1212
1217 1213 1214
1217 1216 1212
1217 1214 1218
1218 1214 1215
1208 1219 1215
1208 1220 1219
1217 1221 1216
1218 1221 1217
1222 1210 1216
1221 1222 1216
1218 1215 1223
1223 1215 1219
1224 1219 1220
1224 1220 1225
1225 1226 1224
1225 1227 1226
1228 1226 1227
1228 1229 1226
1226 1229 1230
1218 1231 1221
1231 1218 1223
1223 1219 1232
1232 1219 1224
1233 1224 1226
1232 1224 1233
1226 1230 1234
1233 1226 1234
1234 1230 1235
1234 1235 1236
1233 1234 1236
1236 1235 1237
1238 1221 1231
1238 1222 1221
1239 1231 1223
1239 1238 1231
1232 1239 1223
1240 1232 1233
1233 1236 1240
1222 1238 1241
1241 1238 1239
1232 1242 1239
1240 1242 1232
1242 1243 1239
1241 1239 1243
1240 1244 1242
1242 1244 1243
1236 1245 1240
1240 1245 1244
1236 1237 1246
1236 1246 1245
1247 1246 1237
1247 1237 1248
1247 1248 1249
1250 1245 1246
1250 1246 1247
1251 1244 1245
1251 1245 1250
1252 1243 1244
1252 1244 1251
1253 1241 1243
1253 1243 1252
1247 1249 1254
1250 1247 1254
1255 1251 1250
1250 1254 1255
1252 1251 1256
1255 1256 1251
1249 1257 1254
1249 1258 1257
1252 1256 1259
1259 1253 1252
1254 1260 1255
1254 1257 1260
1255 1261 1256
1255 1260 1261
1261 1259 1256
1258 1262 1257
1258 1263 1262
1257 1262 1264
1257 1264 1260
1261 1260 1264
1261 1264 1265
1265 1266 1261
1261 1266 1259
1265 1267 1266
1268 1259 1266
1259 1268 1253
1269 1266 1267
1268 1266 1269
1269 1267 1270
1270 1271 1269
1270 1272 1271
1268 1269 1273
1269 1271 1273
1272 1274 1271
1272 1275 1274
1274 1275 1276
1277 1273 1271
1277 1271 1274
1268 1278 1253
1279 1268 1273
1268 1279 1278
1253 1278 1280
1241 1253 1280
1280 1222 1241
1281 1279 1273
1281 1273 1277
1282 1278 1279
1280 1278 1282
1282 1279 1281
1283 1222 1280
1280 1282 1283
1283 1210 1222
1183 1210 1283
1183 1283 1282
1183 1282 1284
1281 1284 1282
1189 1183 1284
1281 1285 1284
1277 1285 1281
1189 1284 1285
1277 1286 1285
1274 1286 1277
1189 1285 1287
1286 1287 1285
1180 1189 1287
1180 1287 1190
1190 1287 1288
1286 1288 1287
1190 1288 1200
1274 1289 1286
1288 1286 1289
1274 1276 1289
1288 1289 1290
1290 1289 1276
1290 1200 1288
1290 1276 1291
1290 1292 1200
1291 1292 1290
1191 1200 1292
1291 1293 1292
1191 1292 1294
1294 1292 1293
1192 1191 1294
1294 1293 1295
1192 1294 1296
1294 1295 1297
1294 1297 1296
1298 1299 1300
1298 1301 1299
1301 1302 1299
1298 1303 1301
1298 1304 1303
1305 1303 1304
1306 1302 1301
1306 1307 1302
1301 1303 1308
1301 1308 1306
1305 1309 1303
1309 1308 1303
1310 1307 1306
1311 1307 1310
1311 1310 1312
1310 1313 1312
1306 1314 1310
1310 1314 1313
1306 1308 1314
1315 1313 1314
1305 1316 1309
1305 1317 1316
1309 1318 1308
1316 1318 1309
1319 1314 1308
1315 1314 1319
1319 1308 1318
1320 1316 1317
1316 1320 1318
1320 1317 1321
1322 1320 1321
1315 1319 1323
1323 1319 1318
1315 1323 1322
1322 1323 1320
1323 1318 1320
1324 1325 1326
1326 1325 1327
1327 1325 1328
1329 1327 1328
1330 1326 1327
1330 1331 1326
1330 1332 1331
1329 1333 1327
1333 1330 1327
1334 1333 1329
1335 1333 1334
1335 1334 1336
1336 1337 1335
1335 1337 1338
1339 1335 1338
1333 1340 1330
1333 1335 1340
1330 1341 1332
1340 1341 1330
1332 1341 1342
1332 1342 1343
1342 1344 1343
1345 1335 1339
1346 1345 1339
1345 1346 1347
1348 1340 1335
1348 1335 1345
1340 1349 1341
1349 1342 1341
1349 1340 1348
1347 1350 1345
1350 1347 1351
1352 1345 1350
1352 1348 1345
1350 1351 1353
1352 1350 1353
1353 1351 1354
1353 1354 1355
1356 1353 1355
1352 1353 1356
1356 1355 1357
1356 1357 1358
1356 1358 1359
1359 1352 1356
1359 1358 1360
1361 1348 1352
1359 1361 1352
1359 1360 1362
1362 1360 1363
1361 1364 1348
1349 1348 1364
1365 1361 1359
1365 1359 1362
1364 1361 1365
1362 1363 1366
1366 1363 1367
1366 1367 1368
1369 1366 1368
1370 1362 1366
1369 1370 1366
1370 1365 1362
1370 1369 1371
1371 1365 1370
1372 1371 1369
1364 1365 1373
1371 1373 1365
1372 1374 1371
1374 1373 1371
1374 1372 1375
1364 1373 1376
1364 1376 1349
1377 1349 1376
1349 1377 1342
1374 1378 1373
1374 1375 1379
1378 1374 1379
1373 1380 1376
1373 1378 1380
1375 1381 1379
1375 1382 1381
1379 1381 1383
1379 1383 1384
1378 1379 1384
1385 1384 1383
1378 1384 1386
1385 1386 1384
1378 1386 1380
1387 1386 1385
1388 1376 1380
1386 1388 1380
1388 1377 1376
1387 1389 1386
1386 1389 1388
1390 1389 1387
1390 1391 1389
1392 1391 1390
1388 1389 1393
1389 1391 1393
1388 1394 1377
1393 1394 1388
1377 1394 1395
1342 1377 1395
1342 1395 1396
1342 1396 1344
1394 1397 1395
1397 1396 1395
1398 1344 1396
1397 1398 1396
1398 1399 1344
1400 1399 1398
1400 1398 1397
1400 1401 1399
1393 1402 1394
1394 1402 1397
1393 1391 1403
1403 1402 1393
1402 1404 1397
1400 1397 1404
1401 1400 1405
1401 1405 1406
1407 1406 1405
1403 1408 1402
1402 1408 1404
1409 1408 1403
1391 1409 1403
1404 1408 1409
1410 1400 1404
1410 1405 1400
1407 1405 1411
1411 1412 1407
1411 1413 1412
1405 1414 1411
1414 1413 1411
1405 1410 1414
1414 1415 1413
1415 1414 1416
1416 1414 1417
1410 1417 1414
1418 1416 1417
1419 1410 1404
1410 1419 1417
1419 1404 1409
1419 1418 1417
1419 1409 1420
1391 1420 1409
1392 1420 1391
1419 1421 1418
1419 1420 1421
1421 1420 1392
1421 1422 1418
1421 1392 1423
1421 1423 1422
1424 1425 1426
1424 1426 1427
1427 1426 1428
1424 1427 1429
1424 1429 1430
1427 1428 1431
1429 1427 1431
1432 1431 1428
1433 1430 1429
1433 1434 1430
1432 1435 1431
1435 1432 1436
1435 1436 1437
1429 1431 1438
1438 1431 1435
1433 1429 1438
1439 1435 1437
1438 1435 1439
1439 1437 1440
1441 1434 1433
1441 1442 1434
1433 1438 1443
1439 1443 1438
1441 1433 1443
1444 1439 1440
1439 1444 1443
1444 1440 1445
1446 1442 1441
1446 1447 1442
1441 1443 1448
1448 1443 1444
1446 1441 1448
1449 1444 1445
1448 1444 1449
1449 1445 1450
1451 1447 1446
1446 1448 1451
1451 1448 1449
1451 1452 1447
1453 1452 1451
1450 1453 1454
1450 1454 1449
1453 1451 1454
1451 1449 1454
1455 1456 1457
1455 1458 1456
1459 1458 1455
1456 1458 1460
1456 1460 1461
1462 1461 1460
1459 1463 1458
1463 1459 1464
1465 1458 1463
1465 1460 1458
1463 1464 1466
1466 1465 1463
1466 1464 1467
1466 1467 1468
1468 1469 1466
1466 1469 1465
1468 1470 1469
1469 1470 1471
1462 1460 1472
1472 1473 1462
1460 1465 1474
1474 1465 1469
1460 1474 1472
1469 1471 1475
1474 1469 1475
1472 1476 1473
1474 1476 1472
1477 1473 1476
1474 1477 1476
1475 1477 1474
1477 1478 1473
1479 1478 1477
1471 1479 1480
1471 1480 1475
1479 1477 1480
1475 1480 1477
1481 1482 1483
1481 1484 1482
1481 1485 1484
1481 1486 1485
1485 1486 1487
1488 1482 1484
1488 1484 1485
1488 1489 1482
1485 1487 1490
1490 1487 1491
1492 1489 1488
1492 1493 1489
1488 1485 1494
1490 1494 1485
1492 1488 1494
1493 1492 1495
1493 1495 1496
1495 1492 1497
1492 1494 1497
1495 1497 1498
1499 1498 1497
1494 1499 1497
1499 1500 1498
1494 1501 1499
1490 1501 1494
1502 1500 1499
1502 1499 1501
1502 1503 1500
1490 1504 1501
1502 1501 1504
1505 1503 1502
1505 1502 1504
1505 1506 1503
1507 1506 1505
1507 1505 1508
1505 1504 1508
1507 1508 1509
1509 1508 1504
1507 1509 1510
1509 1491 1510
1490 1511 1504
1509 1504 1511
1509 1511 1491
1490 1491 1511
1512 1513 1514
1512 1515 1513
1512 1516 1515
1512 1517 1516
1513 1515 1518
1513 1518 1519
1520 1516 1517
1520 1517 1521
1520 1521 1522
1515 1516 1523
1515 1523 1518
1520 1523 1516
1524 1519 1518
1524 1525 1519
1520 1522 1526
1527 1526 1522
1518 1528 1524
1518 1523 1528
1529 1525 1524
1528 1529 1524
1529 1530 1525
1528 1531 1529
1532 1531 1528
1523 1532 1528
1532 1533 1531
1520 1534 1523
1526 1534 1520
1523 1534 1532
1527 1535 1526
1526 1535 1534
1536 1535 1527
1537 1536 1533
1537 1533 1532
1537 1532 1534
1536 1537 1535
1537 1534 1535
1538 1539 1540
1538 1540 1541
1541 1540 1542
1538 1541 1543
1538 1543 1544
1545 1544 1543
1546 1541 1542
1546 1542 1547
1541 1548 1543
1541 1546 1548
1545 1543 1549
1549 1543 1548
1550 1546 1547
1551 1550 1547
1551 1552 1550
1550 1552 1553
1546 1550 1554
1550 1553 1554
1546 1554 1548
1555 1554 1553
1545 1549 1556
1545 1556 1557
1549 1548 1558
1556 1549 1558
1559 1548 1554
1555 1559 1554
1559 1558 1548
1560 1557 1556
1556 1558 1560
1560 1561 1557
1562 1561 1560
1555 1562 1563
1555 1563 1559
1563 1558 1559
1562 1560 1563
1563 1560 1558
1564 1565 1566
1565 1567 1566
1567 1568 1566
1569 1568 1567
1570 1567 1565
1570 1565 1571
1570 1571 1572
1569 1567 1573
1573 1567 1570
1574 1569 1573
1575 1574 1573
1575 1576 1574
1576 1575 1577
1575 1578 1577
1579 1578 1575
1573 1570 1580
1573 1580 1575
1570 1572 1581
1580 1570 1581
1572 1582 1581
1572 1583 1582
1582 1583 1584
1585 1579 1575
1586 1579 1585
1585 1587 1586
1588 1575 1580
1588 1585 1575
1580 1581 1589
1589 1581 1582
1589 1588 1580
1587 1585 1590
1590 1591 1587
1592 1590 1585
1592 1585 1588
1590 1593 1591
1592 1593 1590
1593 1594 1591
1593 1595 1594
1596 1595 1593
1592 1596 1593
1596 1597 1595
1596 1598 1597
1596 1599 1598
1599 1596 1592
1599 1600 1598
1601 1592 1588
1599 1592 1601
1599 1602 1600
1602 1603 1600
1601 1588 1604
1589 1604 1588
1605 1599 1601
1605 1602 1599
1604 1605 1601
1602 1606 1603
1606 1607 1603
1606 1608 1607
1609 1608 1606
1610 1606 1602
1609 1606 1610
1610 1602 1605
1610 1611 1609
1611 1610 1605
1612 1609 1611
1604 1613 1605
1611 1605 1613
1612 1611 1614
1614 1611 1613
1614 1615 1612
1604 1616 1613
1604 1589 1616
1617 1616 1589
1589 1582 1617
1614 1613 1618
1614 1619 1615
1618 1619 1614
1613 1616 1620
1613 1620 1618
1615 1619 1621
1615 1621 1622
1619 1623 1621
1619 1624 1623
1618 1624 1619
1625 1623 1624
1618 1626 1624
1625 1624 1626
1618 1620 1626
1627 1625 1626
1628 1620 1616
1626 1620 1628
1628 1616 1617
1627 1626 1629
1626 1628 1629
1630 1627 1629
1630 1629 1631
1632 1630 1631
1628 1633 1629
1629 1633 1631
1628 1617 1634
1633 1628 1634
1617 1635 1634
1582 1635 1617
1582 1636 1635
1582 1584 1636
1634 1635 1637
1637 1635 1636
1638 1636 1584
1637 1636 1638
1638 1584 1639
1640 1638 1639
1640 1637 1638
1640 1639 1641
1633 1634 1642
1634 1637 1642
1633 1643 1631
1643 1633 1642
1642 1637 1644
1640 1644 1637
1641 1645 1640
1641 1646 1645
1647 1645 1646
1643 1642 1648
1642 1644 1648
1649 1643 1648
1631 1643 1649
1644 1649 1648
1650 1644 1640
1650 1640 1645
1647 1651 1645
1651 1647 1652
1651 1652 1653
1645 1651 1654
1654 1651 1653
1645 1654 1650
1654 1653 1655
1655 1656 1654
1656 1657 1654
1650 1654 1657
1658 1657 1656
1659 1644 1650
1650 1657 1659
1659 1649 1644
1659 1657 1658
1659 1660 1649
1631 1649 1660
1632 1631 1660
1659 1658 1661
1659 1661 1660
1661 1632 1660
1661 1658 1662
1661 1663 1632
1661 1662 1663
1664 1665 1666
1664 1667 1665
1667 1668 1665
1664 1669 1667
1664 1670 1669
1667 1671 1668
1669 1671 1667
1672 1668 1671
1673 1669 1670
1673 1670 1674
1672 1671 1675
1675 1676 1672
1675 1677 1676
1669 1678 1671
1678 1675 1671
1673 1678 1669
1679 1677 1675
1678 1679 1675
1679 1680 1677
1681 1673 1674
1681 1674 1682
1673 1683 1678
1679 1678 1683
1681 1683 1673
1684 1680 1679
1679 1683 1684
1684 1685 1680
1686 1681 1682
1686 1682 1687
1681 1688 1683
1688 1684 1683
1686 1688 1681
1689 1685 1684
1688 1689 1684
1689 1690 1685
1691 1686 1687
1686 1691 1688
1691 1689 1688
1691 1687 1692
1693 1691 1692
1690 1689 1694
1690 1694 1693
1693 1694 1691
1691 1694 1689
1695 1696 1697
1695 1697 1698
1699 1695 1698
1697 1700 1698
1697 1701 1700
1702 1700 1701
1699 1698 1703
1703 1704 1699
1705 1703 1698
1705 1698 1700
1703 1706 1704
1706 1703 1705
1706 1707 1704
1706 1708 1707
1708 1706 1709
1706 1705 1709
1708 1709 1710
1709 1711 1710
1702 1712 1700
1712 1702 1713
1700 1714 1705
1714 1709 1705
1700 1712 1714
1709 1715 1711
1714 1715 1709
1712 1713 1716
1714 1712 1716
1717 1716 1713
1714 1716 1717
1715 1714 1717
1717 1713 1718
1719 1717 1718
1711 1715 1720
1711 1720 1719
1719 1720 1717
1715 1717 1720
1721 1722 1723
1721 1723 1724
1721 1724 1725
1721 1725 1726
1725 1727 1726
1728 1724 1723
1728 1725 1724
1728 1723 1729
1725 1730 1727
1730 1731 1727
1732 1728 1729
1732 1729 1733
1728 1734 1725
1730 1725 1734
1732 1734 1728
1733 1735 1732
1733 1736 1735
1735 1737 1732
1732 1737 1734
1735 1738 1737
1739 1737 1738
1734 1737 1739
1739 1738 1740
1734 1739 1741
1730 1734 1741
1742 1739 1740
1742 1741 1739
1742 1740 1743
1730 1741 1744
1742 1744 1741
1745 1742 1743
1745 1744 1742
1745 1743 1746
1747 1745 1746
1747 1748 1745
1745 1748 1744
1747 1749 1748
1749 1744 1748
1747 1750 1749
1749 1750 1731
1730 1744 1751
1749 1751 1744
1749 1731 1751
1730 1751 1731
1752 1753 1754
1752 1754 1755
1752 1755 1756
1752 1756 1757
1754 1758 1755
1754 1759 1758
1760 1757 1756
1760 1761 1757
1760 1762 1761
1755 1763 1756
1755 1758 1763
1760 1756 1763
1764 1758 1759
1764 1759 1765
1760 1766 1762
1767 1762 1766
1758 1764 1768
1758 1768 1763
1769 1764 1765
1768 1764 1769
1769 1765 1770
1768 1769 1771
1772 1768 1771
1763 1768 1772
1772 1771 1773
1760 1763 1774
1766 1760 1774
1763 1772 1774
1767 1766 1775
1766 1774 1775
1776 1767 1775
1777 1772 1773
1777 1774 1772
1777 1773 1776
1776 1775 1777
1777 1775 1774
1778 1779 1780
1779 1781 1780
1778 1782 1779
1782 1778 1783
1782 1783 1784
1784 1783 1785
1784 1785 1786
1787 1786 1785
1788 1782 1784
1786 1788 1784
1787 1789 1786
1790 1789 1787
1786 1791 1788
1789 1791 1786
1779 1792 1781
1793 1781 1792
1794 1781 1793
1793 1795 1794
1796 1795 1793
1796 1793 1797
1798 1779 1782
1779 1798 1792
1797 1793 1799
1800 1797 1799
1801 1793 1792
1799 1793 1801
1801 1792 1798
1800 1799 1802
1801 1802 1799
1803 1800 1802
1798 1782 1804
1788 1804 1782
1801 1798 1805
1804 1805 1798
1803 1802 1806
1806 1807 1803
1806 1808 1807
1808 1806 1809
1808 1809 1810
1801 1811 1802
1811 1806 1802
1811 1801 1805
1811 1809 1806
1812 1804 1788
1804 1812 1805
1811 1805 1813
1813 1809 1811
1813 1805 1812
1809 1814 1810
1815 1810 1814
1816 1815 1814
1812 1788 1817
1791 1817 1788
1816 1814 1818
1819 1816 1818
1820 1814 1809
1814 1821 1818
1814 1820 1821
1820 1809 1822
1813 1822 1809
1822 1821 1820
1819 1818 1823
1823 1818 1821
1824 1819 1823
1824 1825 1819
1823 1821 1826
1826 1824 1823
1825 1824 1827
1825 1827 1828
1829 1828 1827
1822 1830 1821
1826 1821 1830
1826 1831 1824
1827 1824 1831
1826 1830 1832
1832 1831 1826
1832 1833 1831
1834 1830 1822
1834 1832 1830
1827 1831 1835
1833 1835 1831
1829 1827 1836
1836 1827 1835
1829 1836 1837
1829 1837 1838
1836 1835 1839
1839 1837 1836
1834 1822 1840
1834 1840 1841
1840 1822 1813
1840 1813 1842
1841 1840 1842
1813 1812 1842
1812 1843 1842
1841 1842 1843
1812 1817 1843
1838 1837 1844
1838 1844 1845
1844 1846 1845
1844 1847 1846
1848 1846 1847
1848 1847 1849
1850 1849 1847
1849 1851 1848
1844 1852 1847
1850 1847 1852
1837 1853 1844
1844 1853 1852
1849 1854 1851
1850 1854 1849
1854 1855 1851
1850 1855 1854
1851 1855 1856
1857 1856 1855
1850 1857 1855
1856 1857 1858
1858 1857 1859
1850 1859 1857
1858 1859 1860
1861 1859 1850
1860 1859 1861
1861 1850 1852
1860 1861 1862
1863 1861 1852
1862 1861 1863
1863 1852 1853
1862 1863 1864
1865 1863 1853
1837 1865 1853
1839 1865 1837
1866 1864 1863
1865 1866 1863
1866 1867 1864
1868 1867 1866
1869 1866 1865
1868 1866 1869
1869 1865 1839
1870 1868 1869
1839 1871 1869
1870 1869 1871
1839 1835 1871
1872 1870 1871
1833 1871 1835
1872 1871 1833
1873 1872 1833
1873 1833 1874
1875 1873 1874
1875 1876 1873
1874 1833 1877
1875 1874 1877
1877 1833 1832
1834 1877 1832
1877 1834 1878
1877 1878 1875
1834 1841 1878
1876 1875 1879
1879 1875 1878
1876 1879 1880
1879 1878 1881
1881 1878 1841
1882 1880 1879
1882 1879 1881
1882 1883 1880
1883 1882 1884
1883 1884 1885
1886 1885 1884
1882 1881 1887
1887 1884 1882
1881 1841 1888
1887 1881 1888
1841 1889 1888
1889 1841 1843
1887 1888 1890
1890 1888 1889
1887 1891 1884
1890 1891 1887
1886 1884 1892
1892 1884 1891
1886 1892 1893
1886 1893 1894
1894 1893 1895
1895 1896 1894
1889 1843 1897
1890 1889 1898
1898 1889 1897
1843 1899 1897
1897 1899 1900
1843 1817 1899
1899 1817 1901
1791 1901 1817
1902 1901 1791
1903 1899 1901
1903 1900 1899
1902 1903 1901
1898 1897 1904
1897 1900 1904
1902 1791 1905
1789 1905 1791
1905 1789 1906
1790 1906 1789
1907 1902 1905
1905 1906 1907
1790 1908 1906
1790 1909 1908
1910 1908 1909
1906 1911 1907
1906 1908 1911
1910 1912 1908
1912 1911 1908
1913 1912 1910
1907 1914 1902
1914 1907 1911
1913 1915 1912
1915 1913 1916
1915 1916 1917
1918 1917 1916
1912 1919 1911
1920 1912 1915
1920 1919 1912
1915 1917 1921
1915 1921 1920
1918 1922 1917
1922 1921 1917
1914 1911 1923
1919 1923 1911
1924 1922 1918
1924 1918 1925
1926 1924 1925
1926 1927 1924
1928 1927 1926
1928 1929 1927
1930 1927 1929
1929 1928 1931
1929 1931 1932
1932 1930 1929
1933 1932 1931
1934 1924 1927
1930 1934 1927
1935 1922 1924
1934 1935 1924
1933 1936 1932
1932 1936 1930
1937 1936 1933
1930 1936 1937
1937 1933 1938
1939 1937 1938
1930 1937 1939
1939 1938 1940
1930 1939 1941
1940 1941 1939
1930 1941 1934
1940 1942 1941
1934 1941 1943
1942 1943 1941
1934 1943 1935
1944 1935 1943
1942 1945 1943
1945 1944 1943
1945 1946 1944
1944 1946 1947
1944 1948 1935
1935 1948 1922
1922 1948 1921
1921 1948 1944
1944 1947 1949
1921 1944 1949
1950 1949 1947
1920 1921 1949
1950 1951 1949
1920 1949 1951
1951 1919 1920
1952 1951 1950
1951 1953 1919
1952 1953 1951
1919 1953 1923
1923 1953 1952
1923 1952 1954
1923 1954 1955
1923 1955 1914
1956 1914 1955
1956 1955 1957
1956 1902 1914
1956 1957 1958
1902 1956 1959
1956 1958 1959
1903 1902 1959
1960 1959 1958
1960 1958 1961
1903 1959 1962
1900 1903 1962
1963 1962 1959
1963 1959 1960
1960 1964 1963
1961 1965 1960
1960 1965 1964
1961 1966 1965
1965 1966 1967
1963 1968 1962
1900 1962 1968
1965 1967 1969
1964 1965 1969
1963 1970 1968
1964 1970 1963
1967 1971 1969
1967 1972 1971
1973 1971 1972
1968 1974 1900
1900 1974 1975
1975 1904 1900
1976 1968 1970
1976 1977 1968
1977 1974 1968
1977 1978 1974
1979 1974 1978
1979 1975 1974
1980 1976 1970
1980 1981 1976
1982 1981 1980
1964 1980 1970
1982 1980 1983
1983 1980 1964
1984 1982 1983
1979 1985 1975
1979 1986 1985
1987 1985 1986
1983 1964 1988
1964 1969 1988
1969 1989 1988
1989 1983 1988
1969 1971 1989
1984 1983 1990
1989 1990 1983
1984 1990 1991
1989 1991 1990
1984 1991 1992
1971 1993 1989
1989 1993 1991
1992 1991 1994
1992 1994 1995
1996 1995 1994
1991 1997 1994
1991 1993 1997
1993 1998 1997
1971 1999 1993
1993 1999 1998
1973 1999 1971
1998 1999 1973
1998 1973 2000
1998 2000 2001
1996 1994 2002
2002 1994 1997
2003 1996 2002
1998 2004 1997
2002 1997 2004
1998 2001 2005
1998 2005 2004
2005 2001 2006
2003 2002 2007
2007 2002 2004
2008 2003 2007
2009 2004 2005
2007 2004 2009
2005 2006 2010
2009 2005 2010
2011 2010 2006
2007 2009 2012
2012 2009 2010
2011 2013 2010
2012 2010 2013
2014 2013 2011
2014 2012 2013
2012 2014 2008
2008 2007 2015
2007 2012 2015
2012 2008 2015
2016 2017 1987
1987 2017 1985
2016 2018 2017
1985 2017 2019
2019 2017 2018
2016 2020 2018
2016 2021 2020
2022 2020 2021
1985 2019 2023
2023 1975 1985
2023 2024 1975
1975 2024 1904
1904 2024 2025
2023 2025 2024
1904 2025 1898
2019 2018 2026
2023 2019 2027
2027 2019 2026
2018 2020 2028
2018 2028 2026
2020 2029 2028
2022 2030 2020
2020 2030 2029
2031 2030 2022
2029 2030 2031
2031 2022 2032
2033 2031 2032
2026 2028 2034
2029 2034 2028
2023 2035 2025
2023 2027 2035
2027 2026 2036
2026 2034 2036
2033 2037 2031
2037 2033 2038
2035 2027 2039
2039 2027 2036
2035 2039 2040
2039 2036 2041
2042 2041 2036
2042 2036 2034
2035 2040 2043
2035 2043 2025
2034 2044 2042
2043 2045 2025
2043 2046 2045
2045 1898 2025
2047 2045 2046
1898 2045 2048
2047 2048 2045
1890 1898 2048
2034 2049 2044
2029 2049 2034
2044 2049 2050
2050 2049 2029
2044 2050 2051
2052 2051 2050
2050 2029 2053
2029 2031 2053
2052 2050 2054
2053 2054 2050
2055 2052 2054
2055 2054 2056
2056 2057 2055
2031 2058 2053
2053 2058 2054
2054 2058 2056
2031 2037 2058
2037 2056 2058
2037 2059 2056
2037 2038 2059
2060 2059 2038
2060 2061 2059
2057 2061 2060
2061 2056 2059
2057 2062 2061
2056 2062 2057
2061 2062 2056
1890 2063 1891
1890 2048 2063
2063 2064 1891
1892 1891 2064
2048 2065 2063
2063 2065 2064
1892 2064 2066
1892 2066 1893
2048 2067 2065
2068 2065 2067
2067 2048 2047
2067 2047 2069
2069 2068 2067
2069 2070 2068
2068 2070 2071
2064 2065 2072
2064 2072 2066
2068 2072 2065
1893 2066 2073
1893 2073 1895
2066 2072 2074
2074 2072 2068
2066 2074 2073
2068 2071 2075
2074 2068 2075
2076 2075 2071
2074 2075 2076
2076 2071 2077
2077 2078 2076
2077 2079 2078
2078 2079 2080
2074 2076 2081
2081 2073 2074
2078 2081 2076
2082 1895 2073
2081 2082 2073
2078 2080 2083
2084 2083 2080
2078 2085 2081
2085 2082 2081
2082 2086 1895
1895 2086 1896
2087 2085 2078
2087 2078 2083
2085 2088 2082
2086 2082 2088
2087 2088 2085
2086 2089 1896
2086 2088 2089
1896 2089 2090
2084 2091 2083
2091 2084 2092
2087 2093 2088
2089 2088 2093
2090 2089 2094
2089 2093 2094
2095 2090 2094
2083 2096 2087
2083 2091 2096
2093 2087 2096
2097 2096 2091
2091 2092 2098
2097 2091 2098
2098 2092 2099
2095 2094 2100
2093 2100 2094
2100 2101 2095
2093 2096 2102
2093 2102 2100
2097 2102 2096
2098 2099 2103
2103 2097 2098
2104 2103 2099
2100 2105 2101
2105 2100 2102
2106 2101 2105
2106 2105 2107
2105 2102 2108
2107 2105 2108
2097 2108 2102
2107 2108 2109
2109 2104 2107
2097 2109 2108
2104 2110 2103
2103 2110 2097
2097 2110 2109
2109 2110 2104
2111 2112 2113
2113 2112 2114
2111 2113 2115
2115 2116 2111
2115 2117 2116
2117 2118 2116
2117 2119 2118
2120 2118 2119
2121 2117 2115
2119 2117 2121
2120 2119 2122
2123 2120 2122
2119 2121 2124
2122 2119 2124
2113 2114 2125
2126 2125 2114
2127 2126 2114
2126 2127 2128
2129 2126 2128
2129 2130 2126
2131 2115 2113
2113 2125 2131
2130 2132 2126
2133 2132 2130
2134 2125 2126
2132 2134 2126
2134 2131 2125
2133 2135 2132
2134 2132 2135
2136 2135 2133
2131 2137 2115
2121 2115 2137
2134 2138 2131
2137 2131 2138
2136 2139 2135
2139 2136 2140
2139 2140 2141
2141 2142 2139
2141 2143 2142
2134 2135 2144
2144 2135 2139
2144 2138 2134
2144 2139 2142
2145 2121 2137
2137 2138 2145
2144 2146 2138
2146 2144 2142
2146 2145 2138
2142 2143 2147
2148 2147 2143
2149 2147 2148
2145 2150 2121
2124 2121 2150
2149 2151 2147
2152 2151 2149
2153 2142 2147
2147 2151 2154
2147 2154 2153
2153 2155 2142
2146 2142 2155
2155 2153 2154
2152 2156 2151
2156 2154 2151
2157 2156 2152
2157 2152 2158
2156 2159 2154
2159 2156 2157
2158 2160 2157
2158 2161 2160
2162 2160 2161
2155 2154 2163
2159 2163 2154
2159 2157 2164
2160 2164 2157
2159 2165 2163
2165 2159 2164
2165 2164 2166
2167 2155 2163
2167 2163 2165
2160 2168 2164
2166 2164 2168
2162 2169 2160
2169 2168 2160
2162 2170 2169
2162 2171 2170
2169 2172 2168
2172 2169 2170
2167 2173 2155
2167 2174 2173
2173 2146 2155
2173 2175 2146
2174 2175 2173
2146 2175 2145
2145 2175 2176
2174 2176 2175
2145 2176 2150
2171 2177 2170
2171 2178 2177
2177 2178 2179
2177 2179 2180
2181 2180 2179
2181 2182 2180
2183 2180 2182
2182 2181 2184
2177 2180 2185
2183 2185 2180
2170 2177 2186
2177 2185 2186
2182 2184 2187
2183 2182 2187
2187 2184 2188
2183 2187 2188
2184 2189 2188
2190 2188 2189
2183 2188 2190
2189 2191 2190
2191 2192 2190
2183 2190 2192
2191 2193 2192
2194 2183 2192
2193 2194 2192
2194 2185 2183
2193 2195 2194
2196 2185 2194
2195 2196 2194
2196 2186 2185
2195 2197 2196
2198 2186 2196
2170 2186 2198
2172 2170 2198
2199 2196 2197
2198 2196 2199
2199 2197 2200
2201 2199 2200
2202 2198 2199
2201 2202 2199
2202 2172 2198
2203 2202 2201
2172 2202 2204
2203 2204 2202
2172 2204 2168
2205 2204 2203
2166 2168 2204
2205 2166 2204
2206 2166 2205
2206 2207 2166
2208 2207 2206
2208 2206 2209
2207 2210 2166
2208 2210 2207
2210 2165 2166
2167 2165 2210
2210 2211 2167
2210 2208 2211
2167 2211 2174
2209 2212 2208
2212 2211 2208
2209 2213 2212
2212 2214 2211
2214 2174 2211
2215 2212 2213
2215 2214 2212
2215 2213 2216
2216 2217 2215
2216 2218 2217
2219 2217 2218
2215 2220 2214
2220 2215 2217
2214 2221 2174
2220 2221 2214
2174 2221 2222
2222 2176 2174
2220 2223 2221
2223 2222 2221
2220 2217 2224
2223 2220 2224
2219 2225 2217
2225 2224 2217
2219 2226 2225
2219 2227 2226
2227 2228 2226
2228 2227 2229
2222 2230 2176
2223 2231 2222
2231 2230 2222
2176 2230 2232
2230 2233 2232
2176 2232 2150
2232 2234 2150
2124 2150 2234
2235 2124 2234
2236 2234 2232
2236 2232 2233
2235 2234 2236
2231 2237 2230
2230 2237 2233
2235 2238 2124
2122 2124 2238
2238 2239 2122
2123 2122 2239
2240 2238 2235
2238 2240 2239
2123 2239 2241
2123 2241 2242
2243 2242 2241
2239 2240 2244
2239 2244 2241
2243 2241 2245
2245 2241 2244
2246 2243 2245
2240 2235 2247
2247 2244 2240
2246 2245 2248
2248 2249 2246
2248 2250 2249
2251 2249 2250
2245 2244 2252
2253 2248 2245
2253 2245 2252
2248 2254 2250
2248 2253 2254
2251 2250 2255
2255 2250 2254
2247 2256 2244
2252 2244 2256
2257 2251 2255
2257 2258 2251
2259 2258 2257
2259 2257 2260
2261 2259 2260
2261 2260 2262
2263 2262 2260
2262 2264 2261
2262 2265 2264
2265 2262 2263
2266 2264 2265
2267 2260 2257
2263 2260 2267
2268 2257 2255
2267 2257 2268
2266 2265 2269
2265 2263 2269
2270 2266 2269
2263 2270 2269
2270 2271 2266
2272 2271 2270
2263 2272 2270
2272 2273 2271
2263 2274 2272
2273 2272 2274
2263 2267 2274
2273 2274 2275
2267 2276 2274
2275 2274 2276
2267 2268 2276
2277 2276 2268
2275 2276 2278
2278 2276 2277
2278 2277 2279
2277 2280 2279
2277 2268 2281
2268 2255 2281
2255 2254 2281
2254 2277 2281
2277 2282 2280
2254 2282 2277
2283 2280 2282
2253 2282 2254
2283 2282 2284
2253 2284 2282
2284 2253 2252
2285 2283 2284
2284 2252 2286
2285 2284 2286
2252 2256 2286
2256 2285 2286
2256 2287 2285
2256 2288 2287
2256 2247 2288
2289 2288 2247
2289 2290 2288
2289 2247 2235
2289 2291 2290
2235 2292 2289
2289 2292 2291
2236 2292 2235
2293 2291 2292
2293 2294 2291
2236 2295 2292
2233 2295 2236
2296 2292 2295
2296 2293 2292
2293 2296 2297
2294 2293 2298
2293 2297 2298
2294 2298 2299
2298 2300 2299
2296 2295 2301
2233 2301 2295
2298 2302 2300
2297 2302 2298
2296 2301 2303
2297 2296 2303
2300 2302 2304
2300 2304 2305
2306 2305 2304
2301 2233 2307
2233 2308 2307
2308 2233 2237
2309 2303 2301
2309 2301 2310
2310 2301 2307
2310 2307 2311
2312 2311 2307
2312 2307 2308
2313 2303 2309
2313 2309 2314
2315 2313 2314
2297 2303 2313
2315 2316 2313
2316 2297 2313
2317 2316 2315
2312 2308 2318
2312 2318 2319
2320 2319 2318
2316 2321 2297
2297 2321 2302
2302 2321 2322
2322 2321 2316
2302 2322 2304
2317 2323 2316
2322 2316 2323
2317 2324 2323
2322 2323 2324
2317 2325 2324
2304 2322 2326
2322 2324 2326
2325 2327 2324
2325 2328 2327
2329 2327 2328
2324 2327 2330
2324 2330 2326
2326 2330 2331
2304 2326 2332
2326 2331 2332
2306 2304 2332
2331 2306 2332
2331 2333 2306
2331 2334 2333
2329 2335 2327
2335 2330 2327
2336 2335 2329
2331 2330 2337
2335 2337 2330
2331 2338 2334
2331 2337 2338
2338 2339 2334
2336 2340 2335
2340 2337 2335
2341 2340 2336
2342 2338 2337
2340 2342 2337
2338 2343 2339
2342 2343 2338
2344 2339 2343
2340 2345 2342
2345 2343 2342
2344 2343 2346
2345 2346 2343
2347 2344 2346
2347 2346 2345
2345 2341 2347
2341 2348 2340
2340 2348 2345
2345 2348 2341
2349 2320 2350
2320 2318 2350
2349 2350 2351
2318 2352 2350
2352 2351 2350
2349 2351 2353
2349 2353 2354
2355 2354 2353
2318 2356 2352
2356 2318 2308
2356 2308 2357
2308 2237 2357
2237 2358 2357
2356 2357 2358
2237 2231 2358
2352 2359 2351
2356 2360 2352
2360 2359 2352
2351 2361 2353
2351 2359 2361
2353 2361 2362
2355 2353 2363
2353 2362 2363
2364 2355 2363
2362 2364 2363
2364 2365 2355
2366 2365 2364
2359 2367 2361
2362 2361 2367
2356 2358 2368
2356 2368 2360
2360 2369 2359
2359 2369 2367
2366 2364 2370
2370 2371 2366
2368 2372 2360
2372 2369 2360
2368 2373 2372
2372 2374 2369
2375 2369 2374
2375 2367 2369
2368 2376 2373
2368 2358 2376
2367 2375 2377
2376 2358 2378
2376 2378 2379
2378 2358 2231
2380 2379 2378
2231 2381 2378
2380 2378 2381
2223 2381 2231
2367 2377 2382
2362 2367 2382
2377 2383 2382
2383 2362 2382
2377 2384 2383
2385 2383 2384
2383 2386 2362
2362 2386 2364
2385 2387 2383
2386 2383 2387
2388 2387 2385
2388 2389 2387
2389 2388 2390
2364 2386 2391
2386 2387 2391
2387 2389 2391
2364 2391 2370
2370 2391 2389
2370 2389 2392
2370 2392 2371
2393 2371 2392
2393 2392 2394
2390 2393 2394
2394 2392 2389
2390 2394 2395
2389 2390 2395
2394 2389 2395
2223 2224 2396
2223 2396 2381
2396 2224 2397
2225 2397 2224
2381 2396 2398
2396 2397 2398
2225 2399 2397
2225 2226 2399
2381 2398 2400
2401 2400 2398
2400 2380 2381
2400 2402 2380
2402 2400 2401
2402 2401 2403
2401 2404 2403
2397 2405 2398
2397 2399 2405
2401 2398 2405
2226 2406 2399
2226 2228 2406
2399 2407 2405
2407 2401 2405
2399 2406 2407
2401 2408 2404
2407 2408 2401
2409 2404 2408
2407 2409 2408
2409 2410 2404
2410 2409 2411
2410 2411 2412
2411 2413 2412
2407 2414 2409
2414 2407 2406
2411 2409 2414
2415 2406 2228
2414 2406 2415
2411 2416 2413
2417 2413 2416
2411 2414 2418
2418 2414 2415
2415 2228 2419
2228 2229 2419
2420 2411 2418
2420 2416 2411
2418 2415 2421
2419 2421 2415
2420 2418 2421
2419 2229 2422
2419 2422 2421
2229 2423 2422
2417 2416 2424
2424 2425 2417
2420 2421 2426
2422 2426 2421
2423 2427 2422
2422 2427 2426
2428 2427 2423
2416 2420 2429
2416 2429 2424
2426 2429 2420
2430 2424 2429
2424 2431 2425
2430 2431 2424
2431 2432 2425
2428 2433 2427
2426 2427 2433
2433 2428 2434
2426 2435 2429
2426 2433 2435
2430 2429 2435
2431 2436 2432
2436 2431 2430
2437 2432 2436
2433 2434 2438
2438 2435 2433
2439 2438 2434
2439 2440 2438
2438 2441 2435
2440 2441 2438
2430 2435 2441
2440 2442 2441
2442 2440 2437
2430 2441 2442
2437 2436 2443
2436 2430 2443
2430 2442 2443
2442 2437 2443
2444 2445 2446
2447 2446 2445
2444 2446 2448
2449 2444 2448
2447 2450 2446
2450 2447 2451
2449 2448 2452
2453 2449 2452
2448 2446 2454
2454 2446 2450
2448 2454 2452
2453 2452 2455
2455 2452 2454
2456 2453 2455
2450 2451 2457
2454 2450 2457
2456 2455 2458
2459 2456 2458
2455 2454 2460
2457 2460 2454
2458 2455 2460
2461 2457 2451
2457 2461 2460
2461 2451 2462
2461 2462 2463
2461 2463 2464
2464 2460 2461
2464 2463 2465
2458 2460 2466
2464 2466 2460
2459 2458 2467
2466 2467 2458
2464 2468 2466
2464 2465 2468
2466 2468 2467
2465 2469 2468
2470 2459 2467
2470 2471 2459
2470 2472 2471
2465 2473 2469
2465 2474 2473
2467 2475 2470
2467 2476 2475
2470 2477 2472
2477 2470 2475
2478 2472 2477
2479 2469 2473
2479 2480 2469
2474 2481 2473
2474 2482 2481
2473 2481 2483
2473 2483 2479
2482 2484 2481
2484 2483 2481
2482 2485 2484
2485 2486 2484
2485 2487 2486
2486 2487 2488
2486 2489 2484
2484 2489 2483
2486 2488 2490
2486 2490 2489
2490 2488 2491
2490 2491 2492
2489 2490 2492
2492 2491 2493
2489 2492 2494
2492 2493 2494
2483 2489 2494
2494 2493 2495
2483 2494 2496
2494 2495 2496
2479 2483 2496
2495 2497 2496
2479 2496 2497
2495 2498 2497
2497 2480 2479
2497 2498 2499
2497 2500 2480
2497 2499 2500
2501 2500 2499
2502 2480 2500
2502 2500 2501
2502 2501 2503
2502 2503 2504
2503 2505 2504
2503 2506 2505
2505 2506 2507
2505 2507 2508
2509 2508 2507
2509 2510 2508
2511 2510 2509
2511 2509 2512
2513 2511 2512
2513 2514 2511
2515 2514 2513
2515 2516 2514
2517 2516 2515
2517 2515 2518
2519 2517 2518
2519 2518 2520
2519 2520 2521
2519 2521 2522
2521 2523 2522
2521 2524 2523
2525 2523 2524
2525 2524 2526
2527 2525 2526
2527 2528 2525
2529 2528 2527
2529 2530 2528
2529 2531 2530
2529 2532 2531
2533 2531 2532
2533 2532 2534
2535 2533 2534
2535 2534 2536
2537 2535 2536
2538 2531 2533
2539 2538 2533
2539 2533 2535
2535 2540 2539
2531 2538 2541
2539 2541 2538
2531 2541 2542
2537 2543 2535
2535 2543 2540
2544 2543 2537
2544 2540 2543
2544 2537 2545
2545 2546 2544
2544 2546 2540
2545 2547 2546
2546 2547 2548
2546 2548 2549
2549 2540 2546
2550 2549 2548
2540 2551 2539
2539 2551 2541
2549 2552 2540
2550 2552 2549
2540 2552 2551
2550 2551 2552
2550 2553 2551
2541 2551 2553
2541 2553 2554
2542 2541 2554
2542 2554 2555
2556 2542 2555
2556 2555 2557
2558 2542 2556
2558 2476 2542
2559 2556 2557
2559 2557 2560
2559 2560 2561
2562 2556 2559
2562 2558 2556
2559 2561 2563
2563 2562 2559
2563 2561 2564
2563 2564 2565
2563 2566 2562
2565 2566 2563
2567 2565 2564
2567 2564 2568
2567 2569 2565
2565 2569 2566
2568 2570 2567
2567 2570 2569
2568 2571 2570
2572 2570 2571
2572 2573 2570
2569 2570 2573
2574 2573 2572
2569 2573 2575
2575 2566 2569
2574 2575 2573
2575 2576 2566
2574 2576 2575
2576 2562 2566
2574 2577 2576
2576 2578 2562
2577 2578 2576
2578 2558 2562
2577 2579 2578
2578 2580 2558
2579 2580 2578
2579 2581 2580
2580 2581 2582
2580 2476 2558
2580 2582 2476
2476 2582 2583
2476 2583 2584
2475 2476 2584
2585 2584 2583
2585 2583 2586
2587 2585 2586
2588 2475 2584
2588 2584 2585
2477 2475 2588
2587 2589 2585
2588 2585 2589
2588 2590 2477
2478 2477 2590
2587 2591 2589
2587 2592 2591
2588 2589 2593
2588 2593 2590
2589 2594 2593
2590 2593 2594
2589 2591 2594
2595 2478 2590
2590 2594 2595
2595 2596 2478
2597 2596 2595
2594 2597 2595
2597 2598 2596
2594 2599 2597
2598 2597 2599
2591 2599 2594
2598 2599 2600
2601 2600 2599
2592 2601 2602
2592 2602 2591
2601 2599 2602
2591 2602 2599
2603 2604 2605
2606 2603 2605
2603 2607 2604
2606 2608 2603
2609 2604 2607
2609 2607 2610
2611 2608 2606
2612 2609 2610
2612 2613 2609
2614 2613 2612
2614 2612 2615
2616 2614 2615
2616 2615 2617
2618 2616 2617
2618 2619 2616
2620 2619 2618
2620 2621 2619
2620 2622 2621
2620 2623 2622
2622 2623 2624
2622 2624 2625
2626 2625 2624
2626 2627 2625
2628 2627 2626
2628 2626 2629
2630 2628 2629
2630 2629 2631
2630 2631 2632
2630 2632 2633
2634 2633 2632
2634 2635 2633
2636 2635 2634
2636 2637 2635
2638 2637 2636
2639 2634 2632
2640 2634 2639
2640 2636 2634
2636 2640 2641
2632 2642 2639
2640 2639 2642
2632 2643 2642
2638 2636 2644
2636 2641 2644
2645 2638 2644
2645 2644 2641
2645 2646 2638
2646 2645 2647
2645 2641 2647
2646 2647 2648
2647 2649 2648
2647 2650 2649
2650 2647 2641
2651 2649 2650
2641 2640 2652
2640 2642 2652
2650 2641 2653
2651 2650 2653
2641 2652 2653
2651 2653 2652
2651 2652 2654
2642 2654 2652
2642 2655 2654
2643 2655 2642
2643 2656 2655
2657 2656 2643
2657 2658 2656
2659 2657 2643
2659 2643 2660
2661 2658 2657
2661 2662 2658
2661 2663 2662
2664 2661 2657
2664 2657 2659
2661 2665 2663
2665 2661 2664
2665 2666 2663
2665 2667 2666
2665 2664 2668
2667 2665 2668
2669 2666 2667
2669 2670 2666
2669 2667 2671
2667 2668 2671
2670 2669 2672
2669 2671 2672
2670 2672 2673
2674 2673 2672
2674 2672 2675
2671 2675 2672
2676 2674 2675
2671 2677 2675
2677 2671 2668
2676 2675 2677
2677 2668 2678
2676 2677 2678
2678 2668 2664
2676 2678 2679
2678 2664 2680
2679 2678 2680
2680 2664 2659
2679 2680 2681
2680 2659 2682
2681 2680 2682
2681 2682 2683
2682 2684 2683
2682 2659 2660
2682 2660 2684
2660 2685 2684
2660 2686 2685
2687 2686 2660
2688 2687 2660
2689 2685 2686
2689 2690 2685
2691 2690 2689
2692 2689 2686
2692 2686 2687
2691 2689 2693
2692 2693 2689
2691 2693 2694
2691 2694 2695
2695 2694 2696
2695 2696 2697
2697 2696 2698
2694 2698 2696
2697 2698 2699
2700 2699 2698
2693 2701 2694
2694 2701 2698
2700 2698 2702
2701 2702 2698
2702 2703 2700
2702 2704 2703
2701 2704 2702
2704 2705 2703
2693 2706 2701
2692 2706 2693
2707 2704 2701
2707 2701 2706
2704 2707 2705
2692 2707 2706
2705 2707 2708
2692 2708 2707
2705 2708 2709
2708 2692 2687
2710 2709 2708
2708 2687 2710
2710 2711 2709
2688 2710 2687
2710 2712 2711
2710 2688 2712
2712 2688 2713
2712 2713 2714
2715 2713 2688
2715 2688 2716
2714 2713 2717
2714 2717 2718
2713 2715 2719
2713 2719 2717
2720 2715 2716
2720 2719 2715
2718 2717 2721
2718 2721 2722
2717 2723 2721
2717 2719 2723
2722 2721 2724
2724 2721 2723
2722 2724 2725
2725 2724 2726
2724 2723 2726
2725 2726 2727
2728 2727 2726
2728 2726 2729
2723 2729 2726
2729 2730 2728
2723 2731 2729
2731 2723 2719
2729 2731 2730
2731 2719 2732
2732 2730 2731
2732 2733 2730
2732 2734 2733
2720 2732 2719
2732 2720 2734
2720 2735 2734
2720 2716 2735
2735 2716 2736
2735 2736 2737
2735 2737 2738
2739 2737 2736
2739 2736 2740
2738 2737 2741
2738 2741 2742
2737 2743 2741
2737 2739 2743
2742 2741 2744
2744 2741 2743
2742 2744 2745
2745 2744 2746
2745 2746 2747
2746 2748 2747
2746 2744 2749
2744 2743 2749
2746 2750 2748
2746 2749 2750
2750 2751 2748
2750 2752 2751
2749 2752 2750
2752 2753 2751
2749 2754 2752
2752 2754 2753
2743 2754 2749
2754 2755 2753
2743 2756 2754
2754 2756 2755
2739 2756 2743
2755 2756 2757
2739 2757 2756
2755 2757 2758
2757 2739 2740
2757 2759 2758
2757 2740 2760
2757 2760 2759
2611 2760 2740
2761 2759 2760
2611 2761 2760
2611 2606 2761
