byte offset: 0
first index: 0
index count: 18075
topology: trianglelist
format: DXGI_FORMAT_R16_UINT

0 1 2
2 3 4
5 2 6
7 5 8
9 7 10
11 7 9
11 9 12
13 14 15
16 17 18
19 20 18
19 18 21
22 21 18
22 18 23
22 23 24
22 25 21
22 24 26
22 26 25
26 24 27
27 24 28
29 28 24
29 30 28
25 31 21
21 31 32
21 32 33
34 21 33
27 35 26
36 27 28
37 35 27
36 37 27
35 37 38
38 37 39
39 37 36
36 40 39
41 35 38
36 42 40
28 42 36
43 40 42
41 44 35
44 41 45
46 26 35
46 35 44
44 45 47
47 46 44
47 45 48
28 49 42
28 50 49
43 42 51
51 42 49
51 49 52
49 53 52
51 54 43
51 55 54
52 55 51
56 54 55
56 55 57
57 58 56
47 48 59
47 59 60
59 48 61
62 59 61
62 60 59
62 61 63
62 63 64
65 64 63
52 66 55
57 55 66
67 66 52
57 68 58
69 58 68
69 68 70
57 66 71
71 68 57
72 71 66
72 73 71
70 68 74
71 74 68
73 74 71
70 74 75
75 74 76
73 76 74
75 76 77
78 76 73
76 79 77
79 76 80
81 82 73
83 84 52
85 86 52
85 52 87
88 89 90
91 92 93
93 94 95
93 95 96
93 97 98
93 98 99
100 93 99
100 99 101
99 102 103
99 103 104
105 106 99
105 107 106
108 109 110
111 112 113
114 111 115
114 115 116
117 118 119
120 121 122
123 124 125
126 127 125
126 128 127
129 130 131
132 130 133
130 134 135
136 137 134
136 134 138
139 136 138
139 140 136
141 142 143
141 144 145
141 146 144
146 147 148
146 148 149
150 151 152
151 153 154
151 154 155
156 151 155
157 151 156
157 156 158
159 156 155
156 160 158
159 160 156
160 161 158
161 162 158
163 158 162
163 162 164
165 159 155
155 166 165
155 167 166
168 167 155
165 166 169
165 169 170
170 169 171
170 171 172
165 170 173
165 174 159
165 173 174
170 172 175
170 175 173
159 174 176
174 173 177
174 177 176
173 175 178
173 178 177
159 176 179
179 160 159
172 180 175
180 178 175
177 181 176
179 176 181
179 182 160
182 183 160
161 160 183
172 184 180
172 185 184
172 186 185
184 187 180
180 188 178
188 180 187
184 189 187
190 187 189
191 189 184
191 192 189
188 187 193
190 193 187
190 189 194
194 189 195
194 195 196
190 194 197
190 197 198
199 178 188
188 193 200
188 200 199
199 201 178
177 178 201
177 201 202
177 202 181
190 203 193
190 204 203
190 205 204
193 203 206
200 193 206
203 207 206
203 208 207
209 199 200
210 201 199
199 209 210
210 209 211
210 212 201
211 212 210
202 201 212
206 213 200
200 213 209
206 214 213
206 215 214
202 212 216
216 181 202
217 211 209
217 209 213
211 218 212
216 212 218
216 219 181
216 218 220
220 219 216
221 218 211
220 218 221
222 181 219
179 181 222
179 222 223
179 223 182
222 219 224
220 225 219
224 219 225
226 222 224
226 223 222
227 223 226
182 223 228
223 227 228
224 225 229
226 224 229
220 230 225
229 225 230
226 229 231
227 226 231
220 221 232
220 232 230
233 232 221
182 228 234
182 234 183
235 231 229
229 230 235
235 236 231
230 232 237
233 237 232
235 230 238
230 237 238
237 239 238
235 238 240
240 236 235
239 240 238
233 221 241
221 211 241
242 237 233
237 242 239
243 241 211
243 211 217
231 236 244
245 231 244
231 245 227
233 241 246
247 246 241
247 241 243
248 233 246
247 248 246
242 233 249
248 249 233
250 249 248
247 251 248
251 250 248
243 252 247
252 251 247
242 249 253
250 253 249
243 254 252
217 254 243
254 255 252
254 256 255
217 257 254
257 258 254
257 259 258
217 213 257
213 260 257
213 261 260
242 253 262
262 239 242
253 263 262
253 264 263
250 264 253
262 265 239
262 263 266
262 266 265
267 239 265
265 266 268
265 268 267
267 269 239
239 269 240
240 269 270
271 269 267
271 270 269
267 268 272
267 272 271
273 268 266
273 272 268
274 266 263
273 266 274
275 263 264
274 263 275
240 270 276
240 276 236
277 276 270
277 236 276
236 277 278
270 278 277
236 278 279
236 279 244
275 264 280
274 275 281
280 281 275
273 274 282
274 281 282
280 264 283
250 283 264
284 244 279
285 279 278
284 279 285
286 244 284
286 245 244
245 286 287
245 287 227
280 283 288
289 283 250
288 283 289
288 290 280
280 290 281
291 289 250
251 291 250
291 251 292
252 292 251
293 292 252
293 294 292
291 292 295
296 295 292
296 297 295
298 291 295
298 289 291
299 298 295
299 300 298
301 289 298
288 289 301
302 301 298
303 302 298
303 304 302
305 288 301
288 305 290
301 302 306
305 301 306
306 302 307
306 307 308
309 307 302
309 310 307
311 308 307
311 312 308
305 313 290
306 314 305
305 314 313
306 308 315
306 315 314
316 290 313
316 281 290
281 316 317
281 317 282
315 318 314
314 319 313
314 318 319
320 316 313
320 313 319
316 31 317
316 320 31
320 319 321
320 321 322
323 31 320
323 324 31
25 317 31
25 282 317
25 325 282
26 325 25
273 282 325
26 46 325
326 273 325
326 325 46
47 326 46
273 326 272
326 47 60
60 272 326
60 271 272
327 271 60
271 327 328
271 328 270
329 327 60
62 329 60
64 329 62
329 330 327
328 327 330
331 270 328
270 331 278
64 332 329
332 330 329
328 330 333
333 331 328
278 331 334
333 334 331
335 333 330
332 335 330
332 64 336
65 336 64
337 336 65
332 336 338
338 335 332
337 339 336
338 336 339
340 339 337
335 341 333
341 334 333
278 334 342
285 278 342
338 343 335
341 335 343
341 344 334
344 342 334
340 345 339
346 339 345
347 345 340
347 348 345
346 345 348
346 348 349
350 346 349
338 339 351
351 343 338
346 351 339
341 343 352
352 344 341
351 353 343
353 351 346
352 343 353
350 354 346
353 346 354
355 354 350
355 356 354
356 353 354
355 357 356
356 358 353
357 358 356
352 353 358
358 357 359
352 358 359
357 360 359
361 359 360
352 359 362
352 362 344
361 363 359
362 359 363
344 362 364
362 363 364
361 365 363
361 366 365
366 367 365
344 364 368
344 368 342
363 369 364
368 364 369
363 365 369
342 368 370
368 369 370
342 370 285
371 369 365
370 369 371
285 370 372
370 371 372
285 372 284
367 373 365
371 365 373
284 372 374
284 374 286
375 373 367
376 375 367
377 371 373
373 375 377
372 371 378
372 378 374
377 378 371
379 375 376
377 375 379
377 379 380
379 376 381
381 380 379
381 382 380
383 380 382
384 286 374
384 287 286
385 378 377
377 380 385
374 378 386
385 386 378
374 386 384
383 387 380
388 387 383
388 389 387
380 390 385
380 387 390
390 387 389
390 386 385
390 389 391
390 392 386
391 392 390
384 386 392
391 393 392
384 392 394
394 392 393
287 384 394
394 393 395
287 394 396
395 396 394
227 287 396
395 397 396
227 396 398
396 397 398
399 398 397
228 227 398
228 398 399
228 399 400
400 234 228
400 401 234
401 183 234
401 402 183
183 402 403
403 161 183
402 404 403
405 161 403
404 405 403
405 404 406
405 162 161
405 406 407
407 162 405
407 406 408
407 409 162
409 410 162
407 408 411
411 409 407
411 412 409
413 409 412
411 408 414
411 414 415
415 412 411
415 414 416
415 416 417
417 416 418
415 419 412
417 419 415
420 412 419
417 418 421
421 418 422
421 422 423
417 424 419
421 424 417
425 419 424
425 424 426
423 427 421
421 427 424
427 426 424
423 428 427
429 427 428
427 429 426
429 428 430
429 431 426
430 432 429
429 432 433
434 426 435
436 437 409
438 412 439
440 441 412
440 412 442
443 444 445
446 447 448
449 450 447
449 447 451
447 452 453
447 454 452
455 454 447
455 456 454
454 457 458
454 458 459
460 461 454
460 462 461
463 464 465
466 467 468
469 470 466
469 471 470
472 473 474
475 476 477
478 479 480
481 482 483
484 485 483
483 486 487
483 488 486
486 488 489
486 489 490
490 489 491
492 491 489
492 493 491
494 495 492
494 496 495
497 498 499
497 500 501
502 497 503
502 504 497
502 505 504
502 506 505
506 507 505
508 505 507
508 507 509
510 508 509
510 509 511
512 513 514
515 513 516
515 517 513
517 518 513
519 518 517
517 520 519
517 521 520
522 518 519
522 519 523
522 523 524
513 518 525
513 525 526
513 526 527
525 518 528
528 518 522
528 529 525
528 530 529
522 531 528
522 532 531
533 528 534
535 522 536
537 538 539
539 540 541
539 542 540
542 539 543
544 542 543
542 544 545
542 545 546
547 544 543
548 544 547
548 547 549
539 550 543
539 551 550
539 552 551
550 553 543
553 547 543
553 550 554
553 554 555
547 553 556
547 556 557
558 559 553
560 561 547
49 562 563
564 565 566
567 566 568
567 568 569
570 569 571
570 571 572
573 574 575
576 577 573
576 578 577
573 577 579
573 579 580
581 573 580
581 580 582
580 583 582
584 580 579
580 584 583
584 579 585
584 585 586
583 584 586
586 585 587
588 586 587
588 589 586
583 586 590
589 590 586
588 591 589
591 588 592
591 592 593
593 592 594
595 593 594
595 596 593
597 596 595
598 591 593
596 598 593
599 589 591
598 599 591
600 590 589
599 600 589
597 601 596
601 597 602
601 602 603
604 603 602
605 590 600
606 600 599
606 605 600
605 607 590
607 583 590
599 598 608
608 606 599
609 605 606
607 605 609
610 596 601
596 611 598
610 611 596
612 608 598
612 598 611
613 606 608
612 613 608
609 606 614
613 614 606
614 615 609
614 616 615
613 617 614
613 618 617
619 610 601
619 601 603
611 610 620
611 620 612
612 621 613
621 622 613
621 623 622
624 621 612
624 612 620
624 625 621
624 626 625
627 610 619
627 620 610
628 619 603
628 627 619
628 603 629
629 603 604
630 629 604
630 628 629
631 630 604
630 631 632
630 633 628
628 633 627
630 632 634
634 633 630
632 635 634
620 627 636
637 620 636
637 624 620
627 638 636
627 633 638
638 637 636
639 624 637
639 640 624
638 641 637
642 637 641
642 641 643
635 644 634
644 635 645
645 635 646
647 645 646
648 633 634
634 644 648
633 649 638
633 648 649
644 650 648
650 644 645
649 648 650
651 641 638
651 638 649
645 647 652
653 652 647
641 651 654
655 641 654
655 654 656
649 650 657
650 645 658
657 650 658
645 652 659
645 659 658
658 659 660
661 659 652
661 652 653
660 659 661
662 651 649
657 662 649
657 658 663
658 660 663
657 663 662
651 664 654
651 662 664
665 662 663
660 665 663
665 664 662
654 664 666
654 666 667
668 664 665
668 669 664
660 661 670
671 670 661
653 671 661
653 672 671
671 673 670
672 674 671
674 672 675
671 674 676
660 677 665
678 665 677
678 679 665
670 680 660
660 680 677
680 681 677
670 682 680
670 683 682
680 684 685
686 674 687
674 688 689
677 690 691
677 692 693
694 695 696
696 697 698
696 698 699
700 701 702
703 704 700
703 705 704
706 707 708
709 706 710
711 710 706
712 710 711
713 710 714
710 715 716
711 717 718
711 719 717
720 719 721
722 721 723
724 723 725
726 725 727
728 725 729
730 731 729
730 732 731
733 730 734
734 735 736
734 737 735
738 739 737
738 737 740
741 740 742
743 741 742
743 742 744
745 744 746
745 746 747
748 746 749
750 749 751
752 753 751
752 754 755
756 757 752
758 759 756
758 760 759
761 762 763
764 765 766
767 768 769
770 771 772
773 774 775
775 776 777
775 777 778
775 778 779
583 779 778
583 778 582
780 582 778
780 781 582
779 583 607
782 779 607
609 782 607
782 609 783
782 783 784
782 785 779
775 779 785
786 785 782
786 787 785
775 785 788
775 788 789
790 791 792
793 794 795
796 797 798
799 800 797
801 802 803
804 805 806
807 808 809
810 811 812
813 814 578
815 816 578
815 578 817
818 819 820
821 822 823
824 825 826
827 828 829
830 831 828
830 832 831
828 833 830
828 834 833
835 834 828
836 835 828
836 837 835
838 830 833
839 830 838
840 830 839
840 839 841
839 838 842
839 842 843
844 833 834
845 838 833
845 833 844
845 846 838
847 846 845
844 847 845
834 848 844
844 848 847
849 834 835
834 850 848
834 849 850
851 847 848
852 847 851
852 853 847
847 853 854
851 848 855
855 848 850
856 851 855
856 857 851
856 858 857
856 859 858
856 860 859
861 860 856
856 855 862
863 856 862
855 850 864
855 865 862
855 864 865
866 862 865
866 867 862
864 850 868
849 868 850
869 868 849
869 870 868
868 870 871
868 871 872
864 868 872
873 865 864
873 864 872
873 874 865
873 872 875
876 873 875
876 877 873
862 878 879
865 880 881
872 882 883
873 884 885
886 887 888
838 889 890
838 891 892
893 894 895
896 897 898
899 900 898
901 902 898
902 901 903
902 903 904
905 898 902
906 902 904
905 902 906
907 898 905
898 907 908
898 908 909
908 910 909
910 908 907
907 905 911
910 907 912
911 912 907
905 906 913
911 905 914
905 913 914
911 914 915
911 916 912
915 916 911
913 917 914
917 915 914
906 918 913
917 913 919
918 919 913
906 920 918
906 904 920
917 921 915
922 916 915
922 915 921
917 919 923
917 923 921
920 904 924
924 904 925
925 926 924
920 924 927
927 918 920
924 928 927
924 929 928
930 919 918
927 931 918
930 918 931
932 927 928
932 931 927
933 932 928
933 934 932
932 935 931
935 930 931
930 936 919
923 919 936
930 937 936
937 923 936
932 938 935
932 939 938
930 940 937
935 940 930
941 935 938
942 941 938
942 943 941
940 944 937
940 945 944
940 946 945
935 947 940
941 947 935
948 940 947
941 949 947
941 950 949
951 947 949
952 953 937
952 954 953
953 954 955
937 953 923
953 955 956
923 953 956
923 956 921
956 957 921
921 957 922
956 958 957
956 959 958
956 960 959
961 922 957
957 958 962
957 962 961
963 962 958
963 958 964
961 965 922
965 916 922
961 962 966
962 967 966
966 967 968
961 966 969
969 965 961
968 969 966
965 970 916
965 971 970
916 970 972
971 972 970
916 972 912
969 973 965
965 973 971
974 973 969
973 974 971
975 969 968
974 969 975
976 974 975
976 977 974
978 975 968
978 979 975
978 980 979
981 978 968
982 912 972
972 971 983
972 983 982
984 912 982
984 910 912
985 910 984
985 986 910
910 986 987
988 984 982
983 988 982
989 984 988
989 990 984
971 991 983
992 988 983
992 983 991
971 993 991
974 993 971
993 994 991
993 995 994
996 993 974
996 974 997
998 992 991
998 999 992
992 1000 988
1001 988 1000
1001 1000 1002
1003 1000 992
1003 992 1004
962 1005 1006
968 1007 1008
1009 978 1010
1011 1012 1013
1012 1014 1015
1012 1015 1016
1016 1017 1012
1018 1012 1017
1018 1017 1019
1016 1020 1017
1020 1021 1017
1020 1022 1021
1023 1017 1021
1023 1021 1024
1025 1021 1022
1025 1026 1021
1021 1026 1027
1021 1027 1028
1029 1030 1016
1026 1031 1032
1033 1026 1032
1033 1034 1026
1034 1035 1026
1034 1036 1035
1037 1036 1034
1037 1038 1036
1037 1039 1038
1037 1040 1039
1040 1041 1039
1042 1040 1037
1042 1037 1034
1042 1034 1043
1044 1040 1042
1045 1046 1040
1047 1040 1048
1049 1040 1050
1051 1052 1040
1051 1040 1053
1054 1040 1055
1054 1055 1056
1057 1058 1059
1060 1061 1062
1063 1064 1062
1065 1062 1066
1065 1067 1062
1068 1067 1069
1068 1070 1067
1070 1071 1072
1073 1074 1075
1076 1077 1078
1079 1080 1081
1082 1083 1084
1085 904 1086
928 1087 1088
1089 1090 1091
1092 1093 1089
1092 1094 1093
1093 1095 1089
1096 1095 1093
1097 1095 1096
1097 1098 1095
1097 1099 1098
1100 1099 1097
1097 1101 1100
1097 1096 1101
1101 1096 1102
1102 1096 1093
1101 1102 1103
1093 1104 1102
1093 1105 1104
1106 1103 1102
1106 1107 1103
1108 1109 1110
1111 1112 1108
1111 1113 1112
1112 1114 1108
1115 1114 1112
1116 1114 1115
1116 1117 1114
1116 1118 1117
1119 1118 1116
1116 1120 1119
1116 1115 1120
1120 1115 1121
1121 1115 1112
1120 1121 1122
1112 1123 1121
1112 1124 1123
1125 1122 1121
1125 1126 1122
1127 1128 1129
1130 1131 1127
1130 1132 1131
1131 1133 1127
1134 1133 1131
1135 1133 1134
1135 1136 1133
1135 1137 1136
1138 1137 1135
1135 1139 1138
1135 1134 1139
1139 1134 1140
1140 1134 1131
1139 1140 1141
1131 1142 1140
1131 1143 1142
1144 1141 1140
1144 1145 1141
1146 1147 1148
1149 1147 1150
1151 1147 1152
1153 1147 1154
1155 1147 1156
1157 1147 1158
1159 1147 1160
1161 1147 1162
1163 1147 1164
1165 1147 1166
1167 1168 1169
1170 1171 1169
1172 1173 1169
1174 1175 1169
1176 1177 1169
1178 1179 1169
1180 1181 1169
1182 1183 1169
1184 1185 1169
1186 1187 1169
1188 1189 1190
1191 1192 1189
1191 1189 1193
1192 1194 1189
1194 1195 1189
1192 1196 1194
1197 1194 1196
1194 1197 1198
1194 1198 1199
1197 1200 1198
1201 1198 1200
1201 1202 1198
1201 1203 1202
1201 1200 1204
1205 1204 1200
1200 1206 1205
1205 1207 1204
1205 1208 1207
1205 1209 1208
1206 1209 1205
1209 1210 1208
1197 1211 1200
1200 1211 1206
1209 1212 1210
1213 1210 1212
1214 1211 1197
1197 1196 1214
1206 1215 1209
1212 1209 1216
1215 1216 1209
1213 1212 1217
1212 1216 1218
1217 1212 1218
1213 1217 1219
1213 1219 1220
1220 1219 1221
1220 1221 1222
1223 1222 1221
1223 1221 1224
1224 1225 1223
1226 1221 1219
1226 1224 1221
1227 1219 1217
1226 1219 1227
1217 1218 1228
1227 1217 1228
1216 1229 1218
1229 1228 1218
1216 1230 1229
1230 1216 1215
1230 1215 1231
1215 1206 1231
1230 1232 1229
1231 1232 1230
1226 1233 1224
1227 1234 1226
1234 1233 1226
1235 1227 1228
1227 1235 1234
1229 1236 1228
1235 1228 1236
1237 1229 1232
1236 1229 1237
1238 1235 1236
1234 1235 1238
1239 1224 1233
1224 1239 1225
1240 1236 1237
1238 1236 1240
1241 1225 1239
1241 1242 1225
1242 1241 1243
1242 1243 1244
1244 1243 1245
1244 1245 1246
1239 1247 1241
1243 1241 1247
1239 1233 1248
1239 1248 1247
1237 1249 1240
1249 1238 1240
1250 1248 1233
1251 1247 1248
1251 1248 1250
1250 1233 1252
1234 1252 1233
1234 1238 1253
1234 1253 1252
1252 1254 1250
1251 1250 1254
1249 1255 1238
1255 1253 1238
1253 1256 1252
1252 1256 1254
1255 1257 1253
1253 1257 1256
1258 1257 1255
1258 1255 1259
1249 1259 1255
1257 1258 1260
1256 1257 1260
1256 1260 1261
1256 1261 1254
1249 1262 1259
1263 1254 1261
1262 1249 1264
1262 1264 1265
1264 1249 1237
1266 1265 1264
1263 1267 1254
1268 1267 1263
1251 1254 1267
1264 1237 1269
1237 1232 1269
1268 1270 1267
1270 1268 1271
1270 1271 1272
1273 1251 1267
1273 1267 1270
1247 1251 1273
1270 1274 1273
1270 1275 1274
1247 1273 1276
1277 1276 1273
1277 1278 1276
1243 1247 1276
1279 1243 1276
1279 1280 1243
1281 1282 1283
1284 1285 1283
1286 1283 1285
1286 1287 1283
1286 1288 1287
1286 1285 1289
1290 1286 1289
1286 1290 1291
1286 1291 1292
1293 1289 1285
1294 1293 1285
1294 1285 1295
1290 1289 1296
1293 1297 1289
1296 1289 1298
1298 1289 1297
1299 1290 1296
1300 1296 1298
1300 1299 1296
1298 1297 1301
1300 1298 1301
1299 1192 1290
1192 1302 1290
1192 1303 1302
1304 1192 1299
1192 1304 1196
1305 1299 1300
1305 1304 1299
1304 1306 1196
1304 1305 1306
1306 1214 1196
1305 1300 1307
1307 1300 1301
1307 1306 1305
1306 1308 1214
1307 1308 1306
1307 1301 1309
1301 1297 1309
1308 1310 1214
1214 1310 1211
1311 1308 1307
1311 1310 1308
1309 1311 1307
1312 1311 1309
1313 1211 1310
1313 1310 1311
1312 1313 1311
1313 1206 1211
1313 1314 1206
1314 1313 1312
1231 1206 1314
1309 1297 1315
1315 1312 1309
1231 1314 1316
1232 1231 1316
1317 1315 1297
1317 1297 1293
1314 1312 1318
1314 1318 1316
1232 1316 1319
1232 1319 1269
1320 1319 1316
1316 1318 1320
1321 1317 1293
1321 1293 1294
1322 1269 1319
1322 1319 1320
1323 1315 1317
1315 1324 1312
1323 1324 1315
1312 1325 1318
1312 1324 1325
1317 1321 1326
1317 1326 1323
1294 1327 1321
1327 1326 1321
1328 1327 1294
1327 1329 1326
1329 1330 1326
1330 1323 1326
1329 1331 1330
1330 1331 1332
1324 1323 1333
1330 1333 1323
1324 1333 1325
1330 1332 1334
1333 1330 1334
1334 1332 1335
1334 1335 1336
1336 1335 1337
1333 1338 1325
1333 1334 1339
1339 1338 1333
1339 1334 1340
1336 1340 1334
1338 1341 1325
1325 1341 1318
1318 1341 1320
1320 1341 1342
1338 1342 1341
1342 1322 1320
1343 1322 1342
1339 1344 1338
1338 1344 1342
1339 1340 1344
1344 1343 1342
1340 1345 1344
1343 1344 1345
1336 1346 1340
1340 1346 1345
1347 1346 1336
1336 1337 1347
1343 1348 1322
1322 1348 1269
1345 1346 1349
1347 1349 1346
1337 1350 1347
1337 1351 1350
1348 1352 1269
1264 1269 1352
1266 1264 1352
1348 1353 1352
1352 1353 1266
1354 1353 1348
1354 1266 1353
1354 1348 1343
1266 1354 1355
1355 1354 1343
1266 1355 1356
1357 1356 1355
1355 1343 1358
1343 1345 1358
1357 1355 1359
1355 1358 1359
1359 1360 1357
1361 1358 1345
1345 1349 1361
1359 1362 1360
1362 1363 1360
1358 1364 1359
1364 1358 1361
1365 1359 1364
1365 1364 1361
1365 1362 1359
1349 1366 1361
1365 1361 1366
1362 1367 1363
1367 1368 1363
1349 1369 1366
1347 1369 1349
1347 1350 1369
1365 1366 1370
1369 1370 1366
1371 1362 1365
1371 1367 1362
1365 1370 1371
1372 1368 1367
1371 1372 1367
1372 1373 1368
1374 1369 1350
1369 1374 1370
1370 1375 1371
1371 1375 1372
1372 1376 1373
1376 1372 1375
1377 1373 1376
1378 1375 1370
1378 1370 1374
1374 1350 1379
1379 1350 1351
1379 1351 1380
1381 1379 1380
1374 1379 1382
1381 1382 1379
1374 1382 1378
1382 1381 1383
1382 1383 1384
1378 1382 1384
1378 1385 1375
1376 1375 1385
1377 1376 1386
1386 1387 1377
1378 1388 1385
1378 1384 1388
1376 1385 1389
1388 1389 1385
1376 1389 1386
1390 1384 1383
1390 1383 1391
1384 1392 1388
1388 1392 1389
1384 1390 1392
1391 1393 1390
1392 1390 1393
1391 1394 1393
1394 1395 1393
1394 1396 1395
1397 1386 1389
1392 1397 1389
1392 1393 1398
1392 1398 1397
1399 1398 1393
1399 1393 1400
1401 1397 1398
1401 1398 1402
1397 1403 1386
1403 1397 1404
1403 1404 1405
1386 1403 1387
1406 1387 1403
1406 1403 1407
1408 1409 1410
1409 1411 1412
1411 1409 1413
1414 1413 1409
1414 1409 1415
1416 1413 1414
1416 1414 1417
1417 1414 1418
1417 1418 1419
1420 1411 1413
1416 1421 1413
1420 1413 1421
1416 1417 1422
1417 1423 1422
1416 1422 1424
1416 1424 1421
1417 1425 1423
1425 1417 1426
1425 1426 1427
1422 1423 1428
1424 1422 1428
1425 1429 1423
1425 1430 1429
1431 1430 1425
1431 1432 1430
1423 1429 1433
1423 1433 1434
1434 1433 1435
1423 1436 1428
1423 1434 1436
1434 1435 1437
1437 1436 1434
1437 1435 1438
1438 1439 1437
1437 1439 1436
1440 1428 1436
1424 1428 1440
1436 1441 1440
1441 1436 1439
1424 1440 1442
1440 1441 1442
1443 1424 1442
1443 1442 1441
1424 1443 1421
1438 1444 1439
1445 1444 1438
1439 1444 1446
1445 1446 1444
1441 1439 1447
1439 1446 1447
1448 1441 1447
1443 1441 1448
1449 1421 1443
1449 1420 1421
1447 1446 1450
1447 1450 1448
1448 1450 1451
1452 1443 1448
1452 1449 1443
1448 1451 1452
1453 1450 1446
1453 1451 1450
1445 1454 1446
1453 1446 1454
1455 1453 1454
1456 1449 1452
1456 1452 1451
1457 1420 1449
1456 1457 1449
1458 1454 1445
1458 1445 1459
1455 1460 1453
1453 1460 1451
1457 1461 1420
1411 1420 1461
1454 1462 1455
1462 1454 1458
1463 1458 1459
1463 1459 1464
1464 1465 1463
1465 1464 1466
1467 1462 1458
1467 1458 1463
1463 1468 1467
1463 1469 1468
1467 1468 1470
1467 1470 1471
1462 1467 1471
1471 1455 1462
1455 1471 1472
1471 1473 1472
1471 1474 1473
1472 1473 1475
1472 1475 1476
1455 1472 1476
1476 1475 1477
1476 1478 1455
1478 1460 1455
1476 1477 1479
1478 1476 1479
1479 1477 1480
1479 1480 1481
1478 1479 1482
1482 1460 1478
1482 1479 1481
1482 1483 1460
1451 1460 1483
1481 1484 1482
1482 1484 1483
1481 1485 1484
1485 1481 1486
1486 1487 1485
1451 1483 1488
1456 1451 1488
1483 1489 1488
1456 1488 1489
1456 1489 1490
1489 1491 1490
1457 1456 1490
1490 1491 1492
1457 1490 1493
1490 1492 1493
1493 1492 1494
1493 1461 1457
1493 1494 1495
1493 1495 1461
1495 1494 1496
1495 1497 1461
1411 1461 1497
1495 1496 1498
1498 1496 1499
1498 1499 1500
1495 1501 1497
1495 1498 1501
1411 1497 1501
1501 1498 1502
1501 1502 1503
1411 1501 1504
1411 1504 1505
1506 1294 1507
1409 1508 1509
1510 1511 1512
1510 1513 1514
1510 1515 1516
1510 1516 1517
1518 1517 1516
1518 1516 1519
1516 1520 1519
1516 1521 1520
1522 1518 1519
1523 1522 1519
1523 1524 1522
1522 1525 1518
1522 1526 1525
1527 1526 1522
1527 1528 1526
1525 1526 1529
1518 1525 1530
1530 1525 1529
1526 1531 1529
1531 1526 1532
1531 1532 1533
1518 1530 1534
1535 1534 1530
1536 1534 1535
1537 1518 1534
1537 1534 1536
1537 1517 1518
1530 1529 1538
1529 1531 1539
1539 1538 1529
1535 1530 1540
1540 1530 1538
1541 1537 1536
1536 1535 1542
1536 1542 1541
1543 1517 1537
1541 1544 1537
1537 1544 1543
1543 1545 1517
1510 1517 1545
1544 1541 1546
1547 1541 1542
1547 1546 1541
1548 1543 1544
1546 1548 1544
1549 1548 1546
1543 1548 1550
1550 1548 1549
1545 1543 1551
1543 1550 1551
1552 1545 1551
1510 1545 1552
1547 1553 1546
1553 1549 1546
1554 1551 1550
1552 1551 1554
1554 1550 1555
1549 1556 1550
1555 1550 1556
1555 1557 1554
1557 1552 1554
1556 1558 1555
1555 1558 1557
1510 1552 1559
1557 1560 1552
1559 1552 1560
1559 1561 1510
1562 1510 1561
1562 1561 1563
1564 1561 1559
1565 1561 1564
1565 1564 1566
1559 1560 1567
1564 1559 1567
1557 1568 1560
1569 1567 1560
1569 1560 1568
1570 1564 1567
1570 1567 1569
1571 1564 1570
1571 1572 1564
1569 1573 1570
1569 1568 1573
1574 1570 1573
1574 1575 1570
1557 1576 1568
1576 1557 1558
1577 1573 1568
1576 1577 1568
1578 1573 1577
1578 1579 1573
1578 1580 1579
1576 1581 1577
1576 1582 1581
1576 1558 1583
1582 1576 1583
1583 1558 1584
1556 1584 1558
1582 1583 1585
1583 1584 1585
1582 1585 1586
1587 1586 1585
1584 1556 1588
1549 1588 1556
1589 1585 1584
1589 1584 1588
1587 1585 1590
1589 1590 1585
1591 1588 1549
1589 1588 1591
1592 1587 1590
1592 1593 1587
1592 1594 1593
1591 1549 1595
1553 1595 1549
1596 1590 1589
1596 1592 1590
1596 1597 1592
1592 1598 1594
1597 1598 1592
1599 1594 1598
1599 1598 1600
1598 1597 1601
1589 1591 1602
1595 1602 1591
1589 1602 1596
1553 1603 1595
1595 1603 1602
1604 1596 1602
1596 1604 1597
1553 1605 1603
1547 1605 1553
1603 1606 1602
1606 1604 1602
1606 1607 1604
1603 1608 1606
1605 1608 1603
1609 1606 1608
1609 1608 1610
1605 1611 1608
1612 1608 1611
1612 1611 1613
1547 1614 1605
1614 1611 1605
1615 1614 1547
1547 1542 1615
1614 1616 1611
1617 1611 1616
1617 1616 1618
1614 1619 1616
1616 1619 1620
1616 1620 1621
1615 1622 1614
1614 1622 1619
1623 1622 1615
1623 1619 1622
1624 1615 1542
1623 1615 1624
1623 1625 1619
1626 1619 1625
1626 1625 1627
1624 1542 1628
1535 1628 1542
1623 1629 1625
1625 1629 1630
1625 1630 1631
1632 1623 1624
1623 1632 1629
1632 1624 1633
1633 1624 1628
1634 1629 1632
1634 1632 1633
1634 1635 1629
1636 1629 1635
1636 1635 1637
1634 1633 1638
1638 1633 1639
1633 1628 1639
1638 1639 1640
1639 1641 1640
1642 1639 1628
1535 1642 1628
1643 1641 1639
1642 1643 1639
1643 1644 1641
1645 1643 1642
1645 1642 1646
1642 1535 1646
1647 1644 1643
1645 1647 1643
1647 1648 1644
1649 1648 1647
1535 1650 1646
1650 1645 1646
1535 1540 1650
1649 1647 1651
1651 1647 1645
1652 1649 1651
1540 1653 1650
1650 1654 1645
1654 1650 1653
1540 1655 1653
1540 1538 1655
1655 1538 1656
1539 1656 1538
1651 1645 1657
1651 1657 1658
1651 1658 1659
1660 1657 1645
1660 1645 1654
1660 1661 1657
1660 1662 1661
1654 1663 1660
1663 1664 1660
1663 1665 1664
1654 1666 1663
1654 1653 1666
1667 1663 1666
1668 1663 1667
1668 1669 1663
1653 1670 1666
1666 1670 1667
1653 1671 1670
1655 1671 1653
1655 1672 1671
1655 1656 1672
1670 1671 1673
1672 1673 1671
1667 1670 1674
1673 1674 1670
1675 1667 1674
1675 1676 1667
1672 1656 1677
1677 1656 1539
1672 1678 1673
1672 1677 1678
1673 1678 1679
1679 1678 1677
1673 1680 1674
1673 1679 1680
1680 1681 1674
1679 1681 1680
1681 1682 1674
1681 1683 1682
1684 1677 1539
1539 1531 1684
1531 1685 1684
1531 1686 1685
1684 1687 1677
1679 1677 1687
1687 1684 1688
1688 1679 1687
1688 1684 1689
1688 1689 1690
1679 1691 1681
1688 1691 1679
1691 1692 1681
1691 1693 1692
1688 1694 1691
1688 1695 1694
1696 1697 1698
1699 1700 1701
1702 1703 1704
1705 1706 1649
1604 1707 1708
1604 1709 1710
1597 1604 1710
1597 1710 1711
1711 1712 1597
1711 1710 1713
1597 1714 1715
1716 1710 1717
1718 1719 1720
1721 1719 1722
1723 1719 1724
1725 1719 1726
1727 1719 1728
1729 1719 1730
1731 1719 1732
1733 1719 1734
1734 1719 1735
1736 1737 1719
1736 1738 1737
1739 1740 1741
1739 1742 1743
1739 1744 1745
1746 1744 1739
1747 1744 1746
1747 1748 1744
1744 1748 1749
1744 1749 1750
1747 1751 1748
1752 1748 1751
1752 1751 1753
1747 1754 1751
1751 1754 1755
1756 1751 1755
1756 1755 1757
1754 1758 1755
1747 1759 1754
1759 1758 1754
1755 1758 1760
1760 1761 1755
1760 1762 1761
1747 1763 1759
1759 1763 1764
1759 1764 1765
1759 1766 1758
1766 1759 1765
1767 1763 1747
1767 1747 1746
1758 1768 1760
1768 1758 1766
1769 1764 1763
1767 1769 1763
1766 1765 1770
1768 1766 1771
1770 1771 1766
1768 1772 1760
1760 1772 1773
1760 1773 1774
1775 1768 1771
1772 1768 1775
1770 1776 1771
1776 1775 1771
1765 1777 1770
1778 1765 1764
1765 1778 1777
1770 1779 1776
1770 1777 1779
1776 1779 1780
1776 1781 1775
1776 1780 1781
1782 1775 1781
1780 1782 1781
1772 1775 1783
1782 1783 1775
1783 1784 1772
1784 1783 1782
1784 1785 1772
1784 1786 1785
1777 1787 1779
1787 1780 1779
1788 1777 1778
1778 1789 1788
1778 1790 1789
1778 1764 1790
1777 1791 1787
1788 1791 1777
1789 1790 1792
1792 1790 1764
1780 1787 1793
1791 1794 1787
1794 1793 1787
1788 1795 1791
1794 1791 1795
1796 1793 1794
1796 1794 1797
1798 1794 1795
1798 1795 1799
1780 1793 1800
1780 1800 1782
1800 1793 1801
1782 1800 1801
1801 1793 1802
1801 1802 1803
1782 1801 1804
1804 1801 1805
1804 1805 1806
1784 1782 1804
1784 1804 1807
1784 1807 1808
1795 1809 1810
1795 1811 1809
1788 1811 1795
1789 1811 1788
1789 1812 1811
1811 1812 1813
1811 1813 1814
1815 1812 1789
1816 1812 1815
1816 1815 1817
1815 1789 1818
1819 1815 1818
1820 1815 1819
1819 1818 1821
1822 1821 1818
1789 1823 1818
1822 1818 1823
1823 1824 1822
1789 1792 1823
1823 1825 1824
1792 1825 1823
1825 1826 1824
1827 1826 1825
1792 1828 1825
1828 1792 1764
1827 1825 1829
1829 1825 1828
1830 1827 1829
1828 1764 1831
1769 1831 1764
1829 1828 1832
1832 1828 1831
1830 1829 1833
1833 1829 1832
1830 1833 1834
1830 1834 1835
1836 1835 1834
1836 1837 1835
1833 1832 1838
1838 1834 1833
1769 1839 1831
1839 1769 1767
1832 1831 1840
1838 1832 1840
1838 1841 1834
1841 1842 1834
1841 1843 1842
1844 1831 1839
1844 1840 1831
1839 1767 1845
1844 1839 1846
1845 1846 1839
1767 1847 1845
1847 1767 1746
1846 1845 1848
1848 1845 1847
1849 1846 1848
1844 1846 1850
1850 1846 1849
1847 1746 1851
1746 1739 1851
1847 1852 1848
1852 1849 1848
1851 1853 1847
1847 1853 1852
1853 1851 1854
1854 1851 1739
1852 1853 1855
1853 1854 1855
1852 1855 1856
1849 1852 1857
1856 1857 1852
1858 1856 1855
1858 1855 1854
1857 1856 1859
1858 1859 1856
1854 1739 1860
1858 1854 1861
1860 1861 1854
1860 1739 1862
1863 1862 1739
1863 1864 1862
1865 1860 1862
1866 1865 1862
1866 1867 1865
1860 1868 1861
1865 1868 1860
1858 1861 1869
1870 1861 1868
1870 1869 1861
1871 1868 1865
1871 1870 1868
1872 1871 1865
1872 1865 1873
1870 1871 1874
1870 1874 1869
1875 1874 1871
1875 1871 1876
1858 1869 1877
1877 1859 1858
1878 1869 1874
1878 1877 1869
1879 1878 1874
1880 1879 1874
1880 1881 1879
1878 1882 1877
1877 1882 1883
1877 1884 1859
1883 1884 1877
1885 1859 1884
1857 1859 1885
1883 1886 1884
1885 1884 1886
1883 1887 1886
1888 1886 1887
1885 1889 1857
1849 1857 1889
1890 1885 1886
1890 1889 1885
1888 1891 1886
1890 1886 1891
1892 1849 1889
1890 1892 1889
1893 1891 1888
1893 1888 1894
1893 1894 1895
1892 1896 1849
1850 1849 1896
1897 1890 1891
1897 1891 1893
1897 1893 1898
1893 1895 1899
1898 1893 1899
1900 1899 1895
1900 1901 1899
1899 1902 1898
1903 1892 1890
1896 1892 1903
1903 1890 1897
1850 1896 1904
1896 1903 1904
1905 1903 1897
1897 1898 1905
1850 1904 1906
1906 1844 1850
1904 1903 1907
1907 1903 1905
1907 1905 1908
1904 1907 1909
1906 1904 1909
1910 1909 1907
1910 1911 1909
1906 1912 1844
1912 1840 1844
1906 1909 1913
1912 1906 1913
1914 1913 1909
1914 1915 1913
1912 1916 1840
1838 1840 1916
1838 1916 1917
1912 1917 1916
1838 1917 1841
1918 1841 1917
1918 1919 1841
1912 1913 1920
1912 1920 1917
1921 1920 1913
1921 1922 1920
1920 1923 1917
1920 1924 1923
1925 1926 1927
1928 1929 1930
1931 1932 1933
1934 1819 1935
1905 1936 1937
1905 1938 1939
1898 1938 1905
1898 1940 1938
1940 1898 1941
1940 1942 1938
1898 1943 1944
1945 1946 1938
1947 1948 1949
1950 1951 1949
1952 1953 1949
1954 1955 1949
1956 1957 1949
1958 1959 1949
1960 1961 1949
1962 1963 1949
1963 1964 1949
1965 1949 1966
1965 1966 1967
1968 1969 1970
1968 1970 1971
1971 308 1968
1972 1968 308
1972 308 1973
1971 315 308
315 1971 318
1971 1974 318
1971 1975 1974
1974 319 318
1974 1976 319
1977 1978 1968
1977 1979 1978
1980 1981 1982
1980 1982 1983
1984 1985 1986
1984 1986 1987
1988 1989 1990
1988 1990 1991
1992 1993 1994
1992 1994 1995
1996 1997 1998
1996 1998 1999
1999 2000 2001
1999 2001 2002
2003 2004 2005
2003 2005 2006
2003 2007 2008
2003 2009 2007
2006 2010 2011
2006 2011 2012
2012 2013 2014
2012 2014 2015
2016 2017 2009
2016 2018 2017
2019 2016 2020
2019 2020 2021
2022 2020 2023
2022 2023 2024
2025 2026 2023
2025 2027 2026
2028 2029 2030
2028 2030 2031
2032 2033 2034
2032 2034 2035
2036 2037 2038
2036 2038 2039
2036 2040 2041
2036 2041 2042
2042 2043 2044
2042 2044 2045
2046 2045 2047
2046 2047 2048
2049 2050 2046
2049 2051 2050
2052 2050 2053
2052 2053 2054
2055 2052 2056
2055 2056 2057
2058 2055 2059
2058 2059 2060
2061 2058 2062
2061 2063 2058
2064 2063 2065
2064 2066 2063
2067 2066 2068
2067 2069 2066
2069 2070 2071
2069 2071 2072
2073 2072 2074
2073 2075 2072
2076 2075 2077
2076 2077 2078
2079 2076 2080
2079 2080 2081
2082 2083 2079
2082 2079 2084
2085 2086 2087
2085 2087 2088
2089 2090 2091
2089 2091 2092
2093 2094 2095
2093 2095 2096
2097 2095 2098
2097 2098 2099
2100 2101 2102
2100 2102 2103
2104 2105 2106
2104 2106 2107
2108 2109 2110
2108 2110 194
2111 2112 2113
2111 2113 2114
2115 2116 2117
2115 2117 2118
2119 2120 2121
2119 2121 2122
2123 2124 2125
2123 2126 2124
2126 2127 2128
2126 2128 2129
2130 2131 2132
2130 2133 2131
2130 2134 2135
2130 2135 2136
2133 2137 2138
2133 2139 2137
2139 2140 2141
2139 2141 2142
2143 2136 2144
2143 2144 2145
2146 2147 2143
2146 2148 2147
2149 2147 2150
2149 2150 2151
2152 2149 2153
2152 2153 2154
2155 2156 2157
2155 2157 2158
2159 2160 2161
2159 2161 2162
2163 2164 2165
2163 2165 2166
2167 2168 2169
2167 2169 2170
2171 2170 2172
2171 2172 2173
2174 2175 2176
2174 2176 2177
2178 2179 2180
2178 2180 2181
2182 2183 2184
2182 2184 2185
2186 2187 2188
2186 2189 2187
2190 2187 2189
2190 2189 2191
2189 2192 2191
2189 2193 2192
2194 2193 2189
2194 2189 2195
2196 2193 2197
2196 2198 2193
2193 2198 2199
2193 2199 2200
2201 2198 2202
2201 2203 2198
2204 2198 2203
2204 2203 2205
2206 2207 2203
2206 2208 2207
2209 2203 2207
2209 2207 2210
2211 2212 2207
2211 2213 2212
2214 2207 2212
2214 2212 2215
2216 2212 2213
2216 2217 2212
2218 2212 2217
2218 2217 2219
2219 2217 2220
2219 2220 2221
2222 2220 2217
2222 2217 2223
2224 2225 2226
2224 2187 2225
2225 2187 2227
2225 2227 2228
2229 2230 2231
2229 2232 2230
2233 2230 2232
2234 2233 2232
2235 2233 2234
2235 2234 2236
2237 2236 2234
2237 2234 2238
2233 2239 2230
2240 2239 2233
2240 2241 2239
2239 2242 2230
2243 2230 2242
2243 2242 2244
2245 2244 2242
2245 2242 2246
2239 2247 2242
2247 2246 2242
2248 2247 2239
2248 2249 2247
2247 2250 2246
2251 2250 2247
2251 2252 2250
2246 2250 2253
2254 2253 2250
2254 2255 2253
2256 2253 2255
2256 2257 2253
2258 2253 2257
2246 2253 2258
2258 2257 2259
2260 2258 2259
2260 2261 2258
2262 2246 2258
2262 2263 2246
2264 2232 2265
2264 2266 2232
2234 2232 2266
2267 2234 2266
2267 2238 2234
2268 2267 2266
2268 2266 2269
2270 2238 2267
2271 2270 2267
2271 2267 2272
2270 2273 2238
2274 2238 2273
2274 2275 2238
2276 2273 2270
2277 2276 2270
2277 2278 2276
2276 2279 2273
2280 2273 2279
2280 2279 2281
2282 2283 2284
2282 2285 2283
2286 2285 2282
2286 2287 2285
2288 2282 2289
2288 2289 2290
2291 2282 2288
2291 2288 2292
2293 2285 2294
2293 2294 2295
2296 2294 2285
2296 2297 2294
2298 2288 2299
2298 2299 2300
2301 2288 2298
2301 2298 2302
2303 2298 2304
2303 2304 2305
2306 2298 2303
2307 2303 2305
2306 2303 2308
2309 2308 2303
2307 2310 2303
2309 2303 2310
2310 2311 2312
2310 2312 2313
2314 2310 2313
2314 2313 2315
2313 2316 2317
2313 2317 2318
2319 2313 2318
2319 2318 2320
2321 2322 2323
2321 2294 2322
2324 2322 2294
2324 2325 2322
2326 2327 2328
2326 2328 2329
2329 2328 2330
2329 2330 2331
2331 2332 2329
2333 2329 2332
2333 2332 2334
2335 2331 2330
2335 2330 2336
2337 2336 2330
2337 2330 2338
2328 2338 2330
2328 2339 2338
2340 2339 2328
2340 2341 2339
2339 2341 2342
2339 2342 2343
2339 2344 2338
2339 2343 2344
2345 2338 2344
2345 2346 2338
2343 2347 2344
2348 2344 2347
2348 2347 2349
2343 2350 2347
2351 2350 2343
2351 2352 2350
2350 2353 2347
2354 2347 2353
2354 2353 2355
2350 2356 2353
2357 2356 2350
2357 2358 2356
2359 2353 2356
2360 2353 2359
2360 2359 2361
2359 2356 2362
2363 2362 2356
2363 2364 2362
2365 2366 2367
2365 2367 2368
2369 2365 2368
2369 2368 2370
2371 2369 2370
2371 2372 2369
2370 2368 2332
2373 2332 2368
2373 2368 2374
2370 2332 2375
2331 2375 2332
2376 2370 2375
2376 2377 2370
2378 2375 2331
2378 2331 2379
2380 2381 2382
2380 2382 2383
2384 2383 2382
2384 2385 2383
2383 2385 2386
2383 2386 2387
2388 2383 2387
2388 2389 2383
2390 2391 2387
2390 2387 2392
2387 2393 2392
2387 2394 2393
2395 2396 2392
2395 2392 2397
2398 2397 2392
2398 2399 2397
2400 2397 2401
2400 2401 2402
2403 2401 2397
2403 2404 2401
2405 2401 2406
2405 2406 2407
2408 2406 2401
2408 2409 2406
2410 2407 2406
2410 2406 2411
2412 2411 2406
2412 2413 2411
2413 2414 2411
2413 2415 2414
2416 2411 2414
2416 2417 2411
2418 2419 2420
2418 2420 2382
2420 2421 2382
2420 2422 2421
2423 2424 2425
2423 2425 2426
2427 2426 2425
2428 2426 2427
2429 2428 2427
2429 2430 2428
2431 2428 2430
2431 2432 2428
2427 2425 2433
2434 2427 2433
2434 2433 2435
2433 2425 2436
2437 2436 2425
2437 2438 2436
2439 2436 2438
2439 2440 2436
2433 2436 2441
2441 2436 2440
2442 2433 2441
2442 2441 2443
2441 2440 2444
2445 2441 2444
2445 2444 2446
2440 2447 2444
2448 2444 2447
2448 2447 2449
2450 2449 2447
2450 2447 2451
2452 2451 2447
2440 2452 2447
2452 2453 2451
2454 2453 2452
2454 2452 2455
2456 2452 2440
2456 2440 2457
2458 2459 2426
2458 2426 2460
2428 2460 2426
2461 2460 2428
2461 2428 2432
2462 2460 2461
2462 2463 2460
2464 2461 2432
2465 2461 2464
2465 2466 2461
2464 2432 2467
2468 2467 2432
2468 2432 2469
2467 2470 2464
2471 2464 2470
2471 2470 2472
2467 2473 2470
2474 2473 2467
2474 2475 2473
2476 2477 2478
2476 2478 2479
2480 2476 2479
2480 2479 2481
2482 2483 2476
2482 2484 2483
2485 2482 2476
2485 2486 2482
2487 2488 2479
2487 2489 2488
2490 2479 2488
2490 2488 2491
2492 2493 2482
2492 2494 2493
2495 2492 2482
2495 2496 2492
2497 2492 2498
2497 2498 2499
2500 2498 2492
2501 2499 2498
2500 2502 2498
2503 2498 2502
2501 2498 2504
2503 2504 2498
2504 2505 2506
2504 2507 2505
2508 2507 2504
2508 2509 2507
2507 2510 2511
2507 2512 2510
2513 2512 2507
2513 2514 2512
2515 2516 2517
2515 2517 2488
2518 2488 2517
2518 2517 2519
2520 2521 2522
2520 2523 2521
2524 2521 2523
2524 2523 2525
2526 2524 2525
2526 2527 2524
2528 2524 2527
2528 2529 2524
2529 2521 2524
2530 2525 2523
2530 2523 2531
2530 2531 2532
2529 2533 2521
2534 2521 2533
2534 2533 2535
2536 2535 2533
2536 2533 2537
2538 2533 2529
2538 2537 2533
2539 2538 2529
2539 2529 2540
2541 2537 2538
2542 2541 2538
2542 2543 2541
2541 2544 2537
2545 2537 2544
2545 2544 2546
2547 2544 2541
2548 2547 2541
2548 2549 2547
2547 2550 2544
2551 2544 2550
2551 2550 2552
2553 2550 2547
2554 2553 2547
2554 2555 2553
2553 2556 2550
2556 2557 2550
2556 2558 2557
2559 2560 2525
2559 2525 2561
2530 2561 2525
2562 2561 2530
2563 2561 2562
2563 2562 2564
2562 2530 2565
2565 2530 2566
2565 2566 2567
2568 2565 2567
2568 2569 2565
2570 2565 2569
2570 2562 2565
2571 2562 2570
2571 2570 2572
2573 2574 2575
2573 2576 2574
2573 2577 2576
2573 2578 2577
2578 2579 2577
2578 2580 2579
2581 2579 2580
2581 2580 2582
2582 2583 2581
2582 2584 2583
2585 2583 2584
2585 2584 2586
2586 2587 2585
2586 2588 2587
2589 2587 2588
2589 2588 2590
2591 2589 2590
2591 2592 2589
2593 2592 2591
2594 2587 2589
2594 2589 2592
2585 2587 2595
2594 2595 2587
2583 2585 2596
2585 2595 2596
2581 2583 2597
2583 2596 2597
2593 2598 2592
2599 2598 2593
2594 2592 2600
2600 2592 2598
2596 2595 2601
2601 2597 2596
2602 2595 2594
2602 2594 2600
2601 2595 2602
2602 2600 2603
2581 2597 2604
2604 2579 2581
2599 2605 2598
2606 2605 2599
2600 2598 2607
2603 2600 2607
2607 2598 2605
2604 2597 2608
2608 2597 2601
2604 2609 2579
2608 2609 2604
2577 2579 2609
2610 2601 2602
2603 2610 2602
2606 2611 2605
2612 2611 2606
2607 2605 2613
2603 2607 2613
2613 2605 2611
2612 2614 2611
2615 2614 2612
2613 2611 2616
2616 2611 2614
2617 2613 2616
2603 2613 2617
2616 2614 2618
2618 2617 2616
2615 2619 2614
2619 2618 2614
2615 2620 2619
2615 2621 2620
2622 2620 2621
2622 2623 2620
2619 2624 2618
2624 2619 2620
2620 2623 2625
2624 2620 2625
2625 2623 2626
2618 2627 2617
2627 2618 2624
2628 2624 2625
2625 2626 2628
2627 2624 2628
2627 2629 2617
2603 2617 2629
2626 2630 2628
2626 2631 2630
2628 2632 2627
2627 2632 2629
2628 2630 2632
2603 2629 2633
2603 2633 2610
2631 2634 2630
2635 2634 2631
2632 2636 2629
2636 2633 2629
2630 2637 2632
2630 2634 2637
2632 2637 2636
2635 2638 2634
2638 2635 2639
2638 2639 2640
2634 2641 2637
2638 2641 2634
2638 2640 2642
2642 2640 2643
2642 2643 2644
2642 2645 2638
2645 2641 2638
2637 2641 2646
2637 2646 2636
2642 2644 2647
2645 2642 2647
2648 2641 2645
2648 2646 2641
2645 2647 2649
2645 2649 2648
2648 2649 2650
2651 2649 2647
2644 2651 2647
2649 2651 2650
2646 2648 2652
2652 2648 2650
2646 2653 2636
2653 2646 2652
2644 2654 2651
2644 2655 2654
2655 2656 2654
2636 2653 2657
2636 2657 2633
2657 2610 2633
2651 2654 2658
2650 2651 2658
2659 2654 2656
2659 2658 2654
2659 2656 2660
2661 2657 2653
2661 2653 2652
2610 2657 2662
2657 2661 2662
2659 2660 2663
2663 2660 2664
2664 2665 2663
2664 2666 2665
2667 2659 2663
2667 2663 2668
2667 2668 2669
2667 2669 2670
2667 2671 2659
2658 2659 2671
2667 2670 2672
2672 2671 2667
2672 2670 2673
2658 2671 2674
2650 2658 2674
2672 2675 2671
2674 2671 2675
2672 2673 2676
2676 2675 2672
2677 2676 2673
2677 2673 2678
2679 2650 2674
2674 2675 2679
2676 2680 2675
2677 2680 2676
2679 2675 2680
2679 2681 2650
2652 2650 2681
2679 2680 2682
2682 2681 2679
2681 2683 2652
2683 2661 2652
2682 2684 2681
2681 2684 2683
2685 2682 2680
2685 2684 2682
2683 2686 2661
2684 2686 2683
2677 2687 2680
2685 2680 2687
2688 2661 2686
2688 2662 2661
2685 2689 2684
2686 2684 2689
2687 2690 2685
2685 2691 2689
2685 2690 2691
2692 2686 2689
2692 2689 2691
2693 2687 2677
2687 2693 2690
2688 2686 2694
2694 2686 2692
2692 2695 2694
2688 2694 2696
2695 2696 2694
2688 2697 2662
2696 2697 2688
2698 2662 2697
2698 2610 2662
2610 2698 2601
2698 2608 2601
2696 2699 2697
2698 2697 2699
2699 2696 2695
2698 2700 2608
2698 2699 2700
2700 2699 2701
2700 2702 2608
2608 2702 2609
2703 2702 2700
2700 2701 2703
2704 2609 2702
2704 2702 2703
2704 2705 2609
2577 2609 2705
2576 2577 2705
2706 2704 2703
2705 2704 2706
2576 2705 2707
2705 2706 2707
2574 2576 2707
2706 2574 2707
2706 2708 2574
2706 2703 2709
2709 2708 2706
2701 2709 2703
2709 2710 2708
2709 2711 2710
2709 2712 2711
2701 2712 2709
2711 2712 2713
2711 2713 2714
2714 2713 2715
2714 2715 2716
2717 2715 2713
2712 2717 2713
2712 2701 2717
2717 2701 2718
2718 2715 2717
2718 2701 2719
2719 2701 2699
2695 2719 2699
2720 2718 2719
2718 2720 2715
2695 2720 2719
2695 2721 2720
2721 2715 2720
2721 2695 2722
2692 2722 2695
2692 2691 2722
2721 2722 2723
2723 2715 2721
2716 2715 2724
2716 2724 2725
2724 2726 2725
2727 2722 2691
2723 2722 2727
2723 2728 2715
2724 2715 2728
2728 2723 2727
2724 2728 2729
2724 2729 2726
2728 2727 2729
2730 2726 2729
2730 2731 2726
2731 2730 2732
2733 2727 2691
2690 2733 2691
2729 2727 2734
2727 2733 2734
2729 2734 2730
2733 2690 2735
2733 2735 2734
2730 2734 2735
2735 2690 2693
2736 2732 2730
2737 2732 2736
2730 2735 2738
2735 2693 2738
2730 2738 2736
2737 2736 2739
2737 2739 2740
2741 2740 2739
2741 2739 2742
2736 2743 2739
2736 2738 2743
2744 2739 2743
2744 2743 2745
2743 2746 2745
2738 2693 2747
2738 2747 2743
2743 2747 2746
2693 2677 2747
2677 2746 2747
2748 2746 2677
2748 2749 2746
2750 2746 2749
2751 2752 2753
2751 2753 2754
2751 2754 2755
2751 2755 2756
2756 2755 2757
2756 2757 2758
2758 2757 2759
2758 2759 2760
2760 2759 2761
2760 2761 2762
2763 2762 2761
2763 2764 2762
2765 2764 2763
2765 2766 2764
2767 2766 2765
2767 2768 2766
2767 2769 2768
2767 2770 2769
2770 2771 2769
2765 2772 2767
2770 2767 2772
2763 2773 2765
2765 2773 2772
2761 2774 2763
2763 2774 2773
2759 2775 2761
2761 2775 2774
2770 2776 2771
2776 2777 2771
2770 2772 2778
2776 2770 2778
2774 2779 2773
2779 2774 2775
2773 2780 2772
2780 2778 2772
2773 2779 2780
2780 2781 2778
2759 2782 2775
2757 2782 2759
2776 2783 2777
2783 2784 2777
2776 2778 2785
2778 2781 2785
2783 2776 2785
2782 2786 2775
2786 2779 2775
2757 2787 2782
2787 2786 2782
2755 2787 2757
2788 2780 2779
2781 2780 2788
2783 2789 2784
2790 2784 2789
2783 2785 2791
2781 2791 2785
2789 2783 2791
2790 2789 2792
2793 2790 2792
2789 2791 2794
2794 2792 2789
2791 2795 2794
2781 2795 2791
2794 2796 2792
2796 2794 2795
2793 2792 2797
2797 2792 2796
2798 2793 2797
2798 2799 2793
2800 2799 2798
2800 2798 2801
2797 2796 2802
2802 2798 2797
2798 2803 2801
2802 2803 2798
2803 2804 2801
2796 2795 2805
2805 2802 2796
2806 2803 2802
2803 2806 2804
2805 2806 2802
2805 2795 2807
2807 2795 2781
2804 2806 2808
2804 2808 2809
2806 2805 2810
2805 2807 2810
2806 2810 2808
2807 2781 2811
2781 2788 2811
2809 2808 2812
2813 2809 2812
2810 2807 2814
2811 2814 2807
2808 2810 2815
2808 2815 2812
2810 2814 2815
2813 2812 2816
2816 2817 2813
2816 2818 2817
2812 2815 2819
2816 2812 2819
2816 2820 2818
2820 2821 2818
2820 2822 2821
2820 2816 2823
2823 2816 2819
2815 2824 2819
2815 2814 2824
2820 2825 2822
2823 2825 2820
2826 2823 2819
2826 2819 2824
2823 2827 2825
2823 2826 2827
2826 2828 2827
2829 2825 2827
2822 2825 2829
2827 2828 2829
2824 2830 2826
2828 2826 2830
2824 2814 2831
2831 2830 2824
2822 2829 2832
2822 2832 2833
2834 2833 2832
2835 2834 2832
2836 2834 2835
2829 2837 2832
2837 2829 2828
2835 2832 2837
2814 2838 2831
2811 2838 2814
2838 2811 2788
2839 2831 2838
2839 2830 2831
2788 2840 2838
2838 2840 2839
2836 2835 2841
2841 2842 2836
2842 2841 2843
2842 2843 2844
2845 2835 2837
2837 2828 2845
2846 2841 2835
2847 2841 2846
2847 2846 2848
2846 2849 2848
2846 2835 2850
2845 2850 2835
2846 2851 2849
2851 2846 2850
2851 2852 2849
2853 2850 2845
2851 2850 2853
2854 2845 2828
2853 2845 2854
2851 2855 2852
2853 2855 2851
2856 2852 2855
2856 2857 2852
2854 2828 2858
2828 2830 2858
2853 2854 2859
2859 2854 2858
2853 2860 2855
2860 2856 2855
2853 2859 2860
2861 2858 2830
2861 2830 2839
2861 2862 2858
2859 2858 2862
2859 2863 2860
2860 2863 2856
2861 2839 2864
2862 2861 2864
2865 2859 2862
2859 2865 2863
2866 2864 2839
2866 2839 2840
2865 2862 2867
2864 2867 2862
2863 2865 2868
2869 2865 2867
2869 2868 2865
2870 2867 2864
2870 2869 2867
2856 2863 2871
2863 2868 2871
2866 2872 2864
2872 2870 2864
2873 2870 2872
2866 2874 2872
2873 2872 2874
2866 2840 2875
2874 2866 2875
2876 2875 2840
2876 2840 2788
2788 2779 2876
2876 2779 2786
2874 2875 2877
2876 2877 2875
2877 2873 2874
2876 2786 2878
2876 2878 2877
2879 2877 2878
2880 2878 2786
2787 2880 2786
2880 2881 2878
2879 2878 2881
2787 2882 2880
2882 2881 2880
2787 2883 2882
2755 2883 2787
2754 2883 2755
2884 2881 2882
2884 2882 2883
2754 2885 2883
2884 2883 2885
2753 2885 2754
2884 2885 2753
2884 2753 2886
2884 2887 2881
2887 2884 2886
2879 2881 2887
2887 2886 2888
2889 2887 2888
2889 2890 2887
2879 2887 2890
2889 2891 2890
2889 2892 2891
2893 2891 2892
2893 2892 2894
2893 2895 2891
2890 2891 2895
2890 2895 2879
2879 2895 2896
2893 2896 2895
2896 2897 2879
2897 2877 2879
2873 2877 2897
2898 2897 2896
2893 2898 2896
2873 2897 2898
2873 2898 2899
2899 2898 2893
2899 2900 2873
2873 2900 2870
2870 2900 2869
2899 2901 2900
2893 2901 2899
2894 2902 2893
2894 2903 2902
2902 2903 2904
2905 2869 2900
2901 2905 2900
2893 2906 2901
2902 2906 2893
2906 2905 2901
2902 2907 2906
2902 2904 2907
2906 2907 2905
2908 2907 2904
2908 2904 2909
2910 2908 2909
2911 2869 2905
2868 2869 2911
2907 2912 2905
2905 2912 2911
2907 2908 2912
2911 2913 2868
2911 2912 2913
2908 2913 2912
2913 2871 2868
2910 2914 2908
2915 2914 2910
2908 2916 2913
2913 2916 2871
2908 2914 2916
2915 2917 2914
2915 2918 2917
2917 2918 2919
2917 2919 2920
2921 2914 2917
2921 2916 2914
2922 2921 2917
2922 2923 2921
2921 2923 2924
2925 2871 2916
2925 2916 2921
2921 2924 2925
2856 2871 2925
2856 2925 2924
2926 2856 2924
2926 2924 2927
2928 2927 2924
2929 2930 2931
2931 2930 2932
2933 2934 2935
2933 2935 2936
2937 2938 2939
2937 2939 2940
2941 2942 2943
2941 2943 2944
2945 2946 2947
2945 2947 2948
2949 2950 2951
2949 2951 2952
2953 2954 2955
2953 2955 2956
2957 2958 2959
2957 849 2958
849 835 2958
2960 2958 835
2960 835 2961
2962 2963 2964
2962 2964 860
2965 2962 860
2965 860 2966
2967 2966 860
2968 2962 2969
2968 2970 2962
2971 2970 2968
2971 2972 2970
2970 2973 2962
2970 2974 2973
2975 2976 2970
2975 2977 2976
2978 2979 2980
2978 2980 2981
2980 2982 2981
2983 2984 2985
2984 2986 2985
2987 2988 2989
2989 2988 2990
2991 2989 2990
2991 2990 2992
2992 2990 2993
2994 2990 2988
2995 2989 2991
2991 2996 2995
2991 2997 2996
2997 2991 2998
2999 2998 2991
2999 2991 2992
2999 2992 3000
3001 3000 2992
3001 2992 3002
3002 2992 3003
2993 3003 2992
2993 3004 3003
2993 3005 3004
3005 2993 3006
2993 3007 3006
3007 2993 3008
3008 2993 2990
3008 2990 3009
3009 3010 3008
2990 2994 3009
3011 3012 3013
3011 3014 3012
3014 3015 3012
3014 3016 3015
3016 3017 3015
3016 3018 3017
3019 3020 3021
3019 3022 3020
3023 3020 3022
3024 3023 3022
3024 3022 3025
3026 3025 3022
3026 3022 3027
3028 3023 3024
3028 3029 3023
3028 3030 3029
3029 3030 3031
3031 3023 3029
3031 3032 3023
3032 3020 3023
3032 3031 3033
3034 3032 3033
3032 3034 3020
3034 3033 3035
3036 3034 3035
3036 3037 3034
3038 3020 3034
3038 3039 3020
3040 3041 3042
3040 3043 3041
3043 3044 3041
3043 3045 3044
3045 3046 3044
3045 3047 3046
3048 3049 3050
3048 3051 3049
3052 3049 3051
3053 3052 3051
3053 3051 3054
3055 3054 3051
3055 3051 3056
3057 3052 3053
3057 3058 3052
3057 3059 3058
3058 3059 3060
3060 3052 3058
3060 3061 3052
3061 3049 3052
3061 3060 3062
3063 3061 3062
3061 3063 3049
3063 3062 3064
3065 3063 3064
3065 3066 3063
3067 3049 3063
3067 3068 3049
3069 3070 3071
3069 3072 3070
3072 3073 3070
3072 3074 3073
3074 3075 3073
3074 3076 3075
3077 3078 3079
3077 3080 3078
3081 3078 3080
3082 3081 3080
3082 3080 3083
3084 3083 3080
3084 3080 3085
3086 3081 3082
3086 3087 3081
3086 3088 3087
3087 3088 3089
3089 3081 3087
3089 3090 3081
3090 3078 3081
3090 3089 3091
3092 3090 3091
3090 3092 3078
3092 3091 3093
3094 3092 3093
3094 3095 3092
3096 3078 3092
3096 3097 3078
3098 3099 3100
3098 3101 3099
3101 3098 3102
3099 3101 3103
3099 3103 3104
3101 3102 3105
3105 3103 3101
3105 3106 3103
3107 3105 3102
3105 3108 3106
3107 3109 3105
3105 3109 3108
3107 3110 3109
3108 3109 3110
3111 3112 3113
3111 3113 3114
3115 3111 3114
3115 3114 3116
3115 3116 3117
3115 3117 3118
3118 3117 3119
3118 3119 3120
3121 3120 3119
3121 3119 3122
3122 3123 3121
3124 3123 3122
3124 3125 3123
3126 3125 3124
3126 3124 3127
3128 3126 3127
3128 3129 3126
3130 3129 3128
3130 3128 3131
3132 3130 3131
3133 3134 3135
3133 3136 3134
3137 3136 3133
3137 3138 3136
3137 3139 3138
3137 3140 3139
3140 3141 3139
3140 3142 3141
3143 3141 3142
3143 3144 3141
3144 3143 3145
3146 3144 3145
3146 3145 3147
3146 3147 3148
3146 3148 3149
3148 3150 3149
3148 3151 3150
3152 3150 3151
3152 3153 3150
3154 3153 3152
3155 3156 3157
3155 3157 3158
3159 3155 3158
3157 3160 3158
3157 3161 3160
3158 3160 3162
3158 3162 3163
3159 3158 3163
3162 3164 3163
3163 3165 3159
3164 3165 3163
3159 3165 3166
3167 3165 3164
3165 3168 3166
3167 3169 3165
3165 3169 3168
3167 3170 3169
3169 3170 3171
3172 3168 3169
3169 3171 3172
3172 3173 3168
3172 3171 3174
3175 3173 3172
3172 3174 3176
3175 3172 3176
3174 3177 3176
3177 3175 3176
3174 3178 3177
3177 3179 3175
3180 3177 3178
3177 3181 3179
3180 3182 3177
3177 3182 3181
3183 3181 3182
3180 3184 3182
3183 3182 3185
3185 3182 3184
3184 3186 3185
3187 3188 3189
3187 3190 3188
3190 3187 3191
3192 3188 3190
3190 3191 3193
3190 3193 3194
3192 3190 3195
3190 3194 3195
3196 3192 3195
3194 3196 3195
3196 3197 3192
3193 3191 3198
3199 3198 3191
3198 3199 3200
3201 3197 3196
3202 3201 3196
3201 3203 3197
3194 3204 3196
3202 3196 3204
3193 3198 3205
3198 3200 3206
3206 3205 3198
3207 3206 3200
3207 3200 3208
3209 3207 3208
3194 3193 3210
3193 3205 3210
3211 3210 3205
3211 3205 3212
3206 3212 3205
3207 3212 3206
3211 3213 3210
3194 3210 3213
3214 3194 3213
3214 3204 3194
3209 3215 3207
3216 3215 3209
3207 3217 3212
3211 3212 3217
3214 3213 3218
3211 3218 3213
3207 3215 3219
3207 3219 3217
3216 3220 3215
3215 3221 3219
3215 3220 3221
3222 3220 3216
3222 3216 3223
3222 3223 3224
3220 3225 3221
3220 3222 3225
3222 3224 3226
3226 3224 3227
3222 3226 3228
3222 3228 3225
3226 3227 3229
3228 3226 3229
3229 3227 3230
3217 3219 3231
3219 3221 3232
3219 3232 3231
3221 3225 3233
3221 3233 3232
3225 3228 3234
3225 3234 3233
3228 3229 3235
3234 3228 3235
3217 3231 3236
3211 3217 3236
3233 3237 3232
3231 3232 3237
3233 3238 3237
3231 3237 3239
3240 3231 3239
3240 3236 3231
3241 3238 3233
3241 3233 3234
3236 3240 3242
3243 3241 3234
3234 3235 3243
3243 3244 3241
3236 3242 3245
3245 3242 3246
3236 3245 3211
3247 3244 3243
3235 3247 3243
3247 3248 3244
3245 3246 3249
3249 3211 3245
3250 3249 3246
3235 3251 3247
3229 3251 3235
3252 3248 3247
3251 3252 3247
3252 3253 3248
3254 3253 3252
3229 3255 3251
3229 3230 3255
3251 3256 3252
3255 3256 3251
3230 3257 3255
3255 3257 3256
3230 3258 3257
3257 3258 3259
3254 3252 3260
3256 3260 3252
3257 3259 3261
3261 3259 3262
3257 3263 3256
3257 3261 3263
3256 3263 3260
3264 3254 3260
3264 3265 3254
3261 3262 3266
3266 3263 3261
3260 3263 3267
3260 3267 3264
3266 3267 3263
3268 3265 3264
3267 3268 3264
3268 3269 3265
3270 3269 3268
3267 3271 3268
3266 3271 3267
3270 3268 3272
3266 3273 3271
3273 3266 3262
3273 3270 3272
3273 3262 3274
3273 3274 3270
3275 3276 3277
3275 3277 3278
3279 3275 3278
3278 3277 3203
3279 3278 3280
3281 3279 3280
3278 3203 3282
3280 3278 3282
3201 3282 3203
3282 3201 3283
3201 3202 3283
3280 3282 3284
3282 3283 3284
3285 3284 3283
3281 3280 3286
3286 3280 3284
3287 3281 3286
3287 3288 3281
3287 3289 3288
3286 3284 3290
3285 3290 3284
3287 3286 3290
3202 3291 3283
3285 3283 3291
3287 3290 3292
3292 3290 3285
3287 3293 3289
3294 3287 3292
3294 3293 3287
3289 3293 3295
3295 3293 3294
3289 3295 3296
3295 3297 3296
3292 3285 3298
3294 3292 3298
3285 3291 3299
3285 3299 3300
3300 3298 3285
3300 3301 3298
3298 3301 3302
3291 3303 3299
3298 3302 3304
3294 3298 3304
3304 3302 3305
3295 3294 3306
3306 3294 3304
3304 3305 3307
3306 3304 3307
3307 3305 3308
3291 3309 3303
3202 3309 3291
3310 3295 3306
3295 3310 3297
3311 3306 3307
3310 3306 3311
3312 3297 3310
3312 3310 3311
3312 3313 3297
3312 3314 3313
3307 3308 3315
3311 3307 3315
3308 3316 3315
3311 3315 3316
3308 3317 3316
3316 3317 3318
3312 3311 3319
3311 3316 3319
3312 3320 3314
3320 3312 3319
3316 3318 3321
3322 3321 3318
3316 3323 3319
3316 3321 3323
3320 3319 3323
3314 3320 3324
3314 3324 3325
3322 3326 3321
3326 3323 3321
3327 3320 3323
3326 3327 3323
3327 3324 3320
3328 3326 3322
3327 3326 3328
3329 3328 3322
3328 3329 3330
3327 3328 3331
3324 3327 3331
3328 3330 3332
3333 3332 3330
3324 3331 3334
3325 3324 3334
3333 3325 3334
3333 3334 3332
3335 3336 3337
3335 3338 3336
3339 3338 3335
3336 3338 3340
3336 3340 3341
3338 3342 3340
3338 3343 3342
3339 3343 3338
3342 3343 3344
3343 3339 3345
3344 3343 3345
3339 3346 3345
3347 3344 3345
3345 3346 3348
3347 3345 3349
3345 3348 3349
3347 3349 3350
3349 3351 3350
3352 3349 3348
3349 3352 3351
3352 3348 3353
3352 3354 3351
3355 3352 3353
3352 3356 3354
3355 3356 3352
3354 3356 3357
3357 3356 3355
3354 3357 3358
3357 3355 3359
3360 3358 3357
3357 3359 3361
3360 3357 3362
3357 3361 3362
3363 3362 3361
3360 3362 3364
3363 3365 3362
3365 3364 3362
3364 3365 3366
3367 3368 3369
3367 3370 3368
3371 3370 3367
3370 3372 3368
3371 3373 3370
3370 3373 3374
3375 3373 3371
3374 3373 3375
3375 3371 3376
3370 3377 3372
3370 3374 3377
3378 3375 3376
3375 3378 3379
3378 3376 3380
3377 3381 3372
3382 3372 3381
3381 3383 3382
3374 3375 3384
3375 3379 3384
3378 3380 3385
3378 3386 3379
3385 3386 3378
3387 3385 3380
3387 3380 3388
3389 3387 3388
3389 3388 3390
3391 3387 3389
3391 3392 3387
3392 3385 3387
3393 3392 3391
3392 3394 3385
3385 3394 3386
3395 3386 3394
3393 3396 3392
3396 3394 3392
3397 3396 3393
3397 3393 3398
3397 3398 3399
3396 3400 3394
3395 3394 3400
3397 3400 3396
3395 3401 3386
3379 3386 3401
3397 3402 3400
3402 3395 3400
3397 3399 3403
3404 3402 3397
3404 3397 3403
3399 3405 3403
3405 3404 3403
3399 3406 3405
3405 3406 3407
3402 3408 3395
3404 3408 3402
3395 3409 3401
3395 3410 3409
3410 3395 3408
3410 3408 3411
3408 3412 3411
3401 3409 3413
3408 3414 3412
3404 3414 3408
3414 3415 3412
3405 3416 3404
3416 3414 3404
3414 3417 3415
3416 3417 3414
3417 3418 3415
3401 3413 3419
3379 3401 3419
3420 3416 3405
3405 3407 3420
3421 3417 3416
3420 3421 3416
3422 3420 3407
3422 3421 3420
3422 3407 3423
3422 3423 3424
3417 3425 3418
3421 3425 3417
3418 3425 3426
3421 3426 3425
3418 3426 3427
3426 3428 3427
3422 3429 3421
3421 3429 3426
3422 3424 3430
3430 3429 3422
3426 3431 3428
3432 3428 3431
3426 3429 3433
3426 3433 3431
3430 3433 3429
3424 3434 3430
3424 3435 3434
3432 3431 3436
3436 3431 3433
3437 3433 3430
3436 3433 3437
3437 3430 3434
3438 3432 3436
3437 3438 3436
3439 3432 3438
3438 3440 3439
3437 3441 3438
3434 3441 3437
3438 3442 3440
3443 3440 3442
3434 3444 3441
3435 3444 3434
3443 3444 3435
3443 3442 3444
3445 3446 3447
3445 3447 3448
3449 3445 3448
3449 3450 3445
3451 3450 3449
3451 3449 3452
3452 3453 3451
3452 3454 3453
3454 3455 3453
3454 3456 3455
3456 3457 3455
3456 3458 3457
3459 3457 3458
3459 3458 3460
3461 3459 3460
3461 3460 3462
3462 3463 3461
3462 3464 3463
3464 3465 3463
3464 3466 3465
3467 3461 3463
3467 3463 3465
3459 3461 3468
3467 3468 3461
3457 3459 3469
3459 3468 3469
3470 3455 3457
3457 3469 3470
3471 3465 3466
3471 3466 3472
3470 3473 3455
3453 3455 3473
3474 3471 3472
3474 3472 3475
3475 3476 3474
3475 3477 3476
3474 3476 3478
3474 3478 3479
3471 3474 3479
3480 3479 3478
3481 3465 3471
3471 3479 3481
3480 3482 3479
3482 3480 3483
3479 3482 3484
3479 3484 3481
3481 3485 3465
3467 3465 3485
3482 3483 3486
3484 3482 3486
3481 3487 3485
3481 3484 3487
3467 3485 3488
3488 3485 3487
3487 3489 3488
3467 3488 3490
3488 3489 3490
3490 3468 3467
3490 3491 3468
3491 3490 3489
3491 3469 3468
3492 3486 3483
3492 3483 3493
3494 3492 3493
3494 3493 3495
3496 3492 3494
3496 3486 3492
3496 3494 3497
3497 3498 3496
3497 3499 3498
3500 3498 3499
3496 3501 3486
3498 3501 3496
3484 3486 3501
3502 3484 3501
3498 3502 3501
3502 3487 3484
3500 3503 3498
3504 3503 3500
3505 3487 3502
3487 3505 3489
3506 3502 3498
3506 3498 3503
3502 3506 3505
3504 3507 3503
3506 3503 3507
3506 3507 3508
3507 3504 3509
3505 3506 3510
3505 3510 3489
3510 3506 3508
3507 3509 3511
3511 3508 3507
3512 3511 3509
3489 3510 3513
3510 3508 3513
3512 3514 3511
3514 3512 3515
3489 3513 3516
3491 3489 3516
3511 3517 3508
3514 3517 3511
3514 3515 3518
3519 3518 3515
3514 3520 3517
3518 3520 3514
3521 3508 3517
3520 3521 3517
3522 3521 3520
3508 3523 3513
3521 3523 3508
3519 3524 3518
3524 3519 3525
3518 3526 3520
3526 3522 3520
3524 3526 3518
3523 3527 3513
3516 3513 3527
3523 3521 3528
3527 3523 3528
3522 3528 3521
3524 3525 3529
3530 3529 3525
3524 3531 3526
3531 3524 3529
3527 3528 3532
3516 3527 3532
3526 3533 3522
3531 3533 3526
3532 3528 3534
3534 3528 3522
3530 3535 3529
3536 3535 3530
3536 3530 3537
3538 3536 3537
3538 3539 3536
3531 3529 3540
3535 3540 3529
3531 3541 3533
3540 3541 3531
3542 3522 3533
3541 3542 3533
3534 3522 3543
3542 3543 3522
3544 3535 3536
3535 3544 3540
3545 3534 3543
3545 3532 3534
3545 3546 3532
3543 3547 3545
3546 3545 3547
3543 3548 3547
3549 3548 3543
3549 3543 3542
3550 3549 3542
3546 3547 3551
3550 3542 3552
3552 3553 3550
3541 3552 3542
3546 3554 3532
3516 3532 3554
3555 3546 3551
3546 3555 3554
3555 3551 3556
3555 3556 3557
3555 3557 3558
3554 3555 3558
3559 3558 3557
3560 3516 3554
3554 3558 3560
3560 3491 3516
3561 3552 3541
3552 3561 3553
3559 3562 3558
3562 3560 3558
3560 3563 3491
3491 3563 3469
3470 3469 3563
3561 3541 3564
3540 3564 3541
3565 3553 3561
3564 3565 3561
3565 3566 3553
3540 3567 3564
3564 3567 3565
3540 3544 3567
3562 3568 3560
3560 3568 3563
3470 3563 3569
3568 3569 3563
3569 3473 3470
3562 3570 3568
3568 3570 3569
3570 3562 3559
3570 3559 3571
3572 3570 3571
3572 3573 3570
3569 3570 3573
3574 3573 3572
3575 3567 3544
3575 3565 3567
3569 3576 3473
3569 3573 3576
3574 3577 3573
3578 3577 3574
3576 3579 3473
3453 3473 3579
3579 3451 3453
3573 3580 3576
3573 3577 3580
3576 3580 3579
3579 3581 3451
3580 3581 3579
3581 3450 3451
3578 3582 3577
3580 3577 3582
3583 3582 3578
3583 3578 3584
3580 3582 3585
3580 3585 3581
3583 3585 3582
3581 3586 3450
3445 3450 3586
3587 3581 3585
3583 3587 3585
3587 3586 3581
3584 3588 3583
3584 3589 3588
3583 3590 3587
3590 3586 3587
3583 3588 3590
3591 3588 3589
3591 3589 3592
3588 3593 3590
3588 3594 3593
3445 3586 3595
3590 3595 3586
3445 3595 3596
3445 3596 3597
3598 3595 3590
3598 3590 3599
3575 3600 3601
3575 3602 3600
3575 3544 3602
3544 3536 3602
3536 3603 3602
3536 3604 3603
3605 3606 3575
3605 3607 3606
3575 3606 3565
3566 3565 3606
3566 3606 3608
3608 3606 3609
3608 3609 3610
3611 3612 3613
3611 3613 3614
3615 3616 3617
3615 3617 3618
3619 3620 3621
3619 3621 3622
3623 3624 3625
3623 3625 3626
3627 3626 3628
3627 3628 3629
3630 3627 3631
3630 3631 3632
3633 3634 3632
3633 3635 3634
3636 3637 3638
3636 3639 3637
3640 3637 3639
3641 3642 3643
3641 3643 3644
3645 3646 3647
3645 3647 3648
3649 3650 3651
3649 3651 3652
3653 3654 3655
3653 3655 3656
3657 3658 3659
3657 3659 3660
3661 3662 3663
3661 3664 3662
3665 3666 3664
3665 3667 3666
3668 3669 3665
3668 3670 3669
3671 3670 3672
3671 3672 3673
3674 3675 3676
3674 3676 3677
3678 3677 3676
3679 3680 3681
3679 3681 3682
3683 3684 3685
3683 3685 3686
3687 3688 3689
3690 3689 3688
3687 3691 3688
3692 3691 3687
3690 3688 3693
3693 3694 3690
3692 3695 3691
3695 3692 3696
3691 3697 3688
3697 3693 3688
3694 3693 3698
3694 3698 3699
3700 3699 3698
3701 3698 3693
3697 3701 3693
3700 3698 3702
3701 3702 3698
3703 3700 3702
3703 3702 3701
3704 3703 3701
3704 3701 3697
3705 3697 3691
3704 3697 3705
3705 3691 3695
3704 3705 3706
3707 3706 3705
3708 3705 3695
3707 3705 3708
3708 3695 3709
3696 3709 3695
3696 3710 3709
3711 3709 3710
3711 3712 3709
3708 3709 3712
3712 3711 3713
3707 3708 3714
3708 3712 3714
3707 3714 3715
3713 3716 3712
3714 3712 3716
3713 3717 3716
3715 3714 3718
3714 3716 3718
3717 3718 3716
3715 3718 3719
3717 3719 3718
3720 3721 3722
3723 3720 3722
3720 3724 3721
3724 3725 3721
3723 3726 3720
3724 3720 3726
3723 3727 3726
3725 3724 3728
3728 3724 3726
3725 3728 3729
3727 3730 3726
3728 3726 3730
3727 3731 3730
3732 3730 3731
3733 3729 3728
3730 3733 3728
3733 3734 3729
3732 3734 3733
3732 3735 3730
3730 3735 3733
3732 3733 3735
3736 3737 3738
3739 3736 3738
3736 3740 3737
3740 3741 3737
3739 3742 3736
3740 3736 3742
3739 3743 3742
3741 3740 3744
3744 3740 3742
3741 3744 3745
3743 3746 3742
3744 3742 3746
3743 3747 3746
3748 3746 3747
3749 3745 3744
3746 3749 3744
3749 3750 3745
3748 3750 3749
3748 3751 3746
3746 3751 3749
3748 3749 3751
3752 3753 3754
3755 3752 3754
3752 3756 3753
3756 3757 3753
3755 3758 3752
3756 3752 3758
3755 3759 3758
3757 3756 3760
3760 3756 3758
3757 3760 3761
3759 3762 3758
3760 3758 3762
3759 3763 3762
3764 3762 3763
3765 3761 3760
3762 3765 3760
3765 3766 3761
3764 3766 3765
3764 3767 3762
3762 3767 3765
3764 3765 3767
3768 3218 3211
3768 3211 3249
3769 3218 3768
3769 3770 3218
3214 3218 3770
3249 3771 3768
3772 3769 3768
3772 3768 3771
3249 3773 3771
3250 3773 3249
3774 3773 3250
3773 3775 3771
3774 3776 3773
3773 3776 3775
3777 3776 3774
3775 3776 3777
3777 3774 3778
3777 3778 3779
3780 3772 3771
3780 3771 3775
3770 3769 3781
3782 3770 3781
3783 3769 3772
3783 3781 3769
3783 3772 3784
3783 3785 3781
3772 3786 3784
3772 3780 3786
3781 3785 3787
3781 3787 3782
3788 3786 3780
3782 3787 3789
3788 3780 3790
3790 3780 3775
3791 3788 3790
3790 3775 3792
3775 3777 3792
3791 3790 3793
3793 3790 3792
3794 3791 3793
3777 3795 3792
3793 3792 3795
3794 3793 3796
3796 3793 3795
3777 3797 3795
3777 3779 3797
3798 3794 3796
3798 3799 3794
3800 3799 3798
3796 3795 3801
3801 3795 3797
3798 3796 3801
3802 3797 3779
3801 3797 3802
3802 3779 3803
3804 3802 3803
3800 3798 3805
3806 3800 3805
3798 3801 3807
3807 3801 3802
3805 3798 3807
3804 3808 3802
3807 3802 3808
3805 3807 3809
3809 3807 3808
3804 3810 3808
3809 3808 3810
3804 3811 3810
3806 3805 3812
3812 3805 3809
3811 3813 3810
3811 3814 3813
3813 3814 3815
3816 3809 3810
3812 3809 3816
3816 3810 3813
3806 3812 3817
3817 3812 3816
3806 3817 3818
3813 3819 3816
3817 3816 3819
3818 3817 3820
3820 3817 3819
3818 3820 3821
3821 3820 3822
3821 3822 3823
3823 3822 3824
3823 3824 3825
3825 3824 3815
3820 3819 3826
3813 3827 3819
3813 3815 3827
3824 3827 3815
3827 3824 3826
3827 3826 3819
3214 3770 3828
3782 3828 3770
3214 3828 3829
3830 3829 3828
3828 3831 3830
3214 3829 3204
3829 3832 3204
3830 3832 3829
3832 3202 3204
3833 3202 3832
3202 3833 3309
3832 3834 3833
3832 3830 3834
3833 3835 3309
3833 3834 3835
3303 3309 3835
3303 3835 3836
3835 3837 3836
3834 3838 3835
3835 3838 3837
3834 3839 3838
3830 3839 3834
3840 3837 3838
3839 3840 3838
3840 3841 3837
3842 3841 3840
3842 3843 3841
3839 3844 3840
3844 3842 3840
3843 3842 3845
3843 3845 3846
3845 3847 3846
3844 3848 3842
3848 3845 3842
3839 3849 3844
3849 3848 3844
3830 3850 3839
3839 3850 3849
3850 3830 3851
3831 3851 3830
3851 3852 3850
3851 3853 3852
3831 3853 3851
3850 3852 3854
3850 3854 3849
3831 3855 3853
3849 3854 3856
3857 3855 3831
3849 3858 3848
3849 3856 3858
3858 3859 3848
3848 3859 3845
3856 3860 3858
3858 3860 3859
3856 3861 3860
3859 3862 3845
3845 3862 3847
3861 3863 3860
3861 3864 3863
3865 3863 3864
3860 3866 3859
3859 3866 3862
3860 3863 3866
3847 3862 3867
3847 3867 3868
3867 3869 3868
3862 3866 3870
3863 3870 3866
3862 3870 3867
3865 3871 3863
3863 3871 3870
3872 3871 3865
3867 3873 3869
3870 3873 3867
3871 3874 3870
3870 3874 3873
3875 3869 3873
3874 3875 3873
3875 3876 3869
3875 3877 3876
3872 3878 3871
3871 3878 3874
3874 3879 3875
3878 3879 3874
3872 3880 3878
3878 3880 3879
3872 3881 3880
3875 3882 3877
3879 3882 3875
3881 3883 3880
3881 3884 3883
3885 3883 3884
3880 3886 3879
3879 3886 3882
3880 3883 3886
3877 3882 3887
3887 3882 3886
3877 3887 3888
3885 3889 3883
3886 3883 3889
3890 3888 3887
3890 3891 3888
3890 3892 3891
3890 3893 3892
3892 3893 3894
3894 3889 3885
3892 3894 3895
3894 3885 3895
3887 3896 3890
3896 3889 3894
3887 3886 3897
3887 3897 3896
3896 3897 3889
3886 3889 3897
3828 3898 3831
3782 3898 3828
3899 3831 3898
3857 3831 3899
3900 3898 3782
3899 3898 3900
3901 3857 3899
3901 3899 3900
3901 3902 3857
3900 3782 3903
3782 3789 3903
3903 3789 3904
3905 3902 3901
3905 3906 3902
3905 3907 3906
3901 3900 3908
3908 3900 3903
3908 3905 3901
3903 3904 3909
3908 3903 3909
3905 3910 3907
3911 3907 3910
3908 3912 3905
3909 3912 3908
3912 3910 3905
3904 3913 3909
3909 3913 3912
3904 3914 3913
3913 3914 3915
3912 3916 3910
3913 3916 3912
3911 3910 3917
3917 3910 3916
3913 3915 3918
3913 3918 3916
3919 3911 3917
3919 3920 3911
3917 3916 3921
3921 3916 3918
3919 3917 3921
3922 3918 3915
3921 3918 3922
3922 3915 3923
3924 3922 3923
3925 3920 3919
3925 3926 3920
3927 3926 3925
3919 3921 3928
3928 3921 3922
3928 3925 3919
3924 3929 3922
3928 3922 3929
3928 3930 3925
3929 3930 3928
3924 3931 3929
3929 3931 3930
3924 3932 3931
3931 3932 3933
3927 3925 3934
3930 3934 3925
3931 3933 3935
3935 3933 3936
3931 3937 3930
3930 3937 3934
3931 3935 3937
3938 3934 3937
3935 3938 3937
3939 3927 3934
3938 3939 3934
3939 3940 3927
3941 3940 3939
3941 3939 3938
3941 3942 3940
3941 3943 3942
3941 3944 3943
3941 3938 3945
3946 3943 3944
3946 3945 3938
3946 3947 3943
3947 3946 3936
3935 3936 3948
3935 3948 3938
3946 3938 3948
3946 3948 3936
3949 3950 3951
3949 3951 3952
3949 3952 3953
3954 3953 3952
3949 3955 3950
3953 3955 3949
3954 3956 3953
3956 3954 3957
3958 3950 3955
3958 3959 3950
3958 3960 3959
3953 3961 3955
3961 3953 3956
3961 3958 3955
3956 3957 3962
3961 3956 3962
3962 3957 3963
3958 3964 3960
3964 3965 3960
3966 3965 3964
3961 3967 3958
3962 3967 3961
3967 3964 3958
3962 3963 3968
3962 3968 3967
3968 3963 3969
3968 3969 3970
3970 3967 3968
3970 3969 3971
3967 3972 3964
3970 3972 3967
3966 3964 3973
3973 3964 3972
3971 3974 3970
3971 3975 3974
3970 3976 3972
3973 3972 3976
3970 3974 3976
3977 3966 3973
3977 3973 3976
3977 3978 3966
3977 3979 3978
3977 3980 3979
3980 3981 3979
3980 3982 3981
3977 3976 3983
3974 3983 3976
3983 3980 3977
3983 3984 3980
3975 3985 3974
3974 3985 3983
3985 3984 3983
3975 3986 3985
3986 3987 3985
3987 3988 3985
3985 3988 3984
3987 3989 3988
3990 3988 3989
3990 3991 3988
3991 3984 3988
3992 3991 3990
3992 3993 3991
3993 3992 3994
3991 3995 3984
3995 3991 3993
3993 3994 3996
3997 3996 3994
3998 3984 3995
3995 3993 3999
3998 3995 3999
3993 4000 3999
3993 3996 4000
3998 4001 3984
4001 3980 3984
4000 4002 3999
3998 3999 4002
4000 4003 4002
4004 3998 4002
4005 4000 3996
4005 4003 4000
3997 4006 3996
4005 3996 4006
3997 4007 4006
3997 4008 4007
4009 4001 3998
4004 4009 3998
4001 4010 3980
3980 4010 3982
4010 4011 3982
4010 4012 4011
4011 4012 4013
4014 4013 4012
4010 4015 4012
4014 4012 4015
4010 4001 4015
4016 4014 4015
4017 4015 4001
4016 4015 4017
4017 4001 4009
4018 4016 4017
4018 4019 4016
4018 4020 4019
4021 4017 4009
4021 4018 4017
4022 4020 4018
4023 4020 4022
4023 4022 4024
4018 4025 4022
4025 4024 4022
4018 4021 4025
4025 4026 4024
4025 4027 4026
4025 4028 4027
4021 4028 4025
4028 4029 4027
4009 4030 4021
4021 4030 4028
4009 4004 4030
4031 4030 4004
4030 4031 4032
4032 4028 4030
4028 4033 4029
4032 4033 4028
4029 4033 4034
4032 4034 4033
4029 4034 4035
4032 4036 4034
4031 4036 4032
4037 4035 4034
4037 4034 4036
4037 4038 4035
4039 4038 4037
4039 4040 4038
4039 4041 4040
4039 4042 4041
4042 4043 4041
4044 4039 4037
4044 4042 4039
4037 4036 4045
4044 4037 4045
4045 4036 4046
4031 4046 4036
4043 4042 4047
4043 4047 4048
4047 4049 4048
4047 4050 4049
4050 4051 4049
4042 4052 4047
4052 4050 4047
4050 4053 4051
4053 4054 4051
4044 4055 4042
4042 4055 4052
4044 4045 4056
4045 4046 4056
4057 4055 4044
4044 4056 4057
4058 4053 4050
4052 4058 4050
4059 4052 4055
4057 4059 4055
4054 4053 4060
4054 4060 4061
4061 4060 4062
4061 4062 4063
4064 4060 4053
4062 4060 4064
4063 4062 4065
4062 4064 4065
4063 4065 4066
4065 4067 4066
4064 4053 4068
4058 4068 4053
4069 4058 4052
4059 4069 4052
4065 4064 4070
4068 4070 4064
4065 4071 4067
4065 4070 4071
4067 4071 4070
4067 4070 4072
4072 4070 4073
4068 4073 4070
4072 4073 4074
4075 4074 4073
4076 4068 4058
4076 4073 4068
4075 4073 4076
4069 4076 4058
4075 4076 4077
4077 4076 4069
4077 4069 4078
4078 4069 4059
4078 4059 4079
4080 4079 4059
4080 4059 4057
4080 4057 4081
4082 4081 4057
4082 4057 4056
4046 4082 4056
4046 4083 4082
4083 4046 4084
4083 4084 4085
4031 4084 4046
4085 4084 4086
4031 4086 4084
4085 4086 4087
4088 4087 4086
4088 4089 4087
4031 4090 4086
4090 4088 4086
4091 4089 4088
4091 4092 4089
4091 4093 4092
4031 4094 4090
4095 4090 4094
4095 4096 4090
4094 4031 4004
4094 4004 4095
4090 4097 4088
4097 4091 4088
4096 4097 4090
4091 4098 4093
4098 4099 4093
4100 4099 4098
4097 4101 4091
4101 4098 4091
4095 4004 4102
4102 4004 4002
4102 4002 4003
4096 4103 4097
4103 4101 4097
4104 4095 4102
4104 4102 4003
4100 4098 4105
4101 4106 4098
4106 4105 4098
4103 4107 4101
4107 4106 4101
4108 4100 4105
4108 4109 4100
4108 4110 4109
4096 4111 4103
4111 4107 4103
4096 4112 4111
4111 4113 4107
4114 4107 4113
4096 4115 4112
4114 4116 4107
4107 4116 4106
4114 4117 4116
4117 4118 4116
4106 4116 4118
4117 4119 4118
4119 4120 4118
4119 4121 4120
4122 4120 4121
4106 4118 4123
4123 4118 4120
4106 4123 4105
4123 4108 4105
4096 4124 4115
4095 4124 4096
4115 4124 4125
4125 4124 4095
4115 4125 4126
4127 4126 4125
4104 4125 4095
4127 4125 4128
4104 4128 4125
4129 4127 4128
4123 4130 4108
4123 4120 4130
4129 4128 4131
4131 4132 4129
4104 4133 4128
4133 4131 4128
4130 4134 4108
4108 4134 4110
4134 4135 4110
4120 4136 4130
4130 4136 4134
4131 4137 4132
4137 4138 4132
4139 4138 4137
4135 4134 4140
4135 4140 4141
4120 4142 4136
4122 4142 4120
4122 4143 4142
4142 4143 4144
4134 4136 4145
4134 4145 4140
4145 4136 4142
4146 4141 4140
4145 4146 4140
4146 4147 4141
4142 4144 4148
4145 4142 4148
4148 4144 4149
4145 4150 4146
4150 4147 4146
4148 4150 4145
4150 4151 4147
4148 4149 4152
4148 4152 4150
4152 4149 4151
4152 4151 4150
4104 4003 4153
4153 4133 4104
4153 4003 4154
4154 4003 4155
4005 4155 4003
4153 4154 4156
4156 4154 4155
4156 4155 4157
4153 4156 4158
4159 4157 4155
4158 4160 4153
4153 4160 4133
4158 4161 4160
4159 4155 4162
4162 4155 4005
4163 4159 4162
4160 4164 4133
4133 4164 4131
4164 4137 4131
4161 4165 4160
4160 4165 4164
4161 4166 4165
4167 4165 4166
4162 4005 4168
4168 4005 4006
4168 4006 4007
4163 4162 4169
4169 4162 4168
4170 4163 4169
4164 4171 4137
4165 4171 4164
4167 4172 4165
4165 4172 4171
4167 4173 4172
4174 4168 4007
4169 4168 4174
4169 4175 4170
4174 4175 4169
4176 4170 4175
4171 4177 4137
4139 4137 4177
4173 4178 4172
4173 4179 4178
4172 4180 4171
4171 4180 4177
4172 4178 4180
4181 4139 4177
4180 4181 4177
4181 4182 4139
4181 4183 4182
4184 4176 4175
4184 4185 4176
4179 4186 4178
4179 4187 4186
4188 4186 4187
4178 4189 4180
4180 4189 4181
4178 4186 4189
4181 4190 4183
4189 4190 4181
4190 4191 4183
4188 4192 4186
4188 4193 4192
4194 4192 4193
4186 4195 4189
4189 4195 4190
4186 4192 4195
4191 4190 4196
4191 4196 4197
4198 4190 4195
4192 4198 4195
4198 4196 4190
4194 4199 4192
4192 4199 4198
4200 4199 4194
4200 4201 4199
4198 4199 4201
4202 4201 4200
4198 4201 4203
4202 4203 4201
4196 4198 4203
4204 4203 4202
4205 4204 4197
4205 4197 4196
4196 4203 4205
4204 4205 4203
4174 4206 4175
4184 4175 4206
4207 4206 4174
4174 4007 4207
4008 4207 4007
4008 4208 4207
4207 4208 4209
4209 4210 4207
4207 4210 4206
4210 4209 4211
4210 4211 4212
4184 4206 4213
4210 4213 4206
4210 4212 4214
4210 4214 4213
4215 4184 4213
4215 4185 4184
4215 4216 4185
4215 4217 4216
4212 4218 4214
4212 4219 4218
4219 4220 4218
4214 4221 4213
4215 4213 4221
4214 4218 4221
4215 4222 4217
4221 4222 4215
4222 4223 4217
4220 4224 4218
4220 4225 4224
4224 4225 4226
4218 4227 4221
4221 4227 4222
4218 4224 4227
4228 4222 4227
4224 4228 4227
4229 4223 4222
4228 4229 4222
4229 4230 4223
4224 4226 4231
4224 4231 4228
4232 4231 4226
4230 4229 4233
4228 4233 4229
4230 4233 4234
4232 4235 4231
4228 4231 4235
4236 4235 4232
4228 4237 4233
4237 4234 4233
4237 4236 4234
4228 4235 4237
4236 4237 4235
4238 4239 4240
4238 4241 4239
4238 4240 4242
4242 4240 4243
4242 4243 4244
4238 4242 4244
4244 4243 4245
4238 4246 4241
4238 4244 4246
4246 4247 4241
4244 4245 4248
4248 4246 4244
4246 4249 4247
4248 4249 4246
4249 4250 4247
4249 4251 4250
4248 4251 4249
4251 4252 4250
4253 4248 4245
4248 4253 4251
4253 4245 4254
4255 4253 4254
4255 4251 4253
4255 4254 4256
4251 4257 4252
4255 4257 4251
4257 4255 4256
4257 4256 4252
4258 4259 4260
4258 4260 4261
4258 4262 4259
4262 4263 4259
4258 4261 4264
4265 4264 4261
4262 4266 4263
4263 4266 4267
4263 4267 4268
4269 4268 4267
4269 4267 4270
4267 4271 4270
4270 4272 4269
4270 4273 4272
4273 4270 4271
4273 4274 4272
4273 4275 4274
4275 4276 4274
4271 4277 4273
4277 4275 4273
4262 4278 4266
4266 4279 4267
4266 4278 4279
4278 4280 4279
4281 4267 4279
4281 4271 4267
4280 4281 4279
4262 4282 4278
4282 4262 4258
4278 4283 4280
4282 4283 4278
4282 4258 4284
4284 4258 4264
4282 4285 4283
4285 4282 4284
4280 4283 4286
4283 4287 4286
4283 4285 4287
4280 4286 4288
4287 4285 4289
4285 4284 4289
4287 4289 4290
4289 4291 4290
4284 4264 4292
4289 4284 4292
4293 4280 4288
4293 4288 4294
4295 4293 4294
4289 4296 4291
4289 4292 4296
4297 4292 4264
4265 4297 4264
4280 4293 4298
4280 4298 4281
4295 4299 4293
4298 4293 4299
4300 4291 4296
4300 4301 4291
4302 4301 4300
4303 4296 4292
4297 4303 4292
4303 4300 4296
4304 4297 4265
4304 4303 4297
4304 4265 4305
4306 4300 4303
4304 4306 4303
4307 4304 4305
4306 4304 4307
4307 4305 4308
4309 4307 4308
4302 4300 4310
4306 4310 4300
4306 4307 4311
4310 4306 4311
4302 4310 4312
4310 4311 4312
4302 4312 4313
4312 4314 4313
4309 4315 4307
4311 4307 4315
4312 4316 4314
4316 4317 4314
4312 4311 4318
4311 4315 4318
4312 4318 4316
4319 4318 4315
4316 4318 4319
4320 4315 4309
4319 4315 4320
4320 4309 4321
4322 4320 4321
4322 4319 4320
4322 4321 4323
4322 4323 4324
4322 4324 4325
4322 4326 4319
4327 4325 4324
4327 4319 4326
4327 4324 4328
4328 4317 4327
4316 4329 4317
4316 4319 4329
4327 4329 4319
4327 4317 4329
4295 4330 4331
4331 4330 4332
4295 4331 4299
4331 4332 4333
4334 4333 4332
4334 4335 4333
4336 4335 4334
4336 4337 4335
4338 4337 4336
4331 4339 4299
4333 4340 4331
4331 4340 4339
4335 4341 4333
4333 4341 4340
4337 4342 4335
4335 4342 4341
4341 4342 4343
4337 4344 4342
4343 4342 4344
4338 4345 4337
4345 4344 4337
4346 4345 4338
4346 4338 4347
4348 4346 4347
4345 4349 4344
4346 4349 4345
4348 4350 4346
4351 4350 4348
4343 4344 4352
4349 4352 4344
4346 4353 4349
4350 4353 4346
4349 4354 4352
4353 4354 4349
4343 4352 4355
4354 4355 4352
4343 4355 4356
4354 4357 4355
4343 4356 4358
4359 4357 4354
4353 4360 4354
4359 4354 4360
4350 4361 4353
4361 4360 4353
4359 4360 4362
4361 4362 4360
4359 4362 4363
4343 4358 4364
4341 4343 4364
4358 4365 4364
4365 4341 4364
4358 4366 4365
4365 4340 4341
4366 4367 4365
4367 4340 4365
4366 4368 4367
4367 4339 4340
4339 4367 4369
4339 4369 4370
4367 4371 4369
4371 4367 4368
4299 4339 4370
4371 4368 4372
4299 4370 4298
4373 4371 4372
4373 4369 4371
4373 4372 4374
4375 4298 4370
4375 4281 4298
4374 4376 4373
4374 4377 4376
4376 4377 4378
4369 4373 4379
4379 4373 4376
4375 4370 4380
4369 4380 4370
4375 4381 4281
4271 4281 4381
4376 4378 4382
4379 4376 4383
4383 4376 4382
4384 4379 4383
4385 4382 4378
4385 4378 4386
4387 4385 4386
4383 4382 4388
4388 4382 4385
4384 4383 4389
4389 4383 4388
4384 4390 4379
4369 4379 4390
4271 4381 4391
4391 4392 4271
4271 4392 4277
4381 3384 4391
4375 3384 4381
4375 3374 3384
4391 3384 3379
4375 4380 3374
4393 4391 3379
4391 4393 4392
3379 3419 4393
3374 4380 4394
4369 4394 4380
3374 4394 3377
4393 3419 4395
4393 4395 4392
3413 4395 3419
3413 4396 4395
4395 4396 4397
4369 4398 4394
3377 4394 4398
4369 4390 4398
3377 4398 3381
4392 4395 4399
4395 4397 4399
4392 4399 4277
4400 4398 4390
4400 3381 4398
3381 4400 3383
4384 4400 4390
4384 3383 4400
4384 4401 3383
4402 4401 4384
4402 4384 4389
4403 4402 4389
4404 4399 4397
4277 4399 4404
4404 4397 4405
4403 4389 4406
4389 4388 4406
4277 4404 4407
4277 4407 4275
4408 4404 4405
4407 4404 4408
4408 4405 4409
4410 4403 4406
4410 4411 4403
4410 4412 4411
4406 4388 4413
4406 4413 4410
4388 4385 4413
4275 4407 4414
4407 4408 4414
4409 4415 4408
4414 4408 4415
4409 4416 4415
4415 4416 4417
4410 4418 4412
4418 4419 4412
4413 4385 4420
4387 4420 4385
4410 4413 4421
4410 4421 4418
4413 4420 4421
4418 4422 4419
4421 4422 4418
4422 4423 4419
4424 4420 4387
4424 4387 4425
4420 4426 4421
4420 4424 4426
4421 4426 4422
4427 4424 4425
4426 4424 4427
4427 4425 4428
4422 4426 4429
4426 4427 4429
4430 4427 4428
4429 4427 4430
4430 4428 4431
4432 4430 4431
4422 4433 4423
4422 4429 4433
4429 4430 4434
4433 4429 4434
4423 4433 4435
4433 4434 4435
4423 4435 4436
4435 4437 4436
4432 4438 4430
4434 4430 4438
4435 4439 4437
4439 4440 4437
4435 4434 4441
4435 4441 4439
4434 4438 4441
4442 4438 4432
4442 4432 4443
4439 4444 4440
4444 4439 4441
4438 4445 4441
4438 4442 4445
4444 4441 4445
4446 4442 4443
4445 4442 4446
4446 4443 4447
4448 4446 4447
4445 4446 4449
4444 4445 4449
4448 4450 4446
4444 4449 4451
4451 4440 4444
4451 4450 4448
4451 4452 4440
4451 4448 4452
4453 4361 4350
4351 4453 4350
4453 4454 4361
4454 4362 4361
4351 4455 4453
4455 4454 4453
4351 4456 4455
4454 4457 4362
4363 4362 4457
4363 4457 4458
4457 4459 4458
4456 4460 4455
4456 4461 4460
4455 4462 4454
4457 4454 4462
4460 4462 4455
4461 4463 4460
4461 4464 4463
4464 4465 4463
4464 4466 4465
4466 4459 4465
4460 4467 4462
4457 4462 4468
4457 4468 4459
4465 4459 4468
4468 4462 4467
4468 4467 4465
4469 4470 4471
4472 4471 4470
4472 4473 4471
4474 4473 4472
4469 4471 4475
4473 4476 4471
4476 4475 4471
4477 4469 4475
4477 4478 4469
4479 4478 4477
4479 4477 4480
4481 4479 4480
4481 4482 4479
4481 4483 4482
4484 4477 4475
4481 4485 4483
4485 4481 4484
4486 4483 4485
4484 4475 4487
4476 4487 4475
4485 4484 4487
4485 4487 4476
4486 4485 4488
4485 4476 4488
4489 4486 4488
4489 4490 4486
4489 4491 4490
4492 4488 4476
4492 4489 4488
4473 4492 4476
4493 4492 4473
4474 4493 4473
4494 4489 4492
4493 4494 4492
4474 4495 4493
4495 4494 4493
4474 4496 4495
4489 4497 4491
4494 4497 4489
4496 4498 4495
4496 4499 4498
4500 4498 4499
4495 4501 4494
4501 4497 4494
4498 4501 4495
4502 4491 4497
4501 4502 4497
4502 4503 4491
4417 4503 4502
4417 4502 4504
4504 4502 4501
4415 4417 4504
4500 4505 4498
4276 4505 4500
4498 4506 4501
4504 4501 4506
4505 4506 4498
4507 4415 4504
4507 4504 4506
4505 4507 4506
4414 4415 4507
4276 4508 4505
4508 4507 4505
4508 4414 4507
4275 4508 4276
4275 4414 4508
4509 4510 4511
4509 4512 4510
4509 4513 4512
4514 4512 4513
4509 4511 4515
4513 4509 4515
4514 4513 4516
4516 4517 4514
4518 4515 4511
4518 4511 4519
4518 4519 4520
4513 4515 4521
4521 4516 4513
4521 4515 4518
4516 4522 4517
4521 4522 4516
4522 4523 4517
4518 4520 4524
4524 4520 4525
4526 4524 4525
4521 4518 4527
4522 4521 4527
4527 4518 4524
4522 4528 4523
4522 4527 4528
4528 4529 4523
4528 4530 4529
4530 4528 4527
4530 4531 4529
4527 4524 4532
4530 4527 4532
4526 4533 4524
4533 4532 4524
4531 4530 4534
4531 4534 4535
4530 4532 4536
4533 4536 4532
4530 4536 4534
4537 4533 4526
4537 4536 4533
4537 4526 4538
4537 4538 4539
4537 4539 4540
4540 4539 4541
4540 4541 4542
4537 4543 4536
4534 4536 4543
4543 4537 4540
4543 4540 4544
4535 4534 4545
4534 4543 4545
4545 4543 4544
4535 4545 4546
4546 4545 4547
4547 4545 4548
4545 4544 4548
4547 4548 4549
4550 4549 4548
4550 4548 4551
4551 4548 4544
4552 4550 4551
4540 4542 4553
4553 4542 4554
4552 4551 4555
4555 4556 4552
4551 4544 4557
4557 4555 4551
4558 4544 4540
4558 4540 4553
4553 4554 4559
4554 4560 4559
4561 4559 4560
4553 4559 4562
4561 4562 4559
4553 4562 4558
4563 4562 4561
4564 4557 4544
4564 4544 4558
4563 4565 4562
4565 4558 4562
4557 4566 4555
4564 4566 4557
4563 4567 4565
4563 4568 4567
4567 4568 4569
4565 4570 4558
4570 4564 4558
4571 4564 4570
4564 4572 4566
4571 4572 4564
4555 4566 4573
4573 4566 4572
4573 4572 4574
4575 4570 4565
4575 4565 4567
4576 4567 4569
4577 4576 4569
4577 4578 4576
4567 4576 4579
4579 4576 4578
4567 4579 4575
4579 4578 4580
4579 4580 4581
4579 4581 4582
4575 4579 4582
4582 4581 4583
4570 4575 4584
4575 4582 4584
4570 4584 4571
4585 4571 4584
4584 4586 4585
4586 4584 4582
4582 4583 4587
4586 4582 4587
4583 4588 4587
4586 4587 4588
4583 4589 4588
4586 4588 4590
4590 4585 4586
4591 4588 4589
4591 4590 4588
4591 4589 4592
4593 4591 4592
4593 4592 4594
4593 4594 4595
4593 4595 4596
4596 4595 4597
4598 4591 4593
4598 4593 4596
4591 4599 4590
4598 4599 4591
4599 4600 4590
4590 4600 4585
4597 4601 4596
4597 4602 4601
4601 4602 4603
4601 4603 4604
4604 4603 4605
4596 4601 4606
4606 4601 4604
4604 4605 4607
4607 4605 4608
4598 4596 4609
4596 4606 4609
4598 4610 4599
4599 4610 4600
4611 4598 4609
4598 4611 4610
4612 4604 4607
4606 4604 4612
4613 4609 4606
4611 4609 4613
4608 4614 4607
4608 4615 4614
4615 4616 4614
4615 4617 4616
4618 4607 4614
4616 4618 4614
4617 4619 4616
4616 4619 4618
4617 4620 4619
4619 4620 4621
4618 4622 4607
4612 4607 4622
4623 4606 4612
4613 4606 4623
4619 4624 4618
4622 4618 4624
4619 4621 4625
4619 4625 4624
4621 4624 4625
4621 4626 4624
4626 4627 4624
4622 4624 4627
4626 4628 4627
4629 4627 4628
4630 4612 4622
4630 4622 4627
4629 4630 4627
4623 4612 4630
4629 4631 4630
4631 4623 4630
4631 4632 4623
4632 4613 4623
4632 4633 4613
4634 4613 4633
4634 4611 4613
4634 4635 4611
4636 4611 4635
4636 4610 4611
4600 4610 4636
4600 4636 4637
4637 4638 4600
4637 4639 4638
4585 4600 4638
4639 4640 4638
4585 4638 4640
4639 4641 4640
4642 4640 4641
4642 4641 4643
4644 4585 4640
4644 4640 4642
4645 4642 4643
4645 4643 4646
4645 4646 4647
4644 4648 4585
4644 4649 4648
4644 4650 4649
4648 4571 4585
4648 4649 4571
4644 4642 4651
4651 4642 4645
4650 4644 4651
4645 4647 4652
4652 4647 4653
4654 4652 4653
4651 4645 4655
4655 4645 4652
4649 4656 4571
4656 4572 4571
4656 4574 4572
4650 4651 4657
4657 4651 4655
4649 4658 4656
4574 4656 4658
4654 4659 4652
4655 4652 4660
4660 4652 4659
4657 4655 4661
4661 4655 4660
4662 4659 4654
4662 4654 4663
4662 4663 4664
4650 4657 4665
4665 4657 4661
4650 4665 4666
4665 4661 4667
4668 4667 4661
4650 4666 4669
4668 4661 4670
4661 4660 4670
4668 4670 4671
4671 4670 4672
4660 4672 4670
4671 4672 4673
4673 4672 4674
4673 4674 4675
4676 4675 4674
4660 4677 4672
4677 4674 4672
4660 4659 4677
4677 4659 4662
4650 4669 4678
4649 4650 4678
4669 4679 4678
4679 4649 4678
4669 4680 4679
4681 4679 4680
4649 4679 4658
4681 4682 4679
4658 4679 4682
4683 4682 4681
4677 4662 4684
4677 4684 4674
4683 4685 4682
4685 4683 4686
4658 4682 4687
4687 4682 4685
4684 4662 4688
4662 4664 4688
4688 4664 4689
4674 4684 4690
4684 4688 4690
4685 4686 4691
4691 4686 4692
4693 4691 4692
4689 4694 4688
4689 4695 4694
4674 4690 4696
4676 4674 4696
4676 4696 4697
4696 4698 4697
4688 4699 4690
4688 4694 4699
4699 4696 4690
4700 4694 4695
4699 4694 4700
4700 4695 4701
4696 4702 4698
4699 4702 4696
4702 4703 4698
4699 4700 4704
4704 4700 4701
4702 4699 4704
4704 4701 4705
4702 4706 4703
4702 4704 4706
4706 4704 4705
4706 4705 4703
4687 4685 4707
4707 4685 4691
4708 4687 4707
4709 4687 4708
4709 4658 4687
4574 4658 4709
4707 4691 4710
4708 4707 4711
4711 4707 4710
4710 4691 4712
4693 4712 4691
4713 4712 4693
4713 4693 4714
4713 4714 4715
4710 4712 4716
4716 4712 4713
4713 4715 4717
4717 4715 4718
4711 4710 4719
4719 4710 4716
4716 4713 4720
4720 4713 4717
4718 4721 4717
4718 4722 4721
4719 4716 4723
4723 4716 4720
4724 4721 4722
4724 4722 4725
4725 4726 4724
4721 4724 4726
4725 4727 4726
4728 4717 4721
4721 4726 4728
4727 4729 4726
4728 4726 4729
4727 4730 4729
4730 4731 4729
4728 4729 4731
4730 4732 4731
4732 4733 4731
4733 4728 4731
4732 4734 4733
4735 4733 4734
4728 4736 4717
4733 4736 4728
4720 4717 4736
4735 4737 4733
4737 4736 4733
4737 4720 4736
4735 4738 4737
4739 4737 4738
4723 4720 4737
4739 4723 4737
4740 4723 4739
4740 4719 4723
4741 4719 4740
4741 4711 4719
4741 4742 4711
4743 4711 4742
4743 4708 4711
4744 4708 4743
4744 4709 4708
4709 4744 4745
4709 4745 4746
4709 4746 4574
4745 4747 4746
4746 4747 4574
4745 4748 4747
4749 4747 4748
4574 4747 4750
4574 4750 4573
4749 4751 4747
4751 4750 4747
4752 4751 4749
4752 4753 4751
4754 4753 4752
4750 4755 4573
4555 4573 4755
4555 4755 4556
4756 4556 4755
4751 4757 4750
4753 4757 4751
4750 4758 4755
4756 4755 4758
4757 4758 4750
4756 4758 4759
4757 4759 4758
4756 4759 4760
4753 4754 4761
4762 4761 4754
4753 4763 4757
4763 4759 4757
4763 4753 4761
4760 4759 4764
4763 4764 4759
4760 4764 4765
4764 4766 4765
4767 4761 4762
4767 4762 4768
4763 4761 4769
4764 4763 4769
4767 4769 4761
4766 4764 4770
4764 4769 4770
4770 4771 4766
4770 4772 4771
4773 4767 4768
4773 4768 4774
4773 4774 4775
4767 4776 4769
4770 4769 4776
4773 4776 4767
4770 4777 4772
4770 4776 4777
4773 4775 4778
4778 4775 4779
4773 4780 4776
4777 4776 4780
4780 4773 4778
4772 4777 4781
4777 4780 4781
4772 4781 4782
4782 4781 4783
4781 4780 4784
4780 4778 4784
4785 4784 4778
4786 4778 4779
4785 4778 4786
4786 4779 4787
4783 4781 4788
4781 4784 4788
4788 4784 4785
4783 4788 4789
4788 4790 4789
4787 4791 4786
4785 4786 4791
4787 4792 4791
4788 4793 4790
4788 4785 4793
4794 4790 4793
4795 4791 4792
4785 4791 4795
4795 4792 4796
4794 4793 4797
4785 4797 4793
4785 4795 4797
4796 4794 4797
4796 4797 4795
4798 4799 4800
4798 4800 4801
4798 4802 4799
4802 4803 4799
4802 4804 4803
4798 4804 4802
4804 4805 4803
4798 4801 4806
4798 4806 4804
4806 4801 4807
4804 4808 4805
4808 4804 4806
4806 4807 4809
4808 4806 4809
4809 4807 4810
4809 4810 4811
4808 4809 4811
4811 4810 4812
4813 4805 4808
4808 4811 4813
4813 4814 4805
4815 4814 4813
4815 4813 4811
4815 4816 4814
4811 4812 4817
4815 4811 4817
4817 4812 4816
4817 4816 4815
