byte offset: 0
first index: 1392
index count: 2328
topology: trianglelist
format: DXGI_FORMAT_R16_UINT

428 429 430
430 431 432
430 433 434
430 434 435
436 430 435
436 435 437
438 435 439
438 440 435
441 435 440
441 440 442
440 443 444
440 444 445
445 446 440
445 447 448
445 448 449
449 448 450
449 450 451
452 445 449
452 449 451
452 451 453
452 454 445
455 445 454
455 454 456
452 453 457
452 457 454
458 454 457
457 453 458
458 459 454
460 454 459
453 451 461
451 462 461
451 463 462
459 458 464
465 458 453
465 464 458
466 465 453
467 464 465
466 453 468
453 461 468
469 466 468
467 470 464
459 464 470
467 471 470
472 470 471
469 468 473
473 468 461
473 474 469
461 475 473
461 476 475
470 477 459
478 459 477
478 477 479
473 480 474
480 473 481
480 481 482
474 480 483
474 483 484
485 483 480
485 480 486
470 487 477
488 487 470
487 489 477
490 477 491
492 487 493
487 494 495
496 497 498
499 500 497
501 502 497
501 503 502
504 497 502
504 502 505
506 507 508
509 510 507
509 511 510
512 513 514
515 516 514
514 517 518
514 518 519
520 514 519
520 519 521
522 519 523
522 523 524
522 525 526
527 528 522
527 522 529
530 531 532
533 534 535
536 537 538
539 540 541
539 542 543
544 545 539
546 544 539
546 539 547
548 547 539
548 549 547
546 547 550
550 547 551
551 547 552
553 550 551
546 550 554
546 554 544
553 555 550
554 550 555
556 555 553
556 557 555
557 556 558
554 555 559
557 559 555
560 544 554
560 554 559
560 561 544
560 559 562
559 563 562
559 557 563
557 558 564
564 558 565
566 563 557
566 557 564
564 565 567
568 567 565
568 569 567
570 564 567
569 570 567
570 566 564
570 569 571
569 572 571
570 571 573
573 566 570
573 574 566
563 566 574
574 575 563
575 576 563
575 577 576
577 578 576
577 579 578
580 563 576
580 576 578
580 578 581
578 582 581
578 583 582
578 584 583
578 585 584
586 583 584
587 588 584
583 589 590
591 583 590
584 592 593
584 593 594
595 596 597
598 599 600
598 601 602
598 603 601
604 603 598
604 598 605
601 603 606
601 606 607
604 608 603
608 606 603
609 608 604
609 610 608
607 606 611
607 611 612
608 613 606
608 614 613
615 612 611
615 616 612
606 617 611
606 613 617
615 611 617
613 618 617
613 619 618
616 615 620
616 620 621
622 615 617
622 617 623
622 623 624
625 615 622
625 622 624
625 620 615
625 624 626
625 626 627
621 620 628
621 628 629
628 630 629
631 620 625
625 627 631
631 628 620
627 632 631
628 631 632
627 633 632
634 632 633
628 635 630
628 632 635
634 635 632
635 636 630
634 636 635
637 638 639
640 637 641
640 641 642
643 641 637
644 641 643
644 645 641
645 646 641
643 637 647
637 648 647
637 649 648
650 648 649
651 643 647
652 647 648
651 647 652
643 651 653
654 651 652
654 653 651
643 653 655
643 655 656
657 655 653
657 653 658
654 659 653
659 660 653
659 661 660
662 659 654
662 663 659
652 648 664
654 652 665
664 665 652
666 654 665
666 667 654
664 648 668
668 648 650
664 669 665
665 669 670
665 670 671
664 672 669
664 668 672
669 672 673
669 673 674
668 675 672
675 676 672
675 677 676
668 678 675
668 650 678
678 679 675
680 675 679
680 679 681
678 650 682
678 683 679
678 682 683
684 679 683
682 684 683
684 685 679
685 686 679
685 687 686
688 685 684
688 689 685
684 690 688
684 691 690
682 691 684
692 690 691
682 692 691
650 693 682
682 693 692
650 694 693
695 694 650
695 696 694
697 692 693
697 698 692
698 697 699
700 697 693
700 699 697
700 693 694
700 701 699
694 702 700
701 700 702
694 696 702
701 702 703
702 704 703
696 705 702
702 705 704
696 706 705
707 705 706
707 708 705
704 705 708
704 708 709
710 704 709
711 710 709
712 709 708
712 708 713
712 713 714
715 711 709
712 715 709
715 716 711
715 712 717
718 717 712
718 712 719
715 717 720
720 721 715
717 722 720
723 724 717
720 725 726
720 727 728
729 730 731
732 733 734
734 735 736
736 645 734
737 734 645
737 645 738
736 739 645
736 740 741
742 743 736
742 736 744
745 746 696
747 748 749
750 749 751
750 751 752
752 753 754
755 756 685
757 758 759
760 758 761
760 761 762
763 764 765
766 767 763
766 768 767
769 763 767
769 770 763
771 763 770
771 770 772
769 773 770
774 770 773
774 773 775
773 776 775
769 777 773
777 778 773
769 779 777
779 780 777
769 767 781
769 781 779
781 782 779
779 782 783
779 783 784
785 783 782
785 782 786
782 781 787
788 782 787
788 787 789
787 781 790
790 781 767
791 787 790
791 790 792
790 767 793
794 790 793
794 795 790
767 796 793
797 793 796
797 796 798
768 796 767
768 799 796
800 796 799
800 799 801
799 768 802
768 803 802
799 802 804
804 805 799
804 806 805
777 807 808
809 810 811
809 812 813
809 813 814
815 809 814
815 816 809
815 814 817
818 815 817
818 819 815
820 817 814
821 820 814
821 822 820
818 817 823
824 818 823
824 823 825
820 826 817
827 823 817
827 817 826
823 827 828
823 828 829
830 827 826
830 826 831
832 826 820
832 831 826
833 832 820
833 834 832
832 835 831
831 835 836
831 836 837
835 838 836
832 839 835
840 839 832
835 841 838
841 835 839
842 838 841
842 843 838
842 844 843
842 845 844
841 839 846
842 841 846
845 842 847
842 846 847
845 847 848
847 849 848
850 846 839
850 851 846
846 851 847
847 851 849
849 851 852
853 852 851
853 854 852
855 839 856
855 857 851
858 859 818
860 861 862
863 864 860
863 865 864
866 865 867
866 867 868
869 870 871
872 873 871
872 874 873
875 876 871
877 871 876
877 876 878
875 879 876
879 880 876
879 881 880
882 876 880
882 883 876
880 884 882
880 885 884
885 880 881
885 881 886
887 885 886
887 888 885
889 888 887
890 885 888
890 891 885
889 892 888
892 889 893
892 893 894
892 894 895
896 888 892
896 897 888
898 899 900
901 902 903
904 901 905
901 904 906
907 908 604
909 910 911
912 911 913
912 913 914
915 913 911
916 915 911
916 917 915
915 918 913
919 918 915
919 920 918
918 921 913
922 914 913
922 913 921
918 923 921
924 923 918
924 925 923
926 921 923
926 923 927
928 922 921
928 929 922
930 914 922
931 930 922
931 922 932
930 933 914
933 934 914
933 935 934
936 933 930
930 937 936
938 935 933
936 938 933
938 939 935
940 939 938
940 941 939
942 941 940
943 940 938
943 938 936
942 940 944
944 940 943
944 945 942
944 946 945
947 946 944
944 943 947
947 948 946
949 948 947
949 950 948
951 949 947
951 947 943
936 951 943
936 952 951
953 952 936
954 955 956
957 956 958
957 958 959
960 961 962
961 963 964
961 965 963
966 961 964
966 964 967
968 969 964
968 964 970
970 971 968
972 968 971
972 971 973
974 975 961
976 968 977
978 968 979
980 981 968
980 968 982
983 964 984
983 984 985
986 964 983
986 987 964
988 987 986
989 987 988
990 987 989
991 986 983
991 983 992
991 992 993
991 994 986
991 995 994
996 986 997
998 999 1000
1001 1002 1003
1004 1005 1006
1007 1008 1009
1010 1011 1012
1013 1014 1015
1016 1017 1014
1014 1018 1019
1014 1019 1020
1020 1021 1022
1014 1023 1024
1014 1025 1023
1023 1025 1026
1026 1025 1027
1028 1029 1014
1028 1030 1029
1031 1014 1032
1031 1032 1033
1034 1035 1036
1037 1038 1039
1040 1041 1042
1043 1044 1045
1046 1047 1048
1049 1050 1051
1052 1053 1054
1055 1056 1057
1058 1059 1060
1061 1062 1063
1064 1065 1066
1067 1064 1068
1067 1068 1069
1070 1067 1071
1070 1071 1072
1073 1074 1075
1076 544 1077
544 1078 1079
1080 1081 1082
827 1083 1084
1085 827 1086
1085 1086 1087
1088 1089 1090
1091 1092 1093
1094 1095 1096
1097 1098 1099
1100 1101 1102
1103 1100 1104
1105 1104 1100
1105 1100 1106
1106 1100 1107
1108 1109 1110
1111 1112 1108
1113 1108 1114
1113 1114 1115
1116 1117 1111
1111 1118 1116
1111 1119 1120
1119 1121 1122
1123 1119 1122
1124 1125 1119
1124 1126 1127
1124 1127 1128
1128 1129 1124
1130 1131 1132
1133 1134 1135
1135 1136 1137
1135 1138 1136
1138 1135 1139
1138 1139 1140
1138 1140 1141
1142 1139 1135
1135 1143 1142
1135 1144 1143
1145 1142 1143
1145 1146 1142
1142 1147 1139
1147 1142 1146
1147 1148 1139
1147 1149 1148
1147 1146 1150
1150 1151 1147
1150 1152 1151
1138 1153 1154
1138 1154 1155
1156 1157 1158
1156 1159 1160
1156 1161 1162
1163 1164 1156
1163 1156 1165
1166 1167 1168
1169 1170 1171
1172 1173 1174
1175 1176 1177
1178 1179 1180
1181 1182 1183
1184 1185 1186
1185 1187 1188
1185 1188 1189
1189 1190 1185
1189 1191 1190
1189 1192 1191
1193 1185 1190
1185 1193 1194
1185 1194 1195
1196 1194 1193
1196 1193 1197
1193 1190 1198
1198 1197 1193
1198 1190 1199
1198 1199 1200
1198 1201 1197
1201 1198 1202
1201 1202 1203
1189 1204 1205
1189 1205 1206
1207 1208 1209
1207 1210 1211
1207 1212 1213
1207 1213 1214
1215 1216 1217
1218 1219 1220
1221 1222 1223
1224 1225 1226
1227 1228 1229
1230 1231 1232
1233 1234 1235
1236 1237 1238
1239 1240 1241
1239 1241 1242
1243 1244 1245
1243 1245 1246
1247 1246 1248
1247 1248 1249
1250 1251 1249
1250 1249 1252
1253 1254 1255
1253 1256 1254
1257 1256 1253
1257 1253 1258
1259 1260 1261
1259 1261 1262
655 1263 1264
655 1264 1265
1266 1267 1268
1266 1268 1269
1270 1271 659
1270 659 1272
1273 1274 1275
1273 1276 1274
1277 1276 1273
1277 1278 1276
1279 1276 1278
1276 1280 1281
1276 1282 1280
1276 1283 1282
1284 1285 783
1284 783 1286
1287 1288 1289
1287 1289 1290
1291 1292 1293
1291 1293 1294
1295 1296 1297
1298 1297 1296
1298 1296 1299
1300 1298 1299
1300 1301 1298
1302 1301 1300
1302 1303 1301
1302 1304 1303
1303 1304 1305
1305 1304 1306
1307 1305 1306
1307 1306 1308
1308 1309 1307
1310 1311 1312
1310 1312 1313
1314 1315 1316
1314 1316 1317
1318 1319 1320
1318 1320 1321
1322 1323 1324
1324 1323 1325
1325 1323 1326
1323 1327 1326
1328 1329 1330
1328 1330 1331
1331 1330 1332
1333 1334 1335
1333 1335 1336
1337 1338 1339
1337 1339 1340
1341 1337 1340
1341 1342 1337
1343 1344 1345
1343 1345 1346
1347 1348 1349
1347 1349 1350
1351 1352 1353
1353 1354 1351
1355 1354 1353
1355 1353 1356
1357 1358 1359
1357 1359 1360
1361 1362 1363
1361 1363 1364
1365 1366 1367
1365 1367 1368
1369 1370 1371
1369 1371 1372
1373 1374 1375
1373 1375 1376
1377 1378 1379
1377 1379 1380
1381 1382 1383
1381 1383 1384
1385 1386 1387
1385 1387 1388
1389 1390 1391
1389 1391 1392
1393 1394 1395
1393 1395 1396
1397 1398 1399
1397 1399 1400
1401 1402 1403
1401 1403 1404
1405 1406 1407
1405 1408 1406
1409 1408 1405
1409 1410 1408
1411 1412 1413
1411 1414 1412
1414 1415 1412
1416 1417 1411
1416 1418 1417
1418 1419 1417
1418 1420 1419
1421 1422 1423
1421 1424 1422
1424 1425 1422
1424 1426 1425
1427 1428 1429
1427 1429 1430
1431 1432 1433
1431 1433 1434
