byte offset: 0
first index: 0
index count: 9576
topology: trianglelist
format: DXGI_FORMAT_R16_UINT

0 1 2
3 4 5
6 7 8
9 10 11
12 13 14
15 16 17
18 19 20
21 22 23
24 25 26
27 28 29
30 31 32
33 34 35
36 37 38
39 40 41
42 43 44
45 46 47
48 49 50
51 52 53
54 55 56
57 58 59
60 61 62
63 64 65
66 67 68
69 70 71
72 73 74
75 76 77
78 79 80
81 82 83
84 85 86
87 88 89
90 91 92
93 94 95
96 97 98
99 100 101
102 103 104
105 106 107
108 109 110
111 112 113
114 115 116
117 118 119
120 121 122
123 124 125
126 127 128
129 130 131
132 133 134
135 136 137
138 139 140
141 142 143
144 145 146
147 148 149
150 151 152
153 154 155
156 157 158
159 160 161
162 163 164
165 166 167
168 169 170
171 172 173
174 175 176
177 178 179
180 181 182
180 182 183
180 183 184
180 184 185
185 184 186
185 186 187
187 186 188
187 188 189
189 188 190
191 192 193
191 193 194
195 196 197
195 197 198
198 197 199
198 199 200
200 199 201
200 201 202
202 201 203
202 203 204
204 203 205
204 205 206
206 205 207
206 207 208
209 208 207
209 207 210
211 209 210
211 210 212
211 212 213
214 215 216
214 217 215
214 218 217
219 217 218
219 218 220
220 221 219
220 222 221
223 221 222
223 222 224
224 225 223
224 226 225
225 226 227
228 229 230
228 231 229
229 231 232
229 232 233
233 232 234
235 236 237
235 238 236
235 239 238
235 240 239
240 241 239
240 242 241
242 243 241
242 244 243
244 245 243
246 247 248
246 248 249
250 251 252
250 253 251
253 254 251
253 255 254
255 256 254
255 257 256
257 258 256
257 259 258
259 260 258
259 261 260
261 262 260
261 263 262
264 262 263
264 265 262
266 265 264
266 267 265
266 268 267
269 270 271
269 271 272
269 272 273
274 273 272
274 275 273
275 274 276
275 276 277
278 277 276
278 279 277
279 278 280
279 280 281
280 282 281
283 284 285
283 285 286
285 287 286
285 288 287
288 289 287
290 291 292
293 290 292
294 295 296
297 294 296
298 299 300
301 298 300
302 303 304
302 304 305
305 306 302
305 304 307
305 308 306
309 306 308
305 307 310
310 308 305
307 311 310
307 312 311
310 313 308
310 311 313
309 308 314
313 314 308
312 315 311
312 316 315
315 316 317
311 318 313
311 315 318
313 318 314
315 317 319
318 315 319
319 317 320
309 314 321
309 321 322
314 318 323
318 319 323
314 323 321
319 320 324
319 324 323
321 323 324
324 320 325
326 322 321
321 324 326
324 325 326
326 327 322
326 325 328
326 328 327
329 330 331
329 331 332
333 329 332
332 331 334
333 332 335
336 333 335
332 334 337
335 332 337
337 334 338
336 335 339
340 336 339
335 337 341
341 339 335
337 338 342
343 341 337
343 337 342
341 344 339
341 343 344
340 339 345
344 345 339
346 342 338
346 338 347
343 348 344
344 348 345
349 343 342
349 342 346
343 349 348
340 345 350
340 350 351
347 352 346
347 353 352
354 349 346
348 349 354
354 346 352
345 348 355
348 354 355
345 355 350
354 356 355
356 354 352
350 355 356
351 350 357
350 356 357
351 357 358
353 359 352
356 352 359
357 356 359
353 360 359
358 357 361
357 359 361
361 359 360
358 361 362
361 360 363
363 362 361
363 364 362
365 366 367
365 367 368
369 368 367
370 365 368
369 371 368
372 371 369
372 373 371
373 372 374
370 368 375
376 368 371
376 375 368
377 370 375
377 378 370
375 379 377
375 376 379
376 380 379
371 381 376
376 381 380
371 373 381
381 382 380
383 381 373
381 383 382
373 374 384
383 373 384
385 384 374
383 384 385
385 374 386
382 383 387
383 385 387
382 387 388
389 385 386
387 385 389
389 386 390
387 389 391
388 387 391
388 391 392
393 394 395
393 395 396
397 398 399
397 399 400
401 402 403
401 404 402
404 401 405
404 406 402
404 405 407
408 407 405
404 409 406
409 404 407
406 409 410
406 410 411
409 407 412
409 412 410
408 413 407
412 407 413
411 410 414
411 414 415
414 416 415
410 412 417
410 417 414
412 413 417
414 418 416
417 418 414
418 419 416
408 420 413
408 421 420
413 422 417
417 422 418
413 420 422
418 423 419
418 422 423
420 423 422
423 424 419
425 420 421
420 425 423
423 425 424
425 421 426
425 427 424
425 426 427
428 429 430
428 431 429
432 431 428
431 433 429
432 434 431
435 434 432
431 436 433
434 436 431
436 437 433
435 438 434
439 438 435
434 440 436
440 434 438
436 441 437
442 436 440
442 441 436
440 438 443
440 443 442
439 444 438
443 438 444
445 437 441
445 446 437
442 443 447
443 444 447
448 441 442
448 445 441
442 447 448
439 449 444
439 450 449
446 445 451
446 451 452
453 445 448
447 453 448
453 451 445
444 454 447
447 454 453
444 449 454
453 454 455
455 451 453
449 455 454
450 456 449
449 456 455
450 457 456
452 451 458
455 458 451
456 458 455
452 458 459
457 460 456
456 460 458
460 459 458
457 461 460
460 462 459
462 460 461
462 461 463
464 465 466
464 467 465
468 465 467
469 467 464
468 467 470
471 468 470
471 470 472
472 473 471
469 474 467
475 470 467
475 467 474
476 474 469
476 469 477
474 476 478
474 478 475
475 478 479
470 475 480
475 479 480
470 480 472
480 479 481
482 472 480
480 481 482
472 483 473
482 483 472
484 473 483
482 484 483
484 485 473
481 486 482
482 486 484
481 487 486
488 485 484
486 488 484
488 489 485
486 490 488
487 490 486
487 491 490
492 493 494
492 494 495
496 497 498
496 498 499
500 501 502
500 503 501
503 500 504
505 501 503
506 505 503
506 507 505
506 508 507
506 509 508
506 510 509
503 504 511
512 511 504
511 513 503
506 503 513
512 514 511
514 513 511
515 514 512
506 516 510
510 516 517
518 517 516
518 516 519
506 513 520
520 516 506
519 516 521
520 521 516
519 521 522
521 523 522
515 524 514
525 524 515
514 526 513
526 520 513
524 526 514
527 524 525
524 527 526
527 525 528
527 528 529
526 527 529
530 529 528
526 531 520
531 521 520
526 529 531
521 532 523
531 532 521
532 533 523
530 534 529
531 529 534
531 534 532
532 534 533
535 534 530
535 533 534
536 537 538
536 538 539
540 536 539
539 538 541
539 542 540
539 541 543
544 543 541
539 545 542
545 539 543
546 542 545
545 547 546
544 548 543
549 548 544
545 543 550
548 550 543
545 551 547
551 545 550
547 551 552
547 552 553
552 554 553
555 554 552
555 552 556
549 557 548
557 549 558
551 550 559
559 552 551
556 552 560
559 560 552
556 560 561
548 562 550
562 559 550
557 562 548
557 558 563
563 558 564
557 563 565
557 565 566
557 566 562
566 565 567
562 568 559
568 560 559
566 568 562
569 561 560
568 569 560
569 570 561
566 571 568
566 567 571
571 569 568
572 570 569
571 572 569
567 572 571
572 573 570
573 572 567
574 575 576
574 576 577
577 578 574
579 577 576
580 577 579
580 579 581
580 581 582
580 582 583
580 583 584
577 585 578
586 578 585
585 577 587
580 587 577
586 585 588
588 585 587
589 586 588
580 584 590
584 591 590
592 590 591
592 593 590
580 594 587
594 580 590
593 595 590
594 590 595
593 596 595
595 596 597
589 588 598
599 589 598
588 587 600
600 587 594
598 588 600
601 599 598
598 600 601
601 602 599
601 603 602
600 603 601
604 602 603
600 594 605
605 594 595
600 605 603
595 597 606
605 595 606
606 597 607
604 603 608
605 608 603
605 606 608
606 607 608
609 604 608
609 608 607
610 611 612
610 613 611
614 613 610
613 615 611
613 614 616
613 617 615
618 615 617
613 616 619
619 617 613
620 619 616
619 620 621
618 617 622
623 618 622
619 624 617
622 617 624
619 621 625
625 624 619
621 626 625
621 627 626
626 627 628
629 626 628
629 630 626
623 622 631
631 632 623
625 633 624
633 625 626
630 634 626
633 626 634
630 635 634
622 624 636
636 624 633
631 622 636
631 637 632
637 638 632
631 639 637
631 640 639
631 636 640
640 641 639
636 633 642
642 633 634
640 636 642
643 634 635
642 634 643
643 635 644
640 642 645
640 645 641
645 642 643
646 643 644
645 643 646
641 645 646
646 644 647
647 641 646
648 649 650
650 649 651
650 651 652
653 652 651
653 651 654
654 655 653
656 655 654
653 655 657
653 657 658
659 658 657
656 660 655
661 660 656
661 662 660
663 662 661
663 664 662
664 663 665
664 665 666
666 665 667
666 667 668
668 667 669
668 669 670
669 671 670
669 672 671
671 672 673
674 675 676
677 674 676
677 676 678
677 678 679
677 679 680
679 681 680
679 682 681
683 681 682
683 682 684
683 684 685
685 684 686
685 686 687
685 687 688
685 688 689
685 689 690
685 690 691
690 692 691
691 692 693
691 693 694
685 691 695
685 695 696
696 695 697
696 697 698
691 694 699
699 694 700
699 700 701
699 701 702
702 701 703
702 703 704
704 703 705
704 705 706
707 706 705
707 705 708
707 708 709
707 709 710
710 709 711
710 711 712
712 711 713
712 713 714
715 716 717
715 717 718
718 717 719
720 721 722
723 722 721
723 721 724
725 723 724
725 724 726
727 725 726
727 726 728
728 729 727
728 730 729
730 731 729
730 732 731
732 733 731
732 734 733
733 734 735
734 736 735
734 737 736
736 737 738
738 737 739
739 737 740
739 740 741
742 743 744
743 745 744
743 746 745
747 745 746
747 748 745
748 747 749
750 748 749
747 751 749
747 752 751
753 751 752
750 749 754
755 750 754
755 754 756
757 755 756
757 756 758
758 759 757
758 760 759
760 761 759
760 762 761
762 763 761
762 764 763
763 764 765
763 765 766
765 767 766
768 769 770
771 769 768
771 772 769
771 773 772
771 774 773
773 774 775
773 775 776
777 776 775
777 778 776
777 779 778
779 780 778
779 781 780
779 782 781
779 783 782
779 784 783
779 785 784
784 785 786
785 787 786
785 788 787
779 789 785
779 790 789
790 791 789
790 792 791
785 793 788
793 794 788
793 795 794
793 796 795
796 797 795
796 798 797
798 799 797
798 800 799
801 799 800
801 802 799
801 803 802
801 804 803
804 805 803
804 806 805
806 807 805
806 808 807
809 810 811
809 812 810
812 813 810
814 815 816
817 816 815
817 818 816
819 818 817
819 820 818
821 820 819
821 822 820
822 821 823
822 823 824
824 823 825
824 825 826
826 825 827
826 827 828
827 829 828
828 829 830
828 830 831
830 832 831
832 833 831
833 834 831
833 835 834
836 837 838
838 839 836
839 838 840
839 840 841
842 839 841
839 843 836
839 842 843
844 843 842
844 845 843
846 845 844
847 845 846
847 848 845
849 848 847
850 848 849
851 848 850
851 850 852
853 851 852
853 854 851
855 854 853
854 855 856
854 856 857
856 858 857
856 859 858
859 860 858
859 861 860
862 860 861
863 860 862
861 864 862
861 865 864
866 864 865
866 865 867
862 864 868
866 868 864
862 868 869
863 862 869
870 863 869
870 871 863
870 872 871
870 873 872
873 874 872
873 875 874
875 876 874
875 877 876
878 876 877
866 879 868
879 866 880
879 880 881
867 880 866
881 880 882
867 883 880
882 880 883
884 885 886
887 886 885
887 885 888
889 887 888
889 888 890
891 889 890
891 892 889
893 892 891
893 891 894
893 894 895
893 895 896
897 896 895
897 898 896
898 897 899
898 899 900
900 899 901
900 901 902
902 901 903
902 903 904
902 904 905
906 905 904
906 904 907
906 907 908
906 908 909
909 908 910
909 910 911
911 910 912
913 914 915
913 915 916
916 915 917
916 917 918
913 916 919
919 916 918
913 919 920
919 918 921
920 919 922
923 919 921
922 919 923
922 923 924
923 921 925
924 923 926
927 923 925
926 923 927
926 927 928
927 925 929
928 927 930
931 927 929
930 927 931
930 931 932
931 929 933
932 931 934
935 931 933
934 931 935
934 935 936
935 933 937
938 936 935
939 935 937
938 935 939
939 937 940
941 938 939
942 939 940
941 939 942
942 940 943
944 941 942
945 942 943
945 943 946
947 945 946
947 946 948
949 942 945
944 942 949
950 947 948
950 948 951
952 944 949
952 949 953
950 951 954
950 954 955
954 956 955
954 957 956
958 956 957
952 953 959
952 959 960
959 961 960
959 962 961
961 962 963
964 965 966
967 966 965
967 968 966
968 967 969
968 969 970
970 969 971
970 971 972
972 971 973
972 973 974
972 974 975
975 974 976
975 976 977
976 978 977
976 979 978
979 980 978
979 981 980
980 981 982
983 984 985
984 983 986
986 987 984
986 988 987
989 988 986
986 983 990
986 990 989
991 989 990
991 990 992
993 991 992
994 993 992
994 992 995
996 994 995
997 996 995
998 997 995
998 999 997
1000 999 998
1000 998 1001
1002 1000 1001
1001 1003 1002
1001 1004 1003
1003 1004 1005
1003 1005 1006
1006 1005 1007
1006 1007 1008
1009 1008 1007
1010 1009 1007
1008 1009 1011
1008 1011 1012
1013 1012 1011
1013 1014 1012
1009 1015 1011
1013 1011 1015
1009 1016 1015
1010 1016 1009
1017 1016 1010
1017 1010 1018
1017 1018 1019
1017 1019 1020
1020 1019 1021
1020 1021 1022
1022 1021 1023
1022 1023 1024
1025 1024 1023
1013 1015 1026
1026 1027 1013
1026 1028 1027
1014 1013 1027
1028 1029 1027
1014 1027 1030
1029 1030 1027
1031 1032 1033
1034 1033 1032
1034 1035 1033
1036 1035 1034
1036 1037 1035
1038 1037 1036
1038 1036 1039
1040 1038 1039
1040 1041 1038
1040 1042 1041
1040 1043 1042
1044 1042 1043
1044 1043 1045
1045 1046 1044
1045 1047 1046
1047 1048 1046
1047 1049 1048
1049 1050 1048
1049 1051 1050
1049 1052 1051
1053 1051 1052
1053 1054 1051
1053 1055 1054
1053 1056 1055
1056 1057 1055
1056 1058 1057
1058 1059 1057
1060 1061 1062
1060 1063 1061
1063 1064 1061
1063 1065 1064
1060 1066 1063
1066 1065 1063
1060 1067 1066
1066 1068 1065
1067 1069 1066
1070 1068 1066
1069 1070 1066
1069 1071 1070
1070 1072 1068
1071 1073 1070
1074 1072 1070
1073 1074 1070
1073 1075 1074
1074 1076 1072
1075 1077 1074
1078 1076 1074
1077 1078 1074
1077 1079 1078
1078 1080 1076
1079 1081 1078
1082 1080 1078
1081 1082 1078
1081 1083 1082
1082 1084 1080
1085 1082 1083
1086 1084 1082
1085 1086 1082
1086 1087 1084
1088 1086 1085
1089 1087 1086
1088 1089 1086
1089 1090 1087
1091 1089 1088
1092 1090 1089
1092 1093 1090
1094 1093 1092
1094 1095 1093
1096 1092 1089
1091 1096 1089
1097 1095 1094
1097 1098 1095
1099 1096 1091
1099 1100 1096
1097 1101 1098
1097 1102 1101
1101 1102 1103
1101 1103 1104
1105 1104 1103
1099 1106 1100
1099 1107 1106
1106 1107 1108
1106 1108 1109
1108 1110 1109
1111 1112 1113
1114 1113 1112
1114 1112 1115
1115 1116 1114
1115 1117 1116
1117 1118 1116
1117 1119 1118
1119 1120 1118
1119 1121 1120
1119 1122 1121
1122 1123 1121
1122 1124 1123
1123 1124 1125
1123 1125 1126
1126 1125 1127
1126 1127 1128
1127 1129 1128
1130 1131 1132
1133 1131 1130
1130 1132 1134
1133 1130 1135
1134 1132 1136
1134 1136 1137
1137 1136 1138
1137 1138 1139
1139 1138 1140
1139 1140 1141
1141 1140 1142
1141 1142 1143
1143 1142 1144
1143 1144 1145
1145 1144 1146
1145 1146 1147
1147 1146 1148
1147 1148 1149
1148 1150 1149
1148 1151 1150
1152 1150 1151
1152 1153 1150
1153 1152 1154
1153 1154 1155
1155 1154 1156
1155 1156 1157
1157 1156 1158
1157 1158 1159
1159 1158 1160
1159 1160 1161
1160 1162 1161
1160 1163 1162
1164 1162 1163
1164 1165 1162
1165 1164 1166
1165 1166 1167
1167 1166 1168
1167 1168 1169
1169 1168 1170
1169 1170 1171
1170 1135 1171
1170 1133 1135
1172 1173 1174
1175 1172 1174
1172 1176 1173
1175 1177 1172
1176 1178 1173
1176 1179 1178
1179 1180 1178
1179 1181 1180
1181 1182 1180
1181 1183 1182
1183 1184 1182
1183 1185 1184
1185 1186 1184
1185 1187 1186
1187 1188 1186
1187 1189 1188
1189 1190 1188
1189 1191 1190
1190 1191 1192
1190 1192 1193
1194 1193 1192
1194 1192 1195
1195 1196 1194
1195 1197 1196
1197 1198 1196
1197 1199 1198
1199 1200 1198
1199 1201 1200
1201 1202 1200
1201 1203 1202
1202 1203 1204
1202 1204 1205
1206 1205 1204
1206 1204 1207
1207 1208 1206
1207 1209 1208
1209 1210 1208
1209 1211 1210
1211 1212 1210
1211 1213 1212
1212 1213 1177
1212 1177 1175
1214 1215 1216
1217 1216 1215
1217 1218 1216
1218 1217 1219
1218 1219 1220
1221 1218 1220
1221 1220 1222
1223 1221 1222
1223 1224 1221
1218 1221 1225
1224 1225 1221
1218 1225 1216
1224 1226 1225
1227 1225 1226
1227 1228 1225
1216 1225 1228
1229 1228 1227
1214 1216 1230
1216 1228 1230
1229 1231 1228
1230 1228 1231
1214 1230 1232
1230 1231 1232
1214 1232 1233
1232 1234 1233
1232 1235 1234
1235 1232 1231
1236 1234 1235
1236 1235 1237
1238 1231 1229
1235 1231 1238
1237 1235 1238
1238 1229 1239
1237 1238 1240
1241 1238 1239
1241 1240 1238
1242 1243 1244
1245 1244 1243
1245 1243 1246
1246 1247 1245
1246 1248 1247
1249 1248 1246
1249 1250 1248
1251 1250 1249
1251 1249 1252
1246 1253 1249
1252 1249 1253
1246 1243 1253
1252 1253 1254
1255 1254 1253
1255 1253 1256
1243 1256 1253
1257 1255 1256
1242 1258 1243
1243 1258 1256
1257 1256 1259
1258 1259 1256
1242 1260 1258
1258 1260 1259
1242 1261 1260
1260 1261 1262
1260 1262 1263
1263 1259 1260
1264 1263 1262
1264 1265 1263
1266 1257 1259
1263 1266 1259
1265 1266 1263
1266 1267 1257
1265 1268 1266
1269 1267 1266
1269 1266 1268
1270 1271 1272
1270 1273 1271
1270 1272 1274
1270 1275 1273
1275 1276 1273
1275 1277 1276
1277 1278 1276
1277 1279 1278
1279 1280 1278
1279 1281 1280
1274 1272 1282
1274 1282 1283
1282 1284 1283
1282 1285 1284
1285 1286 1284
1285 1287 1286
1288 1286 1287
1288 1287 1289
1289 1290 1288
1289 1291 1290
1292 1290 1291
1292 1291 1293
1294 1292 1293
1294 1293 1295
1296 1294 1295
1296 1295 1297
1297 1298 1296
1297 1299 1298
1298 1299 1300
1298 1300 1301
1302 1301 1300
1302 1300 1303
1304 1302 1303
1304 1305 1302
1305 1304 1306
1305 1306 1307
1307 1306 1308
1307 1308 1309
1309 1308 1310
1309 1310 1311
1312 1311 1310
1312 1313 1311
1313 1312 1314
1313 1314 1315
1316 1315 1314
1316 1317 1315
1318 1317 1316
1318 1319 1317
1320 1319 1318
1320 1318 1321
1322 1320 1321
1322 1321 1323
1322 1323 1324
1322 1324 1325
1325 1324 1326
1325 1326 1327
1327 1326 1328
1327 1328 1329
1329 1328 1330
1329 1330 1331
1332 1331 1330
1332 1333 1331
1332 1281 1333
1332 1280 1281
1334 1335 1336
1335 1337 1336
1334 1338 1335
1339 1338 1334
1339 1334 1340
1341 1339 1340
1341 1340 1342
1341 1342 1343
1341 1343 1344
1345 1344 1343
1345 1346 1344
1347 1346 1345
1341 1344 1348
1348 1344 1346
1339 1341 1349
1341 1348 1349
1347 1350 1346
1351 1350 1347
1348 1346 1352
1352 1346 1350
1351 1353 1350
1354 1353 1351
1355 1350 1353
1352 1350 1355
1354 1356 1353
1355 1353 1356
1356 1354 1357
1358 1348 1352
1349 1348 1358
1339 1349 1359
1338 1339 1359
1360 1352 1355
1358 1352 1360
1361 1359 1349
1349 1358 1361
1355 1356 1362
1356 1357 1363
1362 1356 1363
1360 1355 1364
1364 1355 1362
1365 1358 1360
1364 1365 1360
1366 1361 1358
1365 1366 1358
1367 1363 1357
1367 1357 1368
1368 1369 1367
1368 1370 1369
1370 1371 1369
1370 1372 1371
1373 1367 1369
1373 1369 1371
1374 1363 1367
1373 1374 1367
1372 1375 1371
1372 1376 1375
1374 1377 1363
1362 1363 1377
1378 1373 1371
1378 1371 1375
1376 1379 1375
1376 1380 1379
1381 1375 1379
1381 1378 1375
1382 1379 1380
1382 1381 1379
1382 1380 1383
1382 1383 1384
1382 1384 1385
1385 1384 1386
1382 1387 1381
1385 1387 1382
1388 1378 1381
1387 1388 1381
1389 1373 1378
1388 1389 1378
1389 1390 1373
1390 1374 1373
1391 1389 1388
1390 1389 1391
1390 1392 1374
1377 1374 1392
1390 1391 1393
1393 1392 1390
1385 1386 1394
1385 1395 1387
1394 1395 1385
1387 1396 1388
1396 1387 1395
1391 1388 1397
1397 1388 1396
1386 1398 1394
1386 1399 1398
1398 1399 1400
1396 1395 1401
1394 1402 1395
1402 1401 1395
1403 1402 1394
1403 1394 1398
1397 1396 1404
1404 1396 1401
1402 1405 1401
1403 1405 1402
1404 1401 1406
1406 1401 1405
1407 1391 1397
1408 1397 1404
1407 1397 1408
1409 1404 1406
1408 1404 1409
1410 1391 1407
1410 1393 1391
1406 1405 1411
1403 1412 1405
1411 1405 1412
1409 1406 1413
1413 1406 1411
1414 1408 1409
1408 1415 1407
1408 1414 1415
1407 1416 1410
1407 1415 1416
1417 1393 1410
1416 1417 1410
1413 1418 1409
1414 1409 1418
1417 1419 1393
1419 1417 1420
1393 1419 1392
1416 1421 1417
1420 1417 1421
1415 1422 1416
1422 1421 1416
1414 1423 1415
1415 1423 1422
1424 1392 1419
1377 1392 1424
1418 1425 1414
1414 1425 1423
1419 1420 1426
1424 1419 1426
1377 1424 1427
1377 1427 1362
1364 1362 1427
1424 1426 1428
1424 1428 1427
1428 1426 1420
1429 1364 1427
1429 1427 1428
1364 1429 1365
1430 1429 1428
1428 1420 1430
1431 1365 1429
1430 1431 1429
1431 1432 1365
1432 1366 1365
1433 1431 1430
1432 1431 1433
1420 1434 1430
1433 1430 1434
1420 1435 1434
1420 1421 1435
1435 1421 1436
1422 1436 1421
1432 1437 1366
1432 1433 1438
1437 1432 1438
1439 1433 1434
1438 1433 1439
1435 1440 1434
1439 1434 1440
1435 1436 1441
1435 1441 1440
1436 1422 1442
1442 1441 1436
1443 1440 1441
1440 1443 1439
1437 1444 1366
1366 1444 1361
1422 1445 1442
1445 1422 1423
1442 1446 1441
1443 1441 1446
1444 1447 1361
1361 1447 1359
1448 1442 1445
1446 1442 1448
1449 1359 1447
1338 1359 1449
1450 1338 1449
1450 1335 1338
1449 1447 1451
1450 1449 1451
1444 1452 1447
1452 1451 1447
1453 1452 1444
1437 1453 1444
1454 1453 1437
1437 1438 1454
1454 1438 1455
1438 1439 1455
1456 1455 1439
1439 1443 1456
1457 1456 1443
1446 1457 1443
1446 1458 1457
1446 1448 1458
1452 1459 1451
1453 1460 1452
1460 1459 1452
1454 1461 1453
1460 1453 1461
1454 1455 1462
1461 1454 1462
1459 1463 1451
1450 1451 1463
1460 1461 1464
1460 1465 1459
1465 1460 1464
1461 1462 1466
1466 1464 1461
1459 1467 1463
1465 1467 1459
1462 1455 1468
1469 1466 1462
1462 1468 1469
1455 1470 1468
1471 1468 1470
1455 1456 1470
1472 1470 1456
1472 1456 1457
1473 1469 1468
1471 1473 1468
1474 1470 1472
1470 1474 1471
1457 1475 1472
1475 1457 1458
1474 1472 1476
1472 1475 1476
1475 1458 1477
1477 1478 1475
1476 1475 1478
1479 1477 1458
1477 1479 1478
1479 1458 1448
1448 1480 1479
1480 1448 1445
1481 1478 1479
1480 1481 1479
1476 1478 1482
1481 1482 1478
1480 1445 1483
1423 1483 1445
1484 1481 1480
1484 1480 1483
1483 1485 1484
1423 1486 1483
1485 1483 1486
1425 1486 1423
1487 1476 1482
1487 1474 1476
1488 1482 1481
1488 1481 1484
1489 1487 1482
1489 1482 1488
1474 1487 1490
1489 1490 1487
1484 1491 1488
1489 1488 1491
1485 1492 1484
1484 1492 1491
1493 1489 1491
1493 1490 1489
1474 1490 1494
1471 1474 1494
1492 1495 1491
1495 1493 1491
1494 1490 1496
1496 1490 1493
1497 1492 1485
1492 1497 1495
1498 1471 1494
1494 1496 1498
1496 1493 1499
1495 1499 1493
1496 1499 1500
1495 1500 1499
1501 1495 1497
1495 1501 1500
1496 1500 1502
1502 1498 1496
1501 1503 1500
1502 1500 1503
1498 1504 1471
1502 1505 1498
1504 1498 1505
1502 1503 1506
1506 1505 1502
1504 1507 1471
1471 1507 1473
1501 1497 1508
1501 1509 1503
1509 1501 1508
1506 1503 1510
1509 1510 1503
1511 1508 1497
1497 1485 1511
1506 1512 1505
1504 1505 1513
1513 1505 1512
1514 1504 1513
1514 1507 1504
1506 1510 1515
1515 1512 1506
1513 1512 1516
1513 1516 1514
1515 1517 1512
1516 1512 1517
1515 1510 1518
1517 1515 1519
1515 1518 1519
1520 1518 1510
1509 1520 1510
1520 1509 1521
1509 1508 1521
1522 1521 1508
1511 1522 1508
1516 1517 1523
1514 1516 1524
1524 1516 1523
1517 1519 1525
1523 1517 1525
1519 1518 1526
1520 1527 1518
1527 1526 1518
1520 1521 1528
1528 1527 1520
1522 1529 1521
1529 1528 1521
1525 1519 1530
1519 1526 1530
1522 1531 1529
1531 1522 1511
1531 1511 1532
1511 1485 1532
1485 1533 1532
1485 1486 1533
1533 1486 1534
1425 1534 1486
1534 1425 1535
1418 1535 1425
1535 1418 1536
1413 1536 1418
1537 1536 1413
1413 1411 1537
1537 1411 1538
1411 1412 1538
1539 1532 1533
1533 1534 1540
1539 1533 1540
1541 1532 1539
1541 1531 1532
1537 1542 1536
1535 1536 1543
1542 1543 1536
1537 1538 1544
1544 1542 1537
1412 1545 1538
1538 1546 1544
1538 1545 1546
1412 1547 1545
1403 1547 1412
1403 1548 1547
1398 1548 1403
1398 1549 1548
1549 1398 1400
1550 1549 1400
1550 1400 1551
1552 1548 1549
1552 1549 1550
1553 1547 1548
1553 1548 1552
1554 1545 1547
1554 1547 1553
1551 1555 1550
1551 1556 1555
1557 1555 1556
1550 1558 1552
1550 1555 1558
1559 1553 1552
1559 1552 1558
1557 1560 1555
1560 1557 1561
1562 1555 1560
1555 1562 1558
1560 1561 1563
1562 1560 1563
1563 1561 1564
1563 1564 1565
1565 1564 1566
1562 1563 1567
1567 1563 1565
1568 1558 1562
1567 1568 1562
1553 1559 1569
1553 1569 1554
1558 1570 1559
1558 1568 1570
1559 1571 1569
1559 1570 1571
1565 1566 1572
1567 1565 1573
1573 1565 1572
1567 1574 1568
1574 1567 1573
1575 1570 1568
1575 1568 1574
1570 1576 1571
1570 1575 1576
1577 1572 1566
1577 1566 1578
1579 1577 1578
1579 1578 1580
1581 1579 1580
1581 1580 1582
1577 1579 1583
1583 1579 1581
1572 1577 1584
1577 1583 1584
1582 1585 1581
1582 1586 1585
1587 1585 1586
1572 1584 1588
1573 1572 1588
1583 1581 1589
1585 1589 1581
1587 1590 1585
1590 1587 1337
1585 1591 1589
1590 1591 1585
1583 1589 1592
1592 1589 1591
1584 1583 1593
1583 1592 1593
1590 1337 1594
1594 1337 1335
1595 1590 1594
1590 1595 1591
1335 1596 1594
1595 1594 1596
1335 1450 1596
1450 1597 1596
1450 1463 1597
1598 1595 1596
1598 1596 1597
1599 1591 1595
1599 1595 1598
1591 1600 1592
1591 1599 1600
1463 1601 1597
1463 1467 1601
1602 1598 1597
1602 1597 1601
1598 1603 1599
1598 1602 1603
1604 1592 1600
1604 1593 1592
1599 1605 1600
1599 1603 1605
1600 1606 1604
1600 1605 1606
1467 1607 1601
1601 1608 1602
1601 1607 1608
1609 1603 1602
1609 1602 1608
1603 1610 1605
1603 1609 1610
1605 1611 1606
1605 1610 1611
1467 1612 1607
1465 1612 1467
1612 1465 1613
1465 1464 1613
1613 1464 1614
1466 1614 1464
1615 1609 1608
1616 1610 1609
1616 1609 1615
1607 1617 1608
1615 1608 1617
1612 1618 1607
1607 1618 1617
1617 1619 1615
1619 1616 1615
1610 1616 1620
1610 1620 1611
1612 1613 1621
1612 1621 1618
1622 1617 1618
1617 1622 1619
1619 1623 1616
1623 1620 1616
1624 1618 1621
1622 1618 1624
1611 1620 1625
1623 1626 1620
1626 1625 1620
1619 1627 1623
1627 1626 1623
1622 1628 1619
1619 1628 1627
1624 1629 1622
1622 1629 1628
1611 1625 1630
1630 1606 1611
1630 1631 1606
1604 1606 1631
1604 1631 1632
1632 1593 1604
1632 1633 1593
1584 1593 1633
1588 1584 1633
1631 1630 1634
1635 1632 1631
1631 1634 1635
1636 1633 1632
1635 1636 1632
1588 1633 1637
1636 1637 1633
1638 1588 1637
1636 1638 1637
1638 1573 1588
1574 1573 1638
1636 1639 1638
1639 1574 1638
1635 1639 1636
1639 1575 1574
1635 1640 1639
1575 1639 1640
1640 1635 1634
1575 1640 1576
1641 1634 1630
1641 1630 1625
1640 1634 1642
1642 1576 1640
1641 1642 1634
1642 1643 1576
1571 1576 1643
1641 1644 1642
1643 1642 1644
1625 1645 1641
1644 1641 1645
1571 1643 1646
1569 1571 1646
1625 1647 1645
1626 1647 1625
1643 1644 1648
1646 1643 1648
1569 1646 1649
1649 1554 1569
1650 1647 1626
1627 1650 1626
1646 1648 1651
1651 1649 1646
1649 1652 1554
1545 1554 1652
1545 1652 1546
1653 1652 1649
1651 1653 1649
1546 1652 1654
1653 1654 1652
1655 1653 1651
1654 1653 1655
1656 1651 1648
1655 1651 1656
1546 1654 1657
1544 1546 1657
1656 1648 1658
1658 1648 1644
1655 1656 1659
1659 1656 1658
1654 1655 1660
1660 1657 1654
1544 1657 1661
1544 1661 1542
1658 1644 1662
1644 1645 1662
1655 1659 1663
1660 1655 1663
1660 1664 1657
1664 1661 1657
1659 1658 1665
1665 1658 1662
1662 1645 1666
1647 1666 1645
1660 1663 1667
1664 1660 1667
1665 1662 1668
1662 1666 1668
1647 1669 1666
1650 1669 1647
1670 1668 1666
1670 1666 1669
1671 1665 1668
1670 1671 1668
1672 1659 1665
1671 1672 1665
1673 1663 1659
1672 1673 1659
1674 1669 1650
1670 1669 1674
1671 1670 1675
1674 1676 1670
1671 1675 1677
1672 1671 1677
1677 1675 1678
1674 1650 1679
1679 1650 1627
1674 1680 1676
1679 1680 1674
1680 1681 1676
1672 1677 1682
1673 1672 1682
1677 1678 1683
1683 1682 1677
1683 1678 1684
1679 1627 1685
1685 1627 1628
1680 1686 1681
1686 1687 1681
1679 1688 1680
1685 1688 1679
1686 1680 1688
1683 1684 1689
1689 1684 1690
1690 1691 1689
1685 1628 1692
1692 1628 1629
1686 1693 1687
1693 1694 1687
1694 1693 1695
1688 1696 1686
1696 1693 1686
1685 1697 1688
1692 1697 1685
1688 1697 1696
1695 1693 1698
1696 1698 1693
1695 1698 1699
1691 1700 1689
1691 1701 1700
1692 1702 1697
1696 1697 1702
1699 1698 1703
1699 1703 1704
1705 1698 1696
1696 1702 1705
1705 1703 1698
1706 1702 1692
1692 1629 1706
1704 1703 1707
1704 1707 1708
1709 1703 1705
1709 1707 1703
1710 1705 1702
1706 1710 1702
1710 1709 1705
1706 1629 1711
1624 1711 1629
1712 1708 1707
1712 1713 1708
1714 1710 1706
1706 1711 1714
1715 1707 1709
1715 1712 1707
1709 1710 1716
1714 1716 1710
1709 1716 1715
1711 1624 1717
1624 1621 1717
1714 1711 1718
1711 1717 1718
1716 1714 1719
1714 1718 1719
1715 1716 1720
1716 1719 1720
1721 1717 1621
1721 1621 1613
1718 1717 1722
1721 1722 1717
1719 1718 1723
1718 1722 1723
1721 1613 1724
1613 1614 1724
1722 1721 1725
1724 1725 1721
1614 1726 1724
1724 1726 1725
1722 1725 1727
1727 1723 1722
1719 1723 1728
1720 1719 1728
1614 1729 1726
1466 1729 1614
1726 1730 1725
1727 1725 1730
1727 1731 1723
1728 1723 1731
1466 1732 1729
1469 1732 1466
1729 1733 1726
1726 1733 1730
1727 1730 1734
1731 1727 1734
1735 1729 1732
1729 1735 1733
1736 1732 1469
1735 1732 1736
1737 1730 1733
1734 1730 1737
1735 1738 1733
1737 1733 1738
1736 1469 1739
1473 1739 1469
1740 1735 1736
1735 1740 1738
1741 1739 1473
1741 1473 1507
1739 1742 1736
1740 1736 1742
1739 1741 1742
1743 1741 1507
1743 1507 1514
1741 1744 1742
1740 1742 1744
1741 1743 1744
1743 1514 1745
1514 1524 1745
1744 1743 1746
1743 1745 1746
1738 1740 1747
1740 1744 1748
1747 1740 1748
1744 1746 1749
1748 1744 1749
1747 1750 1738
1738 1750 1737
1746 1745 1751
1745 1524 1752
1745 1752 1751
1749 1746 1753
1746 1751 1753
1748 1749 1754
1748 1755 1747
1754 1755 1748
1754 1749 1756
1749 1753 1756
1750 1747 1757
1757 1747 1755
1758 1755 1754
1754 1756 1758
1759 1737 1750
1757 1760 1750
1750 1760 1759
1761 1737 1759
1734 1737 1761
1762 1761 1759
1762 1759 1763
1763 1759 1760
1761 1764 1734
1731 1734 1764
1765 1761 1762
1761 1765 1764
1766 1731 1764
1728 1731 1766
1767 1764 1765
1766 1764 1767
1768 1728 1766
1720 1728 1768
1769 1765 1762
1767 1765 1769
1767 1770 1766
1768 1766 1770
1771 1720 1768
1715 1720 1771
1712 1715 1771
1771 1768 1772
1772 1712 1771
1772 1768 1770
1767 1773 1770
1769 1773 1767
1772 1774 1712
1713 1712 1774
1713 1774 1775
1772 1770 1776
1774 1772 1776
1773 1776 1770
1775 1774 1777
1774 1776 1777
1775 1777 1778
1773 1779 1776
1777 1776 1779
1780 1778 1777
1777 1779 1780
1780 1781 1778
1780 1782 1781
1769 1783 1773
1779 1773 1783
1780 1779 1784
1779 1783 1784
1785 1782 1780
1780 1784 1785
1786 1783 1769
1769 1762 1786
1785 1787 1782
1782 1787 1788
1789 1784 1783
1786 1789 1783
1785 1784 1790
1785 1790 1787
1789 1790 1784
1791 1788 1787
1787 1790 1791
1788 1791 1792
1789 1786 1793
1762 1793 1786
1789 1794 1790
1791 1790 1794
1789 1793 1794
1792 1791 1795
1792 1795 1796
1791 1794 1797
1797 1794 1793
1791 1797 1795
1762 1798 1793
1797 1793 1799
1798 1799 1793
1798 1762 1800
1762 1763 1800
1798 1801 1799
1800 1801 1798
1797 1799 1802
1801 1802 1799
1795 1797 1803
1797 1802 1803
1796 1795 1804
1795 1803 1804
1805 1796 1804
1805 1806 1796
1807 1804 1803
1807 1805 1804
1805 1808 1806
1808 1805 1807
1806 1808 1809
1810 1809 1808
1811 1809 1810
1812 1803 1802
1812 1807 1803
1808 1807 1813
1810 1808 1813
1811 1810 1814
1815 1811 1814
1807 1812 1816
1807 1816 1813
1810 1813 1817
1814 1810 1817
1815 1814 1818
1818 1819 1815
1813 1816 1820
1817 1813 1820
1812 1821 1816
1820 1816 1821
1802 1822 1812
1812 1822 1821
1814 1817 1823
1823 1818 1814
1818 1824 1819
1825 1819 1824
1817 1820 1826
1826 1823 1817
1802 1827 1822
1801 1827 1802
1828 1827 1801
1800 1828 1801
1829 1822 1827
1828 1829 1827
1824 1818 1830
1823 1830 1818
1831 1826 1820
1820 1821 1831
1832 1821 1822
1829 1832 1822
1831 1821 1833
1832 1833 1821
1800 1834 1828
1835 1829 1828
1834 1835 1828
1836 1832 1829
1835 1836 1829
1833 1832 1837
1836 1837 1832
1838 1834 1800
1838 1800 1763
1839 1838 1763
1760 1839 1763
1840 1839 1760
1757 1840 1760
1841 1838 1839
1839 1840 1841
1834 1838 1842
1841 1842 1838
1843 1835 1834
1834 1842 1843
1844 1836 1835
1843 1844 1835
1845 1840 1757
1755 1845 1757
1841 1840 1846
1840 1845 1846
1847 1843 1842
1847 1844 1843
1844 1848 1836
1848 1837 1836
1849 1845 1755
1758 1849 1755
1847 1850 1844
1850 1848 1844
1842 1841 1851
1852 1841 1846
1852 1851 1841
1842 1851 1853
1847 1842 1853
1851 1854 1853
1847 1853 1854
1852 1854 1851
1847 1855 1850
1855 1847 1854
1850 1855 1856
1850 1857 1848
1850 1856 1857
1858 1855 1854
1855 1858 1856
1858 1854 1859
1852 1859 1854
1858 1860 1856
1858 1859 1861
1857 1862 1848
1848 1862 1837
1863 1859 1852
1846 1863 1852
1864 1859 1863
1864 1861 1859
1846 1865 1863
1864 1863 1865
1846 1845 1865
1845 1866 1865
1864 1865 1866
1845 1849 1866
1866 1867 1864
1867 1861 1864
1868 1866 1849
1866 1868 1867
1868 1849 1758
1869 1868 1758
1869 1867 1868
1869 1758 1756
1870 1861 1867
1869 1870 1867
1756 1871 1869
1870 1869 1871
1756 1753 1871
1870 1872 1861
1858 1861 1872
1873 1872 1870
1870 1871 1873
1753 1874 1871
1753 1751 1874
1873 1875 1872
1858 1872 1875
1876 1873 1871
1876 1871 1874
1873 1876 1875
1877 1874 1751
1877 1751 1752
1874 1878 1876
1878 1875 1876
1874 1877 1878
1878 1879 1875
1879 1858 1875
1877 1880 1878
1878 1880 1879
1881 1877 1752
1877 1881 1880
1879 1880 1882
1881 1882 1880
1881 1752 1883
1524 1883 1752
1884 1858 1879
1882 1884 1879
1881 1885 1882
1885 1881 1883
1524 1886 1883
1524 1523 1886
1886 1887 1883
1885 1883 1887
1888 1882 1885
1882 1888 1884
1523 1889 1886
1886 1889 1887
1888 1885 1890
1890 1885 1887
1884 1888 1891
1890 1891 1888
1890 1887 1892
1889 1892 1887
1523 1893 1889
1523 1525 1893
1890 1894 1891
1892 1894 1890
1884 1891 1895
1895 1891 1894
1889 1896 1892
1896 1889 1893
1525 1897 1893
1896 1893 1897
1892 1898 1894
1896 1898 1892
1884 1895 1899
1899 1858 1884
1895 1894 1900
1900 1894 1898
1896 1901 1898
1901 1896 1897
1525 1902 1897
1525 1530 1902
1903 1858 1899
1858 1903 1860
1899 1895 1904
1904 1895 1900
1904 1903 1899
1900 1898 1905
1905 1898 1901
1901 1897 1906
1897 1902 1906
1904 1900 1907
1905 1907 1900
1904 1908 1903
1907 1908 1904
1905 1901 1909
1909 1901 1906
1905 1910 1907
1909 1910 1905
1911 1860 1903
1911 1903 1908
1907 1912 1908
1912 1907 1910
1913 1911 1908
1913 1908 1912
1909 1914 1910
1912 1910 1915
1915 1910 1914
1912 1915 1916
1912 1916 1913
1909 1906 1917
1917 1914 1909
1915 1914 1918
1916 1915 1918
1917 1919 1914
1919 1918 1914
1911 1920 1860
1921 1911 1913
1921 1920 1911
1913 1916 1922
1913 1922 1921
1916 1918 1923
1923 1922 1916
1860 1920 1924
1924 1856 1860
1920 1921 1925
1920 1925 1924
1925 1921 1922
1924 1926 1856
1925 1926 1924
1919 1927 1918
1927 1923 1918
1928 1856 1926
1856 1928 1857
1857 1928 1862
1926 1862 1928
1926 1929 1862
1925 1929 1926
1837 1862 1929
1925 1922 1930
1930 1929 1925
1837 1929 1931
1930 1931 1929
1833 1837 1931
1932 1833 1931
1932 1931 1930
1932 1831 1833
1933 1930 1922
1933 1932 1930
1923 1933 1922
1932 1934 1831
1932 1933 1934
1933 1923 1935
1933 1935 1934
1927 1935 1923
1936 1831 1934
1831 1936 1826
1935 1927 1937
1934 1935 1938
1935 1937 1938
1936 1934 1939
1934 1938 1939
1927 1940 1937
1927 1919 1940
1919 1941 1940
1919 1917 1941
1917 1942 1941
1917 1906 1942
1943 1942 1906
1943 1906 1902
1944 1943 1902
1944 1902 1530
1945 1944 1530
1945 1530 1526
1945 1526 1946
1527 1946 1526
1947 1946 1527
1528 1947 1527
1948 1947 1528
1529 1948 1528
1949 1948 1529
1531 1949 1529
1531 1950 1949
1541 1950 1531
1951 1943 1944
1952 1944 1945
1952 1951 1944
1945 1946 1953
1952 1945 1953
1947 1954 1946
1953 1946 1954
1951 1955 1943
1955 1942 1943
1955 1956 1942
1956 1941 1942
1956 1957 1941
1940 1941 1957
1940 1957 1958
1958 1937 1940
1958 1959 1937
1959 1938 1937
1959 1960 1938
1939 1938 1960
1939 1960 1961
1936 1939 1961
1936 1961 1962
1962 1826 1936
1962 1963 1826
1826 1963 1823
1964 1823 1963
1964 1830 1823
1963 1962 1965
1963 1965 1964
1962 1961 1966
1962 1966 1965
1961 1960 1967
1961 1967 1966
1968 1960 1959
1968 1967 1960
1964 1965 1969
1969 1965 1966
1970 1830 1964
1964 1969 1970
1966 1967 1971
1969 1966 1971
1970 1972 1830
1824 1830 1972
1973 1970 1969
1970 1973 1972
1974 1824 1972
1974 1972 1973
1825 1824 1974
1973 1969 1975
1975 1974 1973
1971 1975 1969
1976 1825 1974
1975 1976 1974
1976 1977 1825
1976 1975 1978
1971 1978 1975
1977 1976 1979
1976 1978 1979
1977 1979 1980
1980 1979 1981
1978 1981 1979
1980 1981 1982
1983 1982 1981
1971 1984 1978
1978 1984 1981
1983 1981 1985
1985 1981 1984
1985 1986 1983
1971 1987 1984
1971 1967 1987
1967 1968 1987
1985 1984 1988
1988 1984 1987
1985 1989 1986
1989 1985 1988
1987 1968 1990
1988 1987 1990
1986 1989 1991
1986 1991 1992
1993 1992 1991
1989 1988 1994
1994 1988 1990
1994 1991 1989
1990 1968 1995
1995 1968 1959
1995 1959 1958
1996 1995 1958
1990 1995 1996
1996 1958 1957
1994 1990 1997
1996 1997 1990
1957 1998 1996
1996 1998 1997
1957 1956 1998
1999 1998 1956
1999 1997 1998
1999 1956 1955
1994 2000 1991
1997 2000 1994
1955 2001 1999
1955 1951 2001
2002 1997 1999
1997 2002 2000
2002 1999 2001
2000 2003 1991
1993 1991 2003
1951 2004 2001
1951 1952 2004
2002 2005 2000
2000 2005 2003
2006 2002 2001
2006 2001 2004
2002 2006 2005
1993 2003 2007
1993 2007 2008
2009 2008 2007
2010 2004 1952
1952 1953 2010
2006 2004 2011
2010 2011 2004
2012 2005 2006
2006 2011 2012
2013 2003 2005
2013 2007 2003
2012 2013 2005
2010 1953 2014
1953 1954 2014
2015 2011 2010
2010 2014 2015
2012 2011 2016
2015 2016 2011
2017 2013 2012
2012 2016 2017
2018 2007 2013
2017 2018 2013
2018 2019 2007
2009 2007 2019
2020 2009 2019
2020 2021 2009
2019 2018 2022
2019 2022 2020
2021 2020 2023
2021 2023 2024
2025 2024 2023
2018 2017 2026
2018 2026 2022
2020 2022 2027
2020 2027 2023
2025 2023 2028
2029 2025 2028
2030 2028 2023
2030 2023 2027
2029 2028 2031
2031 2028 2030
2031 2032 2029
2022 2033 2027
2022 2026 2033
2034 2030 2027
2034 2027 2033
2031 2030 2035
2034 2035 2030
2031 2036 2032
2035 2036 2031
2032 2036 2037
2032 2037 2038
2039 2038 2037
2039 2040 2038
2040 2039 2041
2040 2041 2042
2042 2041 2043
2042 2043 2044
2044 2043 2045
2045 2046 2044
2047 2046 2045
2047 2048 2046
2035 2049 2036
2036 2050 2037
2036 2049 2050
2037 2051 2039
2037 2050 2051
2052 2041 2039
2052 2039 2051
2041 2053 2043
2041 2052 2053
2043 2054 2045
2043 2053 2054
2045 2055 2047
2045 2054 2055
2049 2035 2056
2034 2056 2035
2057 2050 2049
2057 2051 2050
2049 2056 2057
2057 2058 2051
2058 2052 2051
2058 2057 2056
2055 2059 2047
2047 2059 2048
2060 2048 2059
2061 2048 2060
2055 2062 2059
2060 2059 2062
2063 2061 2060
2063 2064 2061
2060 2062 2065
2063 2060 2065
2064 2063 2066
2066 2067 2064
2058 2056 2068
2069 2058 2068
2058 2069 2052
2056 2070 2068
2056 2034 2070
2071 2052 2069
2071 2053 2052
2069 2068 2072
2072 2068 2070
2072 2071 2069
2070 2034 2073
2034 2033 2073
2072 2070 2074
2074 2070 2073
2073 2033 2075
2033 2026 2075
2053 2071 2076
2053 2076 2054
2072 2077 2071
2077 2072 2074
2074 2073 2078
2075 2078 2073
2079 2076 2071
2079 2071 2077
2054 2076 2080
2055 2054 2080
2077 2074 2081
2081 2074 2078
2076 2082 2080
2076 2079 2082
2055 2080 2083
2083 2080 2082
2083 2062 2055
2077 2081 2084
2077 2084 2079
2081 2078 2085
2084 2081 2085
2083 2086 2062
2065 2062 2086
2083 2082 2087
2086 2083 2087
2088 2085 2078
2075 2088 2078
2089 2088 2075
2026 2089 2075
2026 2090 2089
2090 2026 2017
2089 2091 2088
2090 2091 2089
2088 2092 2085
2091 2092 2088
2090 2017 2093
2016 2093 2017
2090 2094 2091
2094 2090 2093
2016 2095 2093
2094 2093 2095
2016 2015 2095
2096 2091 2094
2091 2096 2092
2097 2085 2092
2084 2085 2097
2015 2098 2095
2015 2014 2098
2095 2099 2094
2096 2094 2099
2095 2098 2099
2100 2092 2096
2097 2092 2100
2014 2101 2098
2014 1954 2101
2102 2096 2099
2100 2096 2102
2103 2099 2098
2103 2098 2101
2102 2099 2103
2104 2101 1954
1947 2104 1954
1947 2105 2104
1948 2105 1947
2100 2106 2097
2102 2107 2100
2100 2107 2106
2103 2108 2102
2102 2108 2107
2109 2103 2101
2103 2109 2108
2110 2101 2104
2109 2101 2110
2111 2104 2105
2110 2104 2111
1948 2112 2105
2111 2105 2112
2113 2097 2106
2113 2084 2097
1948 2114 2112
1949 2114 1948
2115 2084 2113
2115 2079 2084
2115 2116 2079
2079 2116 2082
2117 2082 2116
2117 2087 2082
2112 2118 2111
2114 2119 2112
2112 2119 2118
1949 2120 2114
2114 2120 2119
2111 2118 2121
2111 2121 2110
1949 2122 2120
1950 2122 1949
2123 2110 2121
2123 2109 2110
2109 2123 2124
2109 2124 2108
2125 2108 2124
2125 2107 2108
2126 2107 2125
2126 2106 2107
2127 2125 2124
2127 2126 2125
2123 2128 2124
2127 2124 2128
2129 2123 2121
2123 2129 2128
2106 2126 2130
2106 2130 2113
2127 2131 2126
2131 2130 2126
2128 2132 2127
2131 2127 2132
2129 2121 2133
2118 2133 2121
2134 2128 2129
2128 2134 2132
2113 2130 2135
2113 2135 2115
2118 2136 2133
2136 2118 2119
2137 2129 2133
2134 2129 2137
2115 2135 2138
2115 2138 2116
2116 2138 2139
2116 2139 2117
2135 2140 2138
2139 2138 2140
2141 2135 2130
2135 2141 2140
2136 2142 2133
2137 2133 2142
2136 2119 2143
2143 2119 2120
2136 2144 2142
2144 2136 2143
2145 2137 2142
2145 2142 2144
2143 2120 2146
2146 2120 2122
2144 2143 2147
2147 2145 2144
2146 2147 2143
2141 2130 2148
2131 2148 2130
2148 2131 2149
2131 2132 2149
2145 2150 2137
2150 2134 2137
2134 2151 2132
2134 2150 2151
2149 2132 2151
2148 2149 2152
2152 2141 2148
2150 2145 2153
2151 2150 2153
2149 2151 2154
2153 2154 2151
2149 2154 2152
2153 2155 2154
2145 2156 2153
2147 2156 2145
2154 2157 2152
2152 2157 2141
2157 2154 2155
2141 2157 2158
2157 2155 2158
2141 2158 2140
2158 2159 2140
2139 2140 2159
2156 2147 2160
2146 2160 2147
2161 2160 2146
2146 2122 2161
2162 2156 2160
2161 2162 2160
2161 2122 2163
1950 2163 2122
2164 2158 2155
2158 2164 2159
2165 2159 2164
2155 2165 2164
2166 2139 2159
2165 2166 2159
2167 2165 2155
2167 2166 2165
2166 2168 2139
2168 2117 2139
2169 2162 2161
2161 2163 2169
2170 2163 1950
1541 2170 1950
2167 2155 2171
2171 2155 2153
2167 2172 2166
2172 2168 2166
2168 2173 2117
2173 2087 2117
2174 2167 2171
2174 2172 2167
2172 2175 2168
2175 2173 2168
2173 2176 2087
2086 2087 2176
2177 2176 2173
2175 2177 2173
2178 2175 2172
2174 2178 2172
2179 2086 2176
2177 2179 2176
2180 2177 2175
2178 2180 2175
2171 2181 2174
2153 2181 2171
2174 2182 2178
2180 2178 2182
2183 2177 2180
2183 2179 2177
2179 2184 2086
2065 2086 2184
2185 2184 2179
2183 2185 2179
2185 2183 2186
2186 2187 2185
2185 2187 2184
2065 2184 2187
2188 2183 2180
2180 2182 2188
2174 2181 2189
2174 2189 2182
2182 2189 2190
2190 2189 2181
2182 2190 2191
2191 2188 2182
2188 2192 2183
2186 2183 2192
2193 2190 2181
2193 2191 2190
2065 2187 2194
2063 2065 2194
2063 2194 2195
2066 2063 2195
2196 2194 2187
2196 2195 2194
2197 2066 2195
2197 2067 2066
2197 2195 2198
2196 2198 2195
2197 2199 2067
2199 2197 2198
2199 2200 2067
2199 2201 2200
2196 2187 2202
2186 2202 2187
2196 2203 2198
2202 2203 2196
2199 2198 2204
2204 2198 2203
2199 2205 2201
2205 2199 2204
2206 2201 2205
2202 2207 2203
2207 2202 2186
2204 2203 2208
2207 2208 2203
2206 2205 2209
2210 2206 2209
2205 2204 2211
2208 2211 2204
2209 2205 2211
2210 2209 2212
2212 2213 2210
2209 2211 2214
2214 2212 2209
2208 2215 2211
2214 2211 2215
2207 2216 2208
2216 2215 2208
2207 2186 2217
2216 2207 2217
2212 2218 2213
2219 2213 2218
2219 2218 2220
1701 2219 2220
1701 2220 1700
2214 2215 2221
2216 2222 2215
2221 2215 2222
2216 2217 2223
2222 2216 2223
2217 2186 2224
2224 2223 2217
2214 2225 2212
2225 2214 2221
2226 2218 2212
2212 2225 2226
2227 2220 2218
2226 2227 2218
2228 1700 2220
2227 2228 2220
2225 2221 2229
2226 2225 2229
2227 2226 2230
2226 2229 2230
2229 2221 2231
2221 2222 2231
2222 2223 2232
2231 2222 2232
2229 2231 2233
2230 2229 2233
2227 2230 2234
2234 2228 2227
2228 2235 1700
2235 1689 1700
2235 1683 1689
1682 1683 2235
2235 2228 2236
2234 2236 2228
1682 2235 2237
2235 2236 2237
1673 1682 2237
2238 1673 2237
2238 2237 2236
1673 2238 1663
2238 1667 1663
2239 2238 2236
2239 2236 2234
2238 2239 1667
2240 2234 2230
2240 2239 2234
2230 2233 2240
2239 2241 1667
2239 2240 2241
1664 1667 2241
2240 2233 2242
2240 2242 2241
2241 2243 1664
2241 2242 2243
1664 2243 1661
2233 2244 2242
2233 2231 2244
2231 2232 2244
2245 1661 2243
2245 1542 1661
2242 2246 2243
2242 2244 2246
2245 2243 2246
2247 2244 2232
2247 2246 2244
2245 2248 1542
1542 2248 1543
2246 2249 2245
2248 2245 2249
2246 2247 2249
2232 2250 2247
2232 2223 2250
2224 2250 2223
1543 2248 2251
2248 2249 2251
2247 2252 2249
2247 2250 2252
2251 2249 2252
2250 2224 2253
2250 2253 2252
1543 2251 2254
1535 1543 2254
2251 2252 2255
2253 2255 2252
2254 2251 2255
1535 2254 2256
1534 1535 2256
2254 2255 2257
2257 2256 2254
2258 1534 2256
2257 2258 2256
2258 1540 1534
2257 2255 2259
2253 2259 2255
2224 2260 2253
2186 2260 2224
2186 2192 2260
2261 2258 2257
2257 2259 2261
1540 2258 2262
2261 2262 2258
1540 2262 1539
1539 2262 2263
2261 2263 2262
1539 2263 1541
2263 2170 1541
2260 2264 2253
2259 2253 2264
2192 2265 2260
2264 2260 2265
2259 2266 2261
2266 2259 2264
2261 2267 2263
2266 2267 2261
2263 2268 2170
2267 2268 2263
2264 2269 2266
2269 2264 2265
2265 2192 2270
2270 2192 2188
2191 2270 2188
2271 2265 2270
2270 2191 2271
2269 2265 2271
2267 2266 2272
2269 2272 2266
2191 2273 2271
2193 2273 2191
2274 2269 2271
2272 2269 2274
2271 2273 2274
2267 2275 2268
2275 2267 2272
2273 2193 2276
2273 2277 2274
2273 2276 2277
2276 2193 2278
2193 2181 2278
2153 2278 2181
2279 2277 2276
2279 2276 2278
2274 2277 2280
2279 2280 2277
2281 2272 2274
2274 2280 2281
2282 2275 2272
2282 2272 2281
2275 2283 2268
2275 2282 2283
2279 2278 2284
2153 2284 2278
2280 2279 2285
2285 2279 2284
2286 2281 2280
2286 2282 2281
2280 2285 2286
2287 2282 2286
2287 2286 2285
2287 2283 2282
2268 2283 2288
2268 2288 2170
2170 2288 2163
2288 2169 2163
2283 2289 2288
2283 2287 2289
2288 2289 2169
2287 2285 2290
2290 2285 2284
2290 2289 2287
2291 2169 2289
2169 2291 2162
2290 2284 2292
2153 2292 2284
2290 2293 2289
2291 2289 2293
2293 2290 2292
2162 2291 2294
2293 2294 2291
2293 2292 2294
2153 2294 2292
2162 2294 2156
2156 2294 2153
2295 2296 2297
2298 2296 2295
2297 2296 2299
2300 2296 2298
2299 2296 2301
2302 2296 2300
2301 2296 2303
2304 2296 2302
2303 2296 2305
2306 2296 2304
2305 2296 2307
2308 2296 2306
2307 2296 2309
2310 2296 2308
2309 2296 2311
2312 2296 2310
2311 2296 2313
2314 2296 2312
2313 2296 2315
2316 2296 2314
2315 2296 2316
2317 2318 2319
2320 2317 2319
2318 2321 2319
2322 2320 2319
2321 2323 2319
2324 2322 2319
2323 2325 2319
2326 2324 2319
2325 2327 2319
2328 2326 2319
2327 2329 2319
2330 2328 2319
2329 2331 2319
2332 2330 2319
2331 2333 2319
2334 2332 2319
2333 2335 2319
2336 2334 2319
2335 2337 2319
2338 2336 2319
2337 2338 2319
