byte offset: 0
first index: 0
index count: 6402
topology: trianglelist
format: DXGI_FORMAT_R16_UINT

0 1 2
0 3 4
0 5 3
3 5 6
7 6 5
7 5 8
8 9 7
8 10 9
10 11 9
10 12 11
13 8 5
13 10 8
5 0 14
14 13 5
10 15 12
13 16 10
16 15 10
17 12 15
17 18 12
17 19 18
17 20 19
17 21 20
15 22 17
17 22 21
21 22 23
21 23 24
22 25 23
26 22 15
22 26 25
26 15 16
26 27 25
26 28 27
16 28 26
29 27 28
29 28 30
28 31 30
16 32 28
28 32 31
13 32 16
33 31 32
13 34 32
33 32 34
14 34 13
14 33 34
14 35 33
0 35 14
0 36 35
0 37 36
37 0 38
39 40 37
40 41 42
43 44 45
46 47 48
46 49 50
46 50 51
50 52 51
53 51 52
53 54 51
54 53 55
54 55 56
56 55 57
56 57 58
59 51 54
59 54 56
51 60 46
60 51 59
56 58 61
59 56 62
62 56 61
63 61 58
63 58 64
63 64 65
63 65 66
63 66 67
61 63 68
63 67 68
69 68 67
69 67 70
71 68 69
72 61 68
71 72 68
72 62 61
73 72 71
73 74 72
62 72 74
75 74 73
75 76 74
74 76 77
62 74 78
74 77 78
59 62 78
79 78 77
59 78 80
79 80 78
60 59 80
60 80 79
60 79 81
46 60 81
46 81 82
46 82 83
83 84 46
84 83 85
85 86 87
88 89 90
91 92 93
91 94 92
92 94 95
92 95 96
97 94 91
97 95 94
97 91 98
96 95 99
100 99 95
96 99 101
102 101 99
102 99 103
100 103 99
98 104 97
98 105 104
106 102 103
106 107 102
108 104 105
109 104 108
110 109 108
108 105 111
111 110 108
111 112 110
113 110 112
97 104 114
109 114 104
97 114 115
97 115 95
114 95 115
114 116 95
116 114 109
100 95 116
113 117 110
118 117 113
118 119 117
120 119 118
110 117 121
121 117 119
110 122 109
110 121 122
116 109 123
123 100 116
109 122 124
109 124 123
122 121 125
122 125 124
121 119 126
125 121 126
120 127 119
126 119 127
120 128 127
120 129 128
128 129 130
128 130 131
131 130 132
131 132 133
133 134 131
128 131 134
133 135 134
127 128 136
128 134 136
126 127 137
127 136 137
138 126 137
138 137 136
125 126 138
139 134 135
139 135 140
141 139 140
142 136 134
142 138 136
142 134 139
125 138 143
142 143 138
141 144 139
145 144 141
146 142 139
143 142 146
146 139 144
125 143 147
124 125 147
145 148 144
149 148 145
150 146 144
150 144 148
143 146 151
151 147 143
146 150 152
146 152 151
153 150 148
153 152 150
149 154 148
153 148 154
149 155 154
149 156 155
157 155 156
158 153 154
158 154 155
157 159 155
160 159 157
160 161 159
162 159 161
163 155 159
162 163 159
163 158 155
163 162 164
163 164 165
165 158 163
166 153 158
153 166 152
164 167 165
164 168 167
165 169 158
166 158 169
170 169 165
170 165 167
168 171 167
168 172 171
173 166 169
173 169 170
174 170 167
174 167 171
174 173 170
166 175 152
166 173 175
176 171 172
176 172 177
178 171 176
178 174 171
177 179 176
179 178 176
177 180 179
174 181 173
175 173 181
152 175 182
152 182 151
151 182 147
183 182 175
183 147 182
184 174 178
184 181 174
181 184 185
175 181 186
183 175 186
181 185 186
183 186 185
183 187 147
124 147 187
123 124 187
188 187 183
183 185 188
123 187 189
188 189 187
123 189 100
188 100 189
188 190 100
185 190 188
100 190 103
191 103 190
185 191 190
191 106 103
191 185 192
184 192 185
191 193 106
191 194 193
191 192 194
195 106 193
194 195 193
192 196 194
194 196 195
184 197 192
192 197 196
184 198 197
198 196 197
184 178 198
199 198 178
179 199 178
179 200 199
179 201 200
180 201 179
180 202 201
203 201 202
203 204 201
201 204 205
201 205 200
200 205 206
199 207 198
198 207 196
207 199 200
196 207 208
207 200 208
196 208 195
195 208 200
200 206 209
195 200 209
107 209 206
195 209 106
107 106 209
210 211 212
210 213 211
214 213 210
214 210 215
213 216 211
214 215 217
213 218 216
218 213 214
216 218 219
216 219 220
221 220 219
221 222 220
221 223 222
224 223 221
225 223 224
219 226 221
224 221 226
218 227 219
219 227 226
218 228 227
218 214 228
228 229 227
229 226 227
214 230 228
228 230 229
225 224 231
225 231 232
214 233 230
214 217 233
217 234 233
234 230 233
217 235 234
236 234 235
237 234 236
234 238 230
237 238 234
238 229 230
237 239 238
240 238 239
238 240 229
240 239 241
240 242 229
229 242 226
241 243 240
240 243 242
241 244 243
243 244 245
246 226 242
224 226 246
243 245 247
247 245 248
249 242 243
246 242 249
249 243 247
250 224 246
250 246 249
250 231 224
251 249 247
250 249 251
247 248 252
251 247 252
231 250 253
253 250 251
248 254 252
248 255 254
256 254 255
257 251 252
257 252 254
253 251 257
256 258 254
258 257 254
259 258 256
260 258 259
260 259 261
258 262 257
262 258 260
263 260 261
263 261 264
265 260 263
265 266 260
262 260 266
265 267 266
267 262 266
265 268 267
269 267 268
257 262 270
267 270 262
257 270 253
269 271 267
272 271 269
272 273 271
271 273 274
275 270 267
275 267 271
271 274 275
275 253 270
275 274 276
275 277 253
275 276 277
231 253 277
277 276 232
277 232 231
278 279 280
278 280 281
280 282 281
280 283 282
284 278 281
284 281 282
284 285 278
283 286 282
287 282 286
283 288 286
289 286 288
289 290 286
287 286 290
285 284 291
285 291 292
293 290 289
293 289 294
295 292 291
296 295 291
297 295 296
295 298 292
298 295 297
298 297 299
300 299 297
284 301 291
296 291 301
284 302 301
284 282 302
301 302 282
301 282 303
303 296 301
287 303 282
300 297 304
305 300 304
305 304 306
307 305 306
297 308 304
308 306 304
297 296 309
297 309 308
303 310 296
310 303 287
296 311 309
296 310 311
309 312 308
309 311 312
308 313 306
312 313 308
307 306 314
313 314 306
307 314 315
307 315 316
315 317 316
315 318 317
318 319 317
318 320 319
320 318 321
315 321 318
320 321 322
314 323 315
315 323 321
313 324 314
314 324 323
325 324 313
325 323 324
312 325 313
326 322 321
326 327 322
328 327 326
329 321 323
329 323 325
329 326 321
312 330 325
329 325 330
328 326 331
332 328 331
333 326 329
330 333 329
333 331 326
312 334 330
311 334 312
332 331 335
336 332 335
337 331 333
337 335 331
330 338 333
338 330 334
333 339 337
333 338 339
340 335 337
340 337 339
336 335 341
340 341 335
336 341 342
336 342 343
344 343 342
345 341 340
345 342 341
344 342 346
347 344 346
347 346 348
349 348 346
350 346 342
349 346 350
350 342 345
350 351 349
350 352 351
352 350 345
353 345 340
340 339 353
351 352 354
351 354 355
352 345 356
353 356 345
357 352 356
357 354 352
355 354 358
355 358 359
360 356 353
360 357 356
361 354 357
361 358 354
361 357 360
353 339 362
353 362 360
363 359 358
363 364 359
365 363 358
365 358 361
364 363 366
366 363 365
364 366 367
361 360 368
362 368 360
339 369 362
339 338 369
338 334 369
370 362 369
370 369 334
371 365 361
371 361 368
368 372 371
362 373 368
370 373 362
368 373 372
370 372 373
370 334 374
311 374 334
310 374 311
375 370 374
370 375 372
310 376 374
375 374 376
310 287 376
375 376 287
375 287 377
372 375 377
287 290 377
378 377 290
372 377 378
378 290 293
378 379 372
371 372 379
378 293 380
378 380 381
378 381 379
382 380 293
381 380 382
379 381 383
381 382 383
371 379 384
379 383 384
371 384 385
385 384 383
371 385 365
386 365 385
366 365 386
366 386 387
366 387 388
367 366 388
367 388 389
390 389 388
390 388 391
388 392 391
388 387 392
387 393 392
386 385 394
385 383 394
394 387 386
383 395 394
394 395 387
383 382 395
382 387 395
387 396 393
382 396 387
294 393 396
382 293 396
294 396 293
397 398 399
397 400 398
401 398 400
401 402 398
400 397 403
401 404 402
400 403 405
405 401 400
406 405 403
406 403 407
407 408 406
407 409 408
409 410 408
408 410 411
411 410 412
406 408 413
411 413 408
405 406 414
406 413 414
405 414 415
405 415 401
415 414 416
416 414 413
401 415 417
415 416 417
418 411 412
418 412 419
401 417 420
401 420 404
404 420 421
421 420 417
422 404 421
423 422 421
424 423 421
421 417 425
424 421 425
425 417 416
424 425 426
427 426 425
425 416 427
427 428 426
427 416 429
416 413 429
428 427 430
427 429 430
428 430 431
430 432 431
433 429 413
411 433 413
430 434 432
434 435 432
436 430 429
433 436 429
436 434 430
437 433 411
437 436 433
437 411 418
438 434 436
437 438 436
434 439 435
438 439 434
418 440 437
440 438 437
435 439 441
435 441 442
443 442 441
444 439 438
444 441 439
440 444 438
443 441 445
445 441 444
445 446 443
447 446 445
447 448 446
445 444 449
449 447 445
450 448 447
450 451 448
452 450 447
452 447 453
449 453 447
452 453 454
454 453 449
452 454 455
456 455 454
444 457 449
454 449 457
458 454 457
444 440 457
458 457 440
456 454 459
458 459 454
459 460 456
459 461 460
458 461 459
458 462 461
463 462 458
458 440 464
463 458 464
418 464 440
464 419 463
464 418 419
465 466 467
465 467 468
468 469 465
470 468 467
470 467 471
471 472 470
471 473 472
474 472 473
468 475 469
476 469 475
476 475 477
478 477 475
479 468 470
479 475 468
478 475 479
472 479 470
479 480 478
479 481 480
472 481 479
481 482 480
481 483 482
483 481 472
483 484 482
474 485 472
483 472 485
485 474 486
487 483 485
483 487 484
485 486 488
487 485 488
488 486 489
488 489 490
490 489 491
488 490 492
488 492 487
492 490 491
487 492 493
487 493 484
493 492 494
484 493 495
493 491 495
484 495 496
491 497 495
497 496 495
491 498 497
497 498 496
499 498 491
500 498 499
500 496 498
496 500 501
502 503 504
502 505 503
506 507 508
506 509 507
509 506 510
511 507 509
511 512 507
512 511 513
512 513 514
515 514 513
509 510 516
517 516 510
517 518 516
519 516 518
520 511 509
520 509 516
519 520 516
513 511 520
520 519 521
520 521 522
513 520 522
522 521 523
522 523 524
524 513 522
524 523 525
515 513 526
524 526 513
526 527 515
528 526 524
524 525 528
526 529 527
528 529 526
529 530 527
529 531 530
531 532 530
529 533 531
529 528 533
533 532 531
528 534 533
528 525 534
534 535 533
525 536 534
534 536 532
525 537 536
538 532 536
538 536 537
539 532 538
538 537 539
540 532 539
541 540 539
541 539 537
537 542 541
543 544 545
544 543 546
547 548 549
547 550 548
551 550 547
552 548 550
552 553 548
551 554 550
552 550 554
555 554 551
556 553 552
556 557 553
555 558 554
559 558 555
559 560 558
558 560 561
552 554 562
562 556 552
562 554 558
557 556 563
562 563 556
557 563 564
562 558 565
558 561 565
563 562 565
566 564 563
563 565 566
566 565 561
566 567 564
566 561 567
568 569 570
568 570 571
571 572 568
573 571 570
573 570 574
573 574 575
571 576 572
576 577 572
578 571 573
578 576 571
576 579 577
579 580 577
579 581 580
582 581 579
583 579 576
582 579 583
583 576 578
584 582 583
584 583 578
584 585 582
584 586 585
573 587 578
584 578 587
573 575 588
573 588 587
584 589 586
587 589 584
575 590 588
575 591 590
590 591 592
588 593 587
587 593 589
588 590 593
594 589 593
590 594 593
595 586 589
594 595 589
595 596 586
590 592 597
590 597 594
598 597 592
596 595 599
594 599 595
596 599 600
598 601 597
594 597 601
602 601 598
594 603 599
603 600 599
603 602 600
594 601 603
602 603 601
604 605 606
604 606 607
608 604 607
608 609 604
610 609 608
606 611 607
606 612 611
610 608 613
613 614 610
613 615 614
616 615 613
608 616 613
616 617 615
607 618 608
608 618 616
607 611 618
612 619 611
619 612 620
616 621 617
618 621 616
611 622 618
611 619 622
618 622 621
619 620 623
623 622 619
624 617 621
624 625 617
621 622 626
621 626 624
623 626 622
627 625 624
626 627 624
627 628 625
629 628 627
626 630 627
623 630 626
629 627 630
631 623 620
623 631 630
631 629 630
631 620 632
631 632 629
633 634 635
633 635 636
637 633 636
638 636 635
638 635 639
637 636 640
638 640 636
641 637 640
642 638 639
642 639 643
641 640 644
645 641 644
645 644 646
644 647 646
638 648 640
648 638 642
648 644 640
643 649 642
648 642 649
643 650 649
648 651 644
644 651 647
649 651 648
652 649 650
649 652 651
652 647 651
652 650 653
652 653 647
654 655 656
654 657 655
658 657 654
659 655 657
659 660 655
659 661 660
658 662 657
663 662 658
664 659 657
664 657 662
663 665 662
666 665 663
666 667 665
668 665 667
669 662 665
668 669 665
669 664 662
670 669 668
670 664 669
670 668 671
670 671 672
659 664 673
670 673 664
670 672 674
673 670 674
659 673 675
659 675 661
675 673 676
673 674 676
677 676 674
678 674 672
677 674 678
678 672 679
661 675 680
675 676 680
680 676 677
661 680 681
680 682 681
679 683 678
677 678 683
679 684 683
680 685 682
680 677 685
686 682 685
687 683 684
677 683 687
687 684 688
686 685 689
677 689 685
677 687 689
688 686 689
688 689 687
690 691 692
690 693 691
690 694 693
690 695 694
696 694 695
691 693 697
691 697 698
696 699 694
699 696 700
699 700 701
702 699 701
694 699 702
702 701 703
693 694 704
694 702 704
693 704 697
698 697 705
705 706 698
702 703 707
704 702 707
697 704 708
697 708 705
704 707 708
705 709 706
709 705 708
710 707 703
710 703 711
707 712 708
707 710 712
709 708 712
713 710 711
712 710 713
713 711 714
715 713 714
712 713 716
709 712 716
715 716 713
717 706 709
709 716 717
717 716 715
717 718 706
717 715 718
719 720 721
719 722 720
723 722 719
724 720 722
723 725 722
724 722 726
725 726 722
727 724 726
725 728 726
727 726 729
728 729 726
730 727 729
728 731 729
730 729 732
732 729 731
733 730 732
732 731 734
731 735 734
734 735 736
736 737 734
734 737 732
732 737 738
732 738 733
739 733 738
738 740 739
741 742 743
741 743 744
745 741 744
744 743 746
747 741 745
748 744 746
745 744 748
748 746 749
749 746 750
749 750 751
752 749 751
753 749 752
753 754 749
754 748 749
753 755 754
754 755 756
754 757 748
757 754 756
757 745 748
757 756 758
759 757 758
759 760 757
757 760 745
761 760 759
761 759 762
745 760 763
763 760 761
762 764 761
761 764 763
762 765 764
766 764 765
766 765 767
766 767 768
745 763 769
747 745 769
764 770 763
769 763 770
770 764 766
771 747 769
769 770 771
771 772 747
773 771 770
773 770 766
771 774 772
773 774 771
774 775 772
774 776 775
766 768 777
778 777 768
778 779 777
780 773 766
780 766 777
777 779 780
774 773 780
779 781 780
774 782 776
774 780 782
780 781 782
782 783 776
782 781 784
783 782 784
785 786 787
785 788 786
789 788 785
789 790 788
788 791 786
788 790 792
788 793 791
793 794 791
788 792 795
795 793 788
795 792 796
795 796 797
795 797 798
793 795 798
798 794 793
798 799 794
800 794 799
801 802 803
801 804 802
805 804 801
805 801 806
805 806 807
805 807 808
804 809 802
810 802 809
809 811 810
809 812 811
809 813 812
804 814 809
809 814 813
814 804 805
814 815 813
808 816 805
814 805 816
814 816 815
808 817 816
816 818 815
816 817 818
819 820 821
820 819 822
823 824 825
823 825 826
827 823 826
827 826 828
829 827 828
829 828 830
829 830 831
831 832 829
831 833 832
830 834 831
833 831 835
834 835 831
833 835 836
836 835 837
837 835 838
834 838 835
839 838 834
837 838 840
840 838 841
841 838 839
841 839 842
839 843 842
844 843 839
839 834 845
844 839 846
846 839 845
846 845 847
848 846 847
849 848 847
849 850 848
850 849 851
850 851 852
853 852 851
853 854 852
855 854 853
855 853 856
857 855 856
857 856 858
859 860 861
862 860 859
862 863 860
863 864 860
863 865 864
866 864 865
867 868 869
870 867 869
870 869 871
870 872 867
873 867 872
874 875 876
874 876 877
878 874 877
879 877 876
878 877 880
879 881 877
880 877 881
882 881 879
880 881 883
882 884 881
883 881 884
885 884 882
883 884 886
885 887 884
887 886 884
888 887 885
887 889 886
886 889 890
889 891 890
891 889 892
889 887 892
887 893 892
887 888 893
894 893 888
893 894 895
896 897 898
896 898 899
899 898 900
899 901 896
902 900 898
901 899 903
899 900 903
901 903 904
904 905 901
904 906 905
907 906 904
908 907 904
908 904 909
909 904 903
908 909 910
909 911 910
909 903 912
912 911 909
912 903 900
912 913 911
914 913 912
914 912 915
912 900 915
916 914 915
916 917 914
900 918 915
918 916 915
917 916 919
916 918 919
917 919 920
921 920 919
921 922 920
921 923 922
900 924 918
902 924 900
919 918 925
924 925 918
925 921 919
926 924 902
924 926 925
926 902 927
928 925 926
928 921 925
926 927 929
928 926 929
930 929 927
930 931 929
921 932 923
933 923 932
933 932 934
935 921 928
935 932 921
932 935 934
929 935 928
934 935 936
929 931 937
929 937 935
935 937 936
937 931 938
937 939 936
938 939 937
940 941 942
940 943 941
944 941 943
944 943 945
946 943 940
943 947 945
946 948 943
948 946 949
943 950 947
950 943 948
950 951 947
950 952 951
950 953 952
948 953 950
953 948 949
953 949 954
955 954 949
956 957 958
956 958 959
960 956 959
960 961 956
960 962 961
960 963 962
959 958 964
965 964 958
964 965 966
964 966 967
964 967 968
959 964 969
964 968 969
969 960 959
969 968 970
963 960 971
969 971 960
969 970 971
963 971 972
971 970 973
971 973 972
974 975 976
976 977 974
978 979 980
978 981 979
982 981 978
982 983 981
984 983 982
984 985 983
984 986 985
986 984 987
986 987 988
985 986 989
990 986 988
989 986 990
990 988 991
991 992 990
992 993 990
989 990 993
994 989 993
992 995 993
995 996 993
996 994 993
996 997 994
994 997 998
999 994 998
994 1000 989
999 1001 994
1001 1000 994
1001 1002 1000
1003 1002 1001
1003 1004 1002
1003 1005 1004
1005 1006 1004
1005 1007 1006
1007 1008 1006
1007 1009 1008
1010 1008 1009
1010 1011 1008
1012 1011 1010
1012 1013 1011
1014 1015 1016
1017 1014 1016
1017 1016 1018
1019 1018 1016
1019 1020 1018
1021 1020 1019
1022 1023 1024
1022 1025 1023
1025 1026 1023
1022 1027 1025
1028 1027 1022
1029 1030 1031
1029 1032 1030
1029 1033 1032
1029 1031 1034
1029 1035 1033
1035 1029 1034
1031 1036 1034
1031 1037 1036
1038 1036 1037
1038 1039 1036
1036 1040 1034
1035 1034 1040
1039 1041 1036
1036 1041 1040
1042 1041 1039
1033 1035 1043
1033 1043 1044
1045 1035 1040
1045 1043 1035
1046 1040 1041
1042 1046 1041
1046 1045 1040
1047 1046 1042
1045 1046 1047
1048 1047 1042
1045 1047 1049
1049 1047 1048
1043 1045 1049
1049 1048 1050
1051 1049 1050
1044 1043 1052
1051 1044 1052
1043 1049 1052
1051 1052 1049
1053 1054 1055
1055 1054 1056
1055 1056 1057
1055 1057 1058
1055 1058 1059
1059 1058 1060
1053 1055 1061
1061 1055 1059
1059 1060 1062
1062 1060 1063
1062 1063 1064
1065 1053 1061
1065 1066 1053
1067 1066 1065
1061 1059 1068
1068 1059 1062
1068 1065 1061
1069 1062 1064
1068 1062 1069
1069 1064 1070
1068 1071 1065
1069 1071 1068
1070 1072 1069
1069 1072 1071
1070 1073 1072
1067 1065 1074
1074 1065 1071
1075 1072 1073
1075 1073 1076
1077 1075 1076
1078 1071 1072
1074 1071 1078
1078 1072 1075
1067 1074 1079
1067 1079 1080
1081 1074 1078
1075 1081 1078
1081 1079 1074
1077 1082 1075
1075 1082 1081
1083 1082 1077
1083 1084 1082
1081 1082 1084
1085 1084 1083
1081 1084 1086
1085 1086 1084
1079 1081 1086
1087 1086 1085
1088 1087 1080
1088 1080 1079
1079 1086 1088
1087 1088 1086
1089 1090 1091
1090 1092 1091
1089 1093 1090
1090 1094 1092
1093 1094 1090
1095 1093 1089
1095 1089 1096
1095 1096 1097
1095 1097 1098
1098 1093 1095
1099 1098 1097
1092 1094 1100
1092 1100 1101
1093 1102 1094
1098 1102 1093
1103 1094 1102
1103 1100 1094
1098 1103 1102
1101 1100 1104
1104 1100 1103
1105 1101 1104
1099 1106 1098
1098 1106 1103
1104 1103 1107
1107 1103 1106
1108 1106 1099
1107 1106 1108
1108 1099 1109
1105 1104 1110
1110 1104 1107
1111 1107 1108
1110 1107 1111
1108 1109 1112
1111 1108 1112
1113 1112 1109
1105 1110 1114
1114 1110 1111
1105 1114 1115
1113 1116 1112
1116 1111 1112
1114 1111 1117
1116 1117 1111
1118 1115 1114
1118 1114 1117
1118 1119 1115
1113 1120 1116
1113 1121 1120
1122 1117 1116
1118 1117 1122
1122 1116 1120
1118 1123 1119
1123 1118 1122
1123 1124 1119
1123 1125 1124
1123 1122 1126
1126 1125 1123
1126 1122 1120
1126 1127 1125
1128 1127 1126
1121 1129 1120
1126 1120 1129
1128 1126 1129
1129 1121 1130
1129 1130 1128
1131 1132 1133
1131 1133 1134
1131 1135 1132
1131 1136 1135
1135 1137 1132
1131 1134 1138
1131 1138 1136
1138 1134 1139
1135 1140 1137
1140 1135 1136
1137 1140 1141
1138 1139 1142
1136 1138 1142
1140 1143 1141
1140 1136 1143
1144 1141 1143
1144 1143 1136
1144 1145 1141
1144 1136 1146
1136 1142 1146
1147 1145 1144
1147 1144 1146
1147 1148 1145
1139 1149 1142
1139 1150 1149
1151 1146 1142
1147 1146 1151
1151 1142 1149
1147 1152 1148
1152 1147 1151
1150 1153 1149
1153 1150 1154
1155 1151 1149
1152 1151 1155
1155 1149 1153
1148 1152 1156
1155 1156 1152
1148 1156 1157
1153 1158 1155
1155 1158 1156
1159 1157 1156
1159 1156 1158
1159 1160 1157
1153 1154 1161
1153 1161 1158
1159 1158 1162
1162 1158 1161
1159 1163 1160
1163 1159 1162
1163 1164 1160
1163 1165 1164
1163 1166 1165
1154 1167 1161
1162 1161 1167
1154 1168 1167
1163 1162 1169
1163 1169 1166
1169 1162 1167
1168 1170 1167
1169 1167 1170
1170 1166 1169
1170 1168 1171
1170 1172 1166
1170 1171 1172
1173 1174 1175
1175 1174 1176
1173 1177 1174
1178 1177 1173
1174 1179 1176
1179 1174 1177
1180 1176 1179
1180 1181 1176
1178 1182 1177
1183 1182 1178
1183 1184 1182
1177 1182 1184
1185 1184 1183
1179 1177 1186
1180 1179 1186
1177 1184 1186
1187 1181 1180
1187 1188 1181
1180 1186 1189
1184 1189 1186
1189 1187 1180
1185 1190 1184
1184 1190 1189
1189 1191 1187
1190 1191 1189
1185 1192 1190
1190 1192 1191
1185 1193 1192
1187 1194 1188
1191 1194 1187
1193 1195 1192
1195 1193 1196
1192 1197 1191
1191 1197 1194
1192 1195 1197
1188 1194 1198
1197 1198 1194
1188 1198 1199
1195 1200 1197
1197 1200 1198
1201 1199 1198
1201 1198 1200
1201 1202 1199
1195 1196 1203
1195 1203 1200
1196 1204 1203
1196 1205 1204
1203 1206 1200
1201 1200 1206
1203 1204 1206
1201 1207 1202
1208 1202 1207
1208 1207 1209
1210 1209 1207
1211 1201 1206
1211 1207 1201
1210 1207 1211
1204 1211 1206
1211 1212 1210
1205 1213 1204
1204 1213 1211
1211 1213 1212
1214 1213 1205
1214 1212 1213
1215 1216 1217
1218 1215 1217
1218 1219 1215
1215 1219 1220
1215 1220 1221
1221 1220 1222
1215 1223 1216
1221 1223 1215
1221 1222 1224
1225 1224 1222
1225 1226 1224
1224 1227 1221
1221 1227 1223
1226 1228 1224
1224 1228 1227
1226 1229 1228
1230 1228 1229
1230 1231 1228
1227 1228 1231
1232 1231 1230
1216 1223 1233
1216 1233 1234
1235 1223 1227
1235 1233 1223
1227 1231 1235
1234 1233 1236
1236 1233 1235
1234 1236 1237
1236 1235 1238
1237 1236 1238
1238 1235 1231
1237 1238 1239
1238 1232 1239
1238 1231 1240
1232 1240 1231
1238 1240 1232
1241 1242 1243
1241 1244 1242
1241 1243 1245
1246 1244 1241
1241 1245 1247
1247 1245 1248
1246 1241 1249
1249 1241 1247
1247 1248 1250
1250 1248 1251
1250 1251 1252
1253 1246 1249
1253 1254 1246
1255 1254 1253
1249 1247 1256
1256 1247 1250
1256 1253 1249
1257 1250 1252
1256 1250 1257
1257 1252 1258
1258 1259 1257
1256 1257 1259
1258 1260 1259
1256 1261 1253
1256 1259 1261
1255 1253 1262
1262 1253 1261
1263 1259 1260
1263 1260 1264
1263 1264 1265
1266 1261 1259
1262 1261 1266
1266 1259 1263
1255 1262 1267
1255 1267 1268
1262 1266 1269
1269 1266 1263
1262 1269 1267
1263 1265 1270
1269 1263 1270
1270 1265 1271
1272 1268 1267
1269 1272 1267
1272 1273 1268
1269 1274 1272
1274 1273 1272
1270 1274 1269
1274 1275 1273
1270 1271 1276
1270 1276 1274
1276 1271 1275
1276 1275 1274
1277 1278 1279
1277 1279 1280
1277 1281 1278
1280 1282 1277
1283 1282 1280
1277 1284 1281
1284 1277 1282
1281 1284 1285
1281 1285 1286
1287 1286 1285
1287 1285 1288
1284 1282 1289
1285 1284 1289
1290 1288 1285
1285 1289 1290
1290 1291 1288
1283 1292 1282
1289 1282 1292
1290 1293 1291
1294 1291 1293
1290 1289 1295
1289 1292 1295
1290 1295 1293
1296 1292 1283
1296 1295 1292
1296 1283 1297
1298 1293 1295
1296 1298 1295
1297 1299 1296
1298 1296 1299
1300 1299 1297
1294 1293 1301
1298 1301 1293
1298 1299 1302
1301 1298 1302
1303 1294 1301
1301 1302 1303
1303 1304 1294
1300 1305 1299
1302 1299 1305
1303 1306 1304
1306 1307 1304
1303 1302 1308
1302 1305 1308
1303 1308 1306
1309 1308 1305
1306 1308 1309
1310 1305 1300
1309 1305 1310
1310 1300 1311
1312 1310 1311
1312 1309 1310
1312 1311 1313
1312 1313 1314
1312 1314 1315
1312 1315 1309
1315 1314 1316
1315 1316 1317
1317 1309 1315
1316 1307 1317
1306 1318 1307
1306 1309 1318
1317 1318 1309
1317 1307 1318
1319 1320 1321
1319 1321 1322
1319 1322 1323
1319 1324 1320
1319 1323 1325
1325 1324 1319
1320 1324 1326
1320 1326 1327
1328 1327 1326
1328 1326 1329
1326 1324 1330
1325 1330 1324
1329 1326 1331
1326 1330 1331
1332 1329 1331
1323 1333 1325
1323 1334 1333
1335 1330 1325
1335 1325 1333
1336 1331 1330
1332 1331 1336
1336 1330 1335
1337 1332 1336
1335 1337 1336
1338 1332 1337
1335 1339 1337
1339 1338 1337
1333 1339 1335
1339 1340 1338
1341 1340 1339
1334 1342 1333
1341 1342 1334
1333 1342 1339
1341 1339 1342
1343 1344 1345
1345 1344 1346
1343 1345 1347
1345 1346 1348
1347 1345 1348
1349 1343 1347
1349 1350 1343
1349 1351 1350
1349 1352 1351
1352 1349 1347
1353 1351 1352
1346 1354 1348
1346 1355 1354
1347 1348 1356
1352 1347 1356
1357 1356 1348
1357 1348 1354
1352 1356 1357
1355 1358 1354
1358 1357 1354
1359 1358 1355
1353 1352 1360
1352 1357 1360
1358 1361 1357
1361 1360 1357
1362 1353 1360
1361 1362 1360
1362 1363 1353
1359 1364 1358
1364 1361 1358
1365 1362 1361
1364 1365 1361
1362 1366 1363
1365 1366 1362
1367 1363 1366
1359 1368 1364
1368 1365 1364
1359 1369 1368
1367 1366 1370
1370 1366 1365
1371 1368 1369
1371 1369 1372
1368 1373 1365
1370 1365 1373
1371 1373 1368
1367 1370 1374
1367 1374 1375
1376 1370 1373
1371 1376 1373
1376 1374 1370
1371 1372 1377
1377 1376 1371
1378 1377 1372
1378 1379 1377
1377 1380 1376
1379 1380 1377
1380 1374 1376
1379 1381 1380
1382 1380 1381
1375 1374 1383
1380 1383 1374
1382 1383 1380
1383 1384 1375
1383 1382 1384
1385 1386 1387
1386 1388 1387
1385 1387 1389
1390 1385 1389
1387 1388 1391
1391 1389 1387
1392 1391 1388
1392 1388 1393
1390 1389 1394
1395 1390 1394
1395 1394 1396
1389 1396 1394
1397 1395 1396
1391 1398 1389
1392 1398 1391
1389 1398 1396
1399 1392 1393
1399 1393 1400
1392 1401 1398
1396 1398 1401
1401 1392 1399
1397 1396 1402
1396 1401 1402
1401 1399 1403
1402 1401 1403
1397 1402 1404
1402 1403 1404
1397 1404 1405
1399 1400 1406
1403 1399 1406
1405 1404 1407
1407 1408 1405
1404 1403 1409
1403 1406 1409
1404 1409 1407
1400 1410 1406
1409 1406 1410
1400 1411 1410
1407 1409 1412
1409 1410 1412
1413 1410 1411
1413 1412 1410
1413 1411 1414
1407 1415 1408
1407 1412 1415
1408 1415 1416
1408 1416 1417
1415 1412 1418
1413 1418 1412
1415 1418 1416
1413 1414 1419
1419 1414 1420
1419 1420 1421
1422 1419 1421
1423 1418 1413
1423 1413 1419
1422 1423 1419
1416 1418 1423
1424 1423 1422
1417 1416 1425
1416 1423 1425
1424 1425 1423
1426 1417 1425
1426 1425 1424
1427 1428 1429
1430 1429 1428
1430 1428 1431
1432 1431 1428
1432 1428 1433
1434 1432 1433
1427 1435 1428
1435 1433 1428
1434 1433 1436
1437 1434 1436
1437 1436 1438
1439 1435 1427
1439 1427 1440
1441 1439 1440
1435 1442 1433
1442 1436 1433
1442 1435 1439
1443 1438 1436
1442 1443 1436
1443 1444 1438
1442 1439 1445
1443 1442 1445
1444 1443 1446
1443 1445 1446
1444 1446 1447
1441 1448 1439
1448 1445 1439
1449 1446 1445
1448 1449 1445
1450 1447 1446
1449 1450 1446
1450 1451 1447
1452 1451 1450
1441 1453 1448
1441 1454 1453
1455 1449 1448
1450 1449 1455
1455 1448 1453
1452 1450 1456
1450 1455 1456
1457 1452 1456
1457 1456 1458
1455 1458 1456
1459 1457 1458
1455 1460 1458
1459 1458 1460
1453 1460 1455
1461 1459 1460
1462 1453 1454
1462 1454 1461
1453 1462 1460
1461 1460 1462
1463 1464 1465
1463 1465 1466
1467 1464 1463
1468 1463 1466
1467 1463 1469
1470 1467 1469
1468 1471 1463
1471 1469 1463
1470 1469 1472
1473 1470 1472
1473 1472 1474
1475 1471 1468
1475 1468 1476
1477 1475 1476
1471 1478 1469
1478 1472 1469
1478 1471 1475
1479 1474 1472
1478 1479 1472
1479 1480 1474
1480 1479 1481
1478 1481 1479
1480 1481 1482
1478 1475 1483
1478 1483 1481
1477 1484 1475
1484 1483 1475
1485 1482 1481
1485 1486 1482
1485 1487 1486
1488 1481 1483
1484 1488 1483
1488 1485 1481
1477 1489 1484
1477 1490 1489
1484 1491 1488
1491 1485 1488
1484 1489 1491
1485 1492 1487
1491 1492 1485
1492 1493 1487
1494 1489 1490
1491 1489 1494
1494 1490 1495
1491 1494 1496
1496 1494 1495
1492 1491 1496
1496 1495 1497
1492 1498 1493
1492 1496 1498
1498 1496 1497
1498 1497 1493
1499 1500 1501
1502 1500 1499
1502 1499 1503
1504 1503 1499
1504 1499 1505
1506 1504 1505
1499 1501 1507
1505 1499 1507
1506 1505 1508
1508 1509 1506
1508 1510 1509
1508 1505 1511
1505 1507 1511
1510 1508 1512
1508 1511 1512
1510 1512 1513
1514 1513 1512
1514 1512 1515
1511 1515 1512
1516 1514 1515
1501 1517 1507
1501 1518 1517
1519 1511 1507
1519 1507 1517
1511 1519 1515
1518 1520 1517
1520 1519 1517
1518 1521 1520
1520 1522 1519
1521 1522 1520
1522 1515 1519
1521 1523 1522
1522 1523 1516
1522 1524 1515
1516 1515 1524
1522 1516 1524
