byte offset: 0
first index: 0
index count: 12234
topology: trianglelist
format: DXGI_FORMAT_R16_UINT

0 1 2
3 1 4
3 4 5
5 6 7
8 9 10
11 12 13
14 15 16
17 16 18
17 18 19
20 19 21
22 23 24
25 26 27
28 29 30
31 29 32
33 29 34
35 36 37
38 39 36
40 36 41
42 43 44
45 46 44
47 48 44
49 50 51
52 51 53
54 55 51
56 57 58
59 60 61
59 62 63
64 65 59
59 66 67
59 68 66
59 69 68
69 59 70
70 71 69
69 72 73
66 74 75
76 77 66
78 79 66
66 80 81
82 83 84
82 85 86
87 85 82
88 87 82
89 87 88
89 90 87
82 91 88
91 92 88
91 82 93
92 94 88
92 95 94
91 96 92
96 97 92
91 98 96
99 97 96
99 100 97
97 101 92
102 92 101
102 103 92
104 101 97
101 105 102
101 104 105
105 106 102
105 107 106
105 104 108
109 108 104
108 110 105
108 111 110
104 97 112
109 104 112
97 113 112
97 114 113
109 115 108
108 115 116
109 112 117
112 118 117
112 119 118
115 109 120
121 109 117
109 122 120
121 122 109
123 115 120
123 124 115
123 125 124
126 125 123
120 126 123
126 127 125
120 128 126
128 120 122
128 129 126
130 126 129
130 129 131
128 132 129
128 122 133
133 132 128
132 134 129
134 135 129
134 136 135
137 132 133
132 137 134
122 138 133
137 133 139
133 138 139
134 137 140
140 137 139
122 141 138
141 122 121
138 142 139
142 140 139
134 140 143
144 134 143
144 143 145
146 138 141
138 146 142
146 147 142
146 141 148
149 148 141
142 147 150
149 151 148
142 152 140
152 142 150
143 140 152
152 150 153
143 152 153
150 154 153
143 153 155
143 155 156
154 157 153
154 158 157
149 141 159
141 121 159
159 121 160
121 117 160
117 161 160
117 162 161
159 160 163
149 159 163
160 164 163
149 163 165
163 166 165
149 165 167
167 165 168
149 167 169
149 169 151
151 169 170
151 170 171
169 172 170
169 167 172
172 167 173
174 175 160
163 176 177
178 179 163
167 180 181
182 167 183
184 185 186
187 188 185
187 189 188
189 190 191
189 192 190
193 194 192
193 195 194
196 197 91
198 199 200
201 202 203
204 205 206
207 208 209
102 210 209
211 102 209
212 209 213
212 214 209
214 215 209
214 216 215
217 214 218
217 218 219
220 218 214
220 221 218
222 223 224
222 225 226
227 228 229
230 231 165
232 165 233
115 234 235
236 237 238
239 240 241
239 242 243
244 239 243
245 239 244
246 245 244
246 244 247
239 245 248
248 245 249
248 250 239
249 245 251
249 251 252
248 249 253
253 249 254
248 253 255
256 253 254
256 254 257
254 249 258
259 258 249
259 249 260
261 254 258
258 259 262
258 262 261
262 259 263
262 263 264
262 265 261
266 261 265
265 262 267
265 267 268
261 269 254
266 269 261
254 269 270
254 270 271
266 265 272
265 273 272
266 274 269
269 274 275
269 275 276
277 274 266
277 278 274
277 266 279
274 278 280
274 280 281
272 282 266
266 282 279
283 282 272
283 272 284
283 284 285
282 283 286
286 283 287
286 287 288
282 286 289
289 279 282
289 286 290
291 290 286
291 292 290
289 293 279
289 290 294
293 289 294
294 290 295
295 290 296
295 296 297
279 293 298
279 298 299
300 293 294
294 295 300
300 301 293
293 301 298
302 299 298
302 303 299
298 304 302
298 301 304
302 304 305
304 306 305
307 301 300
295 307 300
304 301 307
308 306 304
304 307 308
295 309 307
309 308 307
310 309 295
310 311 309
308 312 306
309 312 308
306 312 313
309 314 312
309 315 314
313 312 316
313 316 317
318 319 320
321 318 322
318 323 324
324 325 326
324 326 327
318 328 329
318 329 330
318 330 331
331 332 318
332 331 333
331 334 335
336 329 337
338 329 339
329 340 341
329 341 342
343 248 344
345 346 347
348 349 350
351 278 352
353 354 355
356 357 358
259 357 359
360 357 259
361 362 357
361 357 363
363 357 364
363 364 365
366 367 363
366 368 367
369 363 367
369 367 370
371 372 373
272 374 375
376 377 378
379 380 376
379 376 381
382 379 383
382 383 384
385 386 387
388 389 390
388 391 392
393 388 394
388 395 396
388 396 397
388 397 398
398 399 388
399 398 400
398 401 402
396 403 404
405 396 406
407 396 408
396 409 410
411 412 413
411 414 415
416 411 415
417 411 416
418 417 416
418 416 419
411 417 420
420 417 421
420 422 411
421 417 423
421 423 424
420 421 425
425 421 426
420 425 427
428 425 426
428 426 429
426 421 430
431 430 421
431 421 432
433 426 430
430 431 434
430 434 433
434 431 435
434 435 436
434 437 433
438 433 437
437 434 439
437 439 440
433 441 426
438 441 433
426 441 442
426 442 443
438 437 444
437 445 444
438 446 441
441 446 447
441 447 448
444 449 438
450 446 438
438 449 451
450 438 451
452 449 444
452 444 453
452 453 454
455 452 454
449 452 455
455 454 456
449 455 457
457 451 449
457 455 458
459 458 455
459 460 458
457 458 461
457 462 451
462 457 461
461 458 463
463 458 464
463 464 465
466 462 461
461 463 466
451 462 467
466 468 462
462 468 467
463 469 466
469 468 466
451 467 470
470 450 451
467 468 471
471 468 469
463 472 469
473 472 463
473 474 472
475 470 467
467 471 475
475 471 476
475 477 470
478 470 477
471 479 476
478 477 480
471 469 481
481 479 471
472 481 469
481 482 479
472 482 481
479 482 483
472 484 482
472 485 484
483 482 486
483 486 487
478 488 470
470 488 450
488 489 450
450 489 446
446 489 490
446 490 491
488 492 489
478 492 488
489 492 493
478 494 492
492 494 495
478 496 494
496 497 494
478 498 496
478 480 498
480 499 498
480 500 499
498 499 501
498 501 496
501 502 496
503 489 504
492 505 506
507 492 508
496 509 510
511 512 496
513 514 515
516 515 517
516 517 518
518 519 520
518 520 521
522 521 523
522 523 524
525 420 526
527 528 529
530 531 532
533 534 535
536 537 538
431 537 539
540 537 431
541 542 537
541 537 543
543 537 544
543 544 545
546 547 543
546 548 547
549 543 547
549 547 550
551 552 553
551 554 555
556 557 558
559 494 560
561 562 494
444 563 564
565 566 567
568 569 570
568 571 572
573 571 568
574 573 568
575 573 574
575 576 573
568 577 574
577 578 574
577 568 579
578 580 574
578 581 580
577 582 578
582 583 578
577 584 582
585 583 582
585 586 583
583 587 578
588 578 587
588 589 578
590 587 583
587 591 588
587 590 591
591 592 588
591 593 592
591 590 594
595 594 590
594 596 591
594 597 596
590 583 598
595 590 598
583 599 598
583 600 599
595 601 594
594 601 602
595 598 603
598 604 603
598 605 604
606 595 603
606 603 607
606 608 595
603 609 607
603 610 609
601 595 611
595 608 611
612 601 611
612 613 601
612 614 613
611 615 612
615 616 612
615 617 616
611 618 615
618 611 608
618 619 615
620 615 619
620 619 621
618 608 622
618 623 619
622 623 618
623 624 619
624 625 619
624 626 625
608 627 622
608 628 627
629 623 622
623 629 624
629 622 630
622 627 630
631 627 628
631 628 632
627 631 633
627 633 630
631 634 633
633 634 635
636 629 630
624 629 636
633 636 630
637 633 635
633 637 636
624 636 638
638 636 637
639 624 638
639 638 640
637 635 641
638 637 641
635 642 641
638 641 643
638 643 644
642 645 641
642 646 645
647 648 649
649 650 651
649 652 653
652 649 654
652 654 655
652 655 656
652 657 658
659 660 652
652 661 662
663 664 655
665 666 655
661 667 668
661 668 669
655 670 671
655 672 670
673 674 577
675 676 677
678 679 680
681 682 607
683 684 685
686 687 688
588 689 688
690 588 688
691 688 692
691 693 688
693 694 688
693 695 694
696 693 697
696 697 698
699 697 693
699 700 697
701 702 703
601 704 705
706 707 708
706 709 710
706 710 711
712 713 710
712 714 713
715 716 717
718 716 719
720 716 721
722 723 724
725 726 723
727 723 728
729 730 731
732 733 731
734 735 731
736 737 738
739 738 740
741 742 738
743 744 745
746 747 748
749 750 751
751 752 753
754 751 755
754 756 751
757 751 756
757 758 751
757 759 758
757 756 760
757 760 761
761 759 757
756 762 760
762 761 760
756 763 762
756 764 763
756 765 764
766 762 763
762 767 761
762 766 767
767 768 761
761 769 759
761 768 769
766 763 770
770 763 771
770 771 772
773 767 766
766 770 774
766 774 773
773 775 767
775 768 767
770 772 776
770 776 774
774 777 773
775 773 777
778 759 769
759 778 779
759 779 780
781 778 769
769 768 781
781 782 778
783 778 782
783 782 784
782 781 785
786 782 785
786 785 787
781 768 788
785 781 788
788 768 789
789 768 790
790 768 775
791 790 775
791 775 777
792 790 791
789 790 792
793 791 777
793 792 791
793 777 794
774 794 777
774 795 794
774 776 795
794 796 793
794 795 796
797 795 776
798 796 795
798 795 797
793 796 799
796 798 799
793 800 792
793 799 800
797 776 801
801 776 772
792 800 802
800 799 803
800 803 802
792 802 804
789 792 804
789 804 805
805 804 802
788 789 805
806 799 798
807 798 797
807 806 798
803 799 808
806 808 799
809 806 807
809 807 810
806 811 808
806 812 811
813 807 797
814 807 813
814 815 807
813 797 816
797 801 816
817 816 801
817 801 818
801 772 818
817 818 819
817 819 820
819 818 821
821 818 822
822 818 823
818 772 823
822 823 824
772 825 823
824 823 825
772 826 825
824 825 827
828 829 830
831 832 833
834 835 836
837 838 839
840 841 842
843 844 840
843 845 844
846 847 848
849 850 847
849 851 850
852 853 854
855 856 852
852 856 857
857 856 858
857 858 859
859 858 860
859 860 861
862 860 863
862 863 864
865 866 867
868 869 866
868 866 870
871 872 873
874 875 876
877 878 879
880 881 878
880 882 881
880 883 884
880 885 883
886 887 885
888 889 890
891 892 888
891 888 893
893 888 894
894 888 895
896 894 895
897 894 896
898 897 896
898 896 899
895 888 900
888 901 900
900 901 902
895 903 896
896 903 904
903 905 904
895 900 906
895 906 903
907 906 900
907 900 908
909 903 906
909 910 903
896 911 912
900 913 914
903 915 916
917 918 919
919 920 921
922 923 919
924 923 925
926 893 923
927 920 928
928 929 930
928 931 929
931 928 932
931 932 933
932 934 933
935 931 933
936 935 933
936 933 937
935 938 931
935 939 938
938 940 931
938 941 940
938 939 942
938 942 943
943 944 938
943 945 944
946 947 948
949 947 950
949 950 951
952 951 950
953 954 955
956 954 957
956 957 958
959 960 957
959 961 960
962 959 963
962 963 964
965 966 963
965 967 966
968 969 970
971 972 969
973 974 972
973 975 974
976 977 974
976 978 977
979 980 981
982 983 984
985 986 982
985 987 986
988 986 987
988 987 989
990 991 992
991 993 994
991 995 996
997 998 999
1000 1001 1002
1003 1004 1005
1004 1006 1007
1008 1009 1004
1008 1004 1010
1011 1010 1004
1011 1004 1012
1011 1012 1013
1011 1014 1010
1011 1015 1014
1015 1011 1013
1010 1014 1016
1016 1014 1015
1010 1016 1017
1010 1017 1018
1010 1018 1019
1020 1017 1016
1016 1015 1021
1016 1021 1020
1021 1015 1022
1015 1013 1023
1015 1023 1022
1020 1024 1017
1024 1025 1017
1024 1026 1025
1027 1020 1021
1020 1028 1024
1020 1027 1028
1027 1021 1029
1029 1021 1022
1024 1030 1026
1024 1028 1030
1028 1027 1031
1029 1031 1027
1032 1023 1013
1013 1033 1032
1013 1034 1033
1035 1023 1032
1023 1035 1022
1035 1032 1036
1037 1036 1032
1037 1038 1036
1036 1039 1035
1040 1039 1036
1040 1041 1039
1035 1042 1022
1039 1042 1035
1042 1043 1022
1043 1044 1022
1044 1029 1022
1045 1029 1044
1045 1031 1029
1046 1045 1044
1043 1046 1044
1047 1031 1045
1047 1045 1046
1047 1048 1031
1028 1031 1048
1028 1048 1049
1028 1049 1030
1048 1047 1050
1048 1050 1049
1051 1030 1049
1052 1049 1050
1052 1051 1049
1047 1053 1050
1050 1053 1052
1047 1046 1054
1047 1054 1053
1051 1055 1030
1055 1026 1030
1046 1056 1054
1054 1057 1053
1054 1056 1057
1046 1058 1056
1043 1058 1046
1043 1059 1058
1059 1056 1058
1042 1059 1043
1060 1052 1053
1061 1051 1052
1061 1052 1060
1057 1062 1053
1060 1053 1062
1063 1061 1060
1063 1064 1061
1060 1062 1065
1060 1065 1066
1067 1051 1061
1068 1067 1061
1068 1061 1069
1067 1070 1051
1051 1070 1055
1071 1055 1070
1071 1072 1055
1055 1072 1026
1071 1073 1072
1071 1074 1073
1073 1075 1072
1075 1076 1072
1076 1077 1072
1072 1077 1026
1076 1078 1077
1026 1077 1079
1078 1079 1077
1026 1079 1080
1078 1081 1079
1082 1083 1084
1085 1086 1087
1088 1089 1090
1091 1092 1093
1094 1095 1096
1097 1094 1098
1097 1098 1099
1100 1101 1102
1103 1102 1104
1103 1104 1105
1106 1107 1108
1109 1106 1110
1106 1111 1110
1111 1112 1110
1111 1113 1112
1113 1114 1112
1113 1115 1114
1116 1117 1114
1116 1118 1117
1119 1120 1121
1122 1123 1121
1122 1121 1124
1125 1126 1127
1128 1129 1130
1131 1132 1133
1134 1133 1135
1134 1135 1136
1134 1137 1138
1134 1138 1139
1140 1139 1141
1142 1143 1144
1143 1145 1146
1147 1143 1148
1149 1150 1148
1151 1148 897
1152 1153 1146
1153 1154 1155
1153 1155 1156
1157 1153 1156
1157 1156 1158
1157 1158 1159
1160 1158 1156
1161 1158 1160
1161 1162 1158
1160 1156 1163
1160 1163 1164
1163 1156 1165
1163 1165 1166
1163 1167 1164
1163 1168 1167
1168 1163 1169
1168 1169 1170
1171 1172 1173
1174 1175 1173
1174 1176 1175
1177 1175 1176
1178 1179 1180
1181 1182 1180
1181 1183 1182
1184 1185 1182
1184 1186 1185
1187 1188 1185
1187 1189 1188
1190 1191 1188
1190 1192 1191
1193 1194 1195
1196 1195 1197
1198 1197 1199
1198 1199 1200
1201 1199 1202
1201 1202 1203
1204 1205 1206
1207 1208 1209
1210 1211 1207
1210 1212 1211
1213 1212 1210
1213 1214 1212
1215 1216 1217
1217 1218 1219
1217 1220 1221
1222 1223 1224
1225 1226 1223
1225 1223 1227
1225 1227 1228
1223 1229 1227
1228 1227 1229
1230 1229 1223
1230 1231 1229
1230 1232 1231
1233 1228 1229
1233 1229 1234
1233 1234 1235
1223 1226 1236
1237 1223 1236
1238 1236 1226
1236 1238 1239
1236 1239 1240
1241 1238 1226
1225 1241 1226
1225 1228 1242
1225 1243 1241
1225 1242 1244
1225 1244 1243
1228 1245 1242
1246 1245 1228
1247 1242 1245
1244 1242 1247
1245 1248 1247
1245 1249 1248
1238 1241 1250
1251 1241 1243
1250 1241 1251
1238 1250 1252
1252 1250 1253
1250 1251 1253
1252 1253 1254
1254 1253 1255
1254 1255 1256
1257 1253 1251
1257 1251 1258
1251 1243 1259
1259 1260 1251
1259 1261 1260
1262 1259 1243
1262 1243 1244
1259 1262 1263
1259 1263 1264
1265 1262 1244
1247 1265 1244
1247 1266 1265
1266 1267 1265
1265 1267 1262
1266 1268 1267
1269 1262 1267
1269 1270 1262
1268 1271 1267
1268 1272 1271
1247 1273 1274
1275 1247 1274
1276 1277 1278
1279 1280 1281
1282 1283 1284
1285 1286 1287
1288 1289 1228
1290 1291 1292
1293 1294 1295
1296 1297 1298
1299 1300 1301
1302 1303 1304
1305 1306 1307
1308 1309 1310
1311 1312 1313
1314 1315 1316
1317 1318 1319
1320 1321 1322
1323 1324 1325
1326 1327 1328
1329 1330 1331
1332 1333 1334
1335 1336 1337
1338 1339 1337
1338 1340 1339
1341 1342 1338
1341 1343 1342
1344 1345 1346
1347 1345 1348
1347 1348 1349
1350 1347 1351
1350 1351 1352
1353 1354 1355
1356 1357 1358
1359 1357 1360
1361 1357 1362
1363 1357 1364
1365 1357 1366
1367 1357 1368
1369 1357 1370
1371 1357 1372
1373 1357 1374
1375 1357 1376
1377 1357 1378
1379 1357 1380
1381 1382 1383
1384 1385 1383
1386 1387 1383
1388 1389 1383
1390 1391 1383
1392 1393 1383
1394 1395 1383
1396 1397 1383
1398 1399 1383
1400 1401 1383
1402 1403 1383
1404 1405 1383
1406 1407 1408
1409 1410 1408
1409 1408 1411
1412 1413 1414
1415 1416 1417
1418 1419 1420
1418 1421 1422
1423 1424 1422
1425 1426 1427
1428 1429 1430
1431 1432 1433
1434 1435 1436
1437 1438 1439
1437 1440 1441
1442 1443 1444
1445 1446 1447
1448 1449 1450
1451 1452 1453
1454 1455 1456
1457 1458 1455
1458 1459 1455
1458 1460 1459
1460 1458 1461
1462 1461 1458
1463 1459 1460
1463 1464 1459
1465 1464 1463
1465 1466 1464
1467 1463 1460
1465 1463 1467
1468 1466 1465
1468 1469 1466
1470 1460 1461
1467 1460 1470
1471 1468 1465
1465 1467 1471
1472 1469 1468
1472 1473 1469
1474 1473 1472
1474 1475 1473
1474 1476 1475
1472 1468 1477
1471 1477 1468
1477 1478 1472
1474 1472 1478
1474 1479 1476
1480 1476 1479
1480 1479 1481
1481 1482 1480
1474 1483 1479
1483 1481 1479
1481 1484 1482
1485 1482 1484
1486 1477 1471
1477 1486 1478
1474 1478 1487
1474 1487 1483
1483 1488 1481
1488 1484 1481
1478 1486 1489
1487 1478 1489
1487 1490 1483
1488 1483 1490
1487 1489 1491
1487 1491 1490
1485 1484 1492
1488 1493 1484
1492 1484 1493
1488 1490 1494
1493 1488 1494
1495 1485 1492
1495 1496 1485
1491 1497 1490
1497 1494 1490
1492 1493 1498
1498 1495 1492
1495 1499 1496
1496 1499 1500
1498 1501 1495
1499 1495 1501
1499 1502 1500
1500 1502 1503
1504 1503 1502
1493 1494 1505
1493 1506 1498
1493 1505 1506
1507 1501 1498
1507 1498 1506
1499 1501 1508
1508 1501 1507
1509 1505 1494
1497 1509 1494
1506 1505 1510
1509 1510 1505
1511 1502 1499
1511 1499 1508
1512 1507 1506
1506 1510 1512
1509 1497 1513
1510 1509 1514
1509 1513 1514
1512 1510 1515
1510 1514 1515
1513 1497 1516
1491 1516 1497
1491 1517 1516
1491 1489 1517
1518 1517 1489
1518 1489 1486
1518 1486 1519
1486 1471 1519
1520 1519 1471
1520 1471 1467
1521 1520 1467
1521 1467 1470
1521 1470 1522
1470 1461 1522
1523 1522 1461
1524 1519 1520
1525 1520 1521
1525 1524 1520
1521 1522 1526
1526 1525 1521
1527 1526 1522
1518 1519 1528
1524 1528 1519
1518 1528 1529
1524 1529 1528
1518 1529 1530
1518 1530 1517
1531 1524 1525
1526 1532 1525
1531 1525 1532
1524 1533 1529
1531 1533 1524
1526 1534 1532
1526 1535 1534
1531 1532 1536
1536 1532 1534
1537 1533 1531
1536 1537 1531
1533 1538 1529
1529 1539 1530
1538 1539 1529
1533 1540 1538
1537 1540 1533
1540 1541 1538
1541 1539 1538
1537 1542 1540
1540 1542 1541
1543 1530 1539
1544 1539 1541
1544 1543 1539
1542 1545 1541
1545 1544 1541
1546 1530 1543
1517 1530 1546
1546 1547 1517
1517 1547 1516
1516 1547 1548
1513 1516 1548
1549 1547 1546
1549 1548 1547
1550 1513 1548
1514 1513 1550
1549 1551 1548
1550 1548 1551
1514 1550 1552
1552 1515 1514
1543 1544 1553
1546 1543 1554
1543 1553 1554
1554 1553 1555
1546 1554 1556
1546 1556 1549
1554 1555 1556
1555 1549 1556
1557 1553 1544
1557 1544 1545
1549 1558 1551
1555 1558 1549
1559 1555 1553
1559 1553 1557
1555 1560 1558
1560 1551 1558
1555 1559 1561
1555 1561 1560
1559 1562 1561
1560 1561 1562
1557 1563 1559
1559 1563 1562
1545 1564 1557
1557 1564 1563
1560 1565 1551
1560 1562 1566
1566 1565 1560
1551 1565 1567
1551 1567 1550
1563 1568 1562
1562 1568 1566
1569 1565 1566
1567 1565 1569
1550 1567 1570
1550 1570 1552
1568 1571 1566
1566 1571 1569
1567 1569 1572
1570 1567 1572
1571 1573 1569
1573 1572 1569
1568 1574 1571
1571 1574 1573
1563 1575 1568
1574 1568 1575
1574 1575 1576
1573 1574 1577
1578 1576 1575
1573 1577 1579
1573 1579 1572
1577 1580 1579
1580 1581 1579
1579 1582 1572
1581 1582 1579
1570 1572 1582
1582 1581 1583
1584 1575 1563
1563 1564 1584
1578 1575 1585
1585 1575 1584
1584 1564 1586
1585 1584 1586
1586 1564 1545
1587 1570 1582
1587 1552 1570
1582 1583 1588
1587 1582 1588
1578 1585 1589
1578 1589 1590
1591 1586 1545
1542 1591 1545
1592 1585 1586
1592 1589 1585
1591 1592 1586
1593 1588 1583
1593 1583 1594
1595 1593 1594
1590 1589 1596
1590 1596 1597
1589 1592 1598
1591 1598 1592
1589 1598 1596
1591 1542 1599
1537 1599 1542
1600 1588 1593
1600 1587 1588
1595 1601 1593
1601 1600 1593
1602 1597 1596
1602 1603 1597
1602 1604 1603
1591 1605 1598
1591 1599 1605
1596 1606 1602
1596 1598 1607
1607 1606 1596
1606 1608 1602
1608 1609 1602
1606 1610 1608
1610 1606 1607
1610 1611 1608
1598 1612 1607
1612 1598 1605
1610 1607 1613
1607 1612 1613
1614 1610 1613
1613 1612 1614
1614 1615 1610
1605 1599 1616
1617 1612 1605
1605 1616 1617
1599 1618 1616
1599 1537 1618
1536 1618 1537
1618 1619 1616
1617 1616 1619
1620 1612 1617
1614 1612 1620
1621 1618 1536
1619 1618 1621
1620 1617 1622
1617 1619 1622
1614 1620 1623
1620 1622 1623
1621 1536 1624
1536 1534 1624
1619 1621 1625
1622 1619 1625
1534 1626 1624
1627 1621 1624
1627 1624 1626
1628 1625 1621
1628 1621 1627
1627 1629 1628
1622 1625 1630
1630 1625 1628
1534 1631 1626
1632 1631 1534
1632 1633 1631
1627 1626 1634
1631 1634 1626
1635 1628 1629
1630 1628 1635
1636 1622 1630
1636 1623 1622
1627 1637 1629
1627 1634 1637
1638 1629 1637
1638 1639 1629
1634 1640 1637
1634 1641 1640
1631 1642 1634
1642 1643 1634
1642 1644 1643
1645 1642 1631
1645 1631 1646
1647 1642 1645
1647 1648 1642
1649 1629 1650
1649 1651 1629
1635 1629 1651
1652 1635 1651
1652 1651 1653
1652 1653 1654
1652 1655 1635
1630 1635 1655
1630 1655 1636
1656 1655 1652
1657 1656 1652
1657 1658 1656
1656 1658 1659
1636 1655 1660
1656 1660 1655
1661 1660 1656
1656 1662 1661
1661 1663 1660
1636 1660 1664
1665 1664 1660
1665 1666 1664
1664 1623 1636
1664 1667 1623
1614 1623 1667
1668 1614 1667
1669 1667 1664
1669 1664 1670
1671 1672 1614
1673 1674 1610
1675 1461 1676
1677 1678 1522
1679 1680 1681
1682 1683 1608
1684 1685 1526
1686 1687 1688
1689 1687 1690
1691 1687 1689
1692 1687 1691
1692 1693 1687
1692 1694 1693
1692 1691 1695
1691 1696 1695
1691 1697 1696
1691 1689 1698
1697 1691 1698
1698 1689 1699
1700 1696 1697
1701 1696 1700
1702 1701 1700
1702 1700 1697
1702 1703 1701
1595 1701 1703
1595 1703 1704
1595 1704 1601
1702 1705 1703
1703 1705 1704
1706 1601 1704
1704 1705 1706
1707 1705 1702
1707 1702 1697
1706 1708 1601
1601 1708 1600
1706 1705 1709
1709 1705 1707
1708 1706 1710
1710 1706 1709
1697 1711 1707
1712 1709 1707
1712 1707 1711
1713 1710 1709
1709 1712 1713
1714 1708 1710
1713 1714 1710
1600 1708 1715
1714 1715 1708
1697 1716 1711
1697 1698 1716
1711 1716 1717
1716 1698 1717
1711 1717 1712
1718 1712 1717
1717 1698 1719
1720 1718 1717
1720 1717 1721
1600 1715 1722
1722 1587 1600
1715 1714 1723
1722 1715 1723
1722 1724 1587
1587 1724 1552
1552 1724 1515
1724 1722 1725
1724 1725 1515
1722 1723 1725
1512 1515 1725
1725 1726 1512
1725 1723 1726
1512 1726 1507
1726 1727 1507
1508 1507 1727
1723 1728 1726
1726 1728 1727
1723 1714 1729
1723 1729 1728
1730 1508 1727
1511 1508 1730
1714 1731 1729
1713 1731 1714
1728 1732 1727
1730 1727 1732
1733 1511 1730
1511 1733 1502
1734 1502 1733
1504 1502 1734
1735 1504 1734
1735 1736 1504
1737 1736 1735
1737 1738 1736
1739 1735 1734
1739 1740 1735
1739 1741 1740
1734 1733 1742
1739 1734 1742
1732 1743 1730
1733 1730 1744
1730 1743 1744
1745 1733 1744
1745 1742 1733
1743 1745 1744
1742 1746 1739
1745 1746 1742
1739 1746 1747
1739 1747 1748
1732 1749 1743
1728 1749 1732
1743 1750 1745
1749 1750 1743
1751 1749 1728
1729 1751 1728
1745 1752 1746
1745 1750 1752
1753 1746 1752
1750 1753 1752
1749 1754 1750
1751 1754 1749
1729 1755 1751
1729 1731 1755
1731 1756 1755
1755 1757 1751
1751 1757 1754
1755 1756 1757
1754 1758 1750
1757 1758 1754
1750 1758 1753
1753 1759 1746
1760 1746 1759
1760 1759 1761
1757 1762 1758
1757 1756 1762
1753 1758 1763
1759 1753 1763
1762 1763 1758
1759 1763 1764
1765 1759 1764
1765 1764 1766
1762 1767 1763
1764 1763 1767
1756 1768 1762
1762 1768 1767
1764 1767 1769
1770 1764 1769
1770 1769 1771
1767 1772 1769
1767 1768 1772
1773 1769 1772
1773 1772 1774
1768 1718 1772
1756 1775 1768
1768 1775 1718
1756 1776 1775
1775 1776 1718
1772 1718 1777
1777 1778 1772
1718 1779 1777
1718 1776 1712
1776 1713 1712
1780 1776 1756
1776 1780 1713
1731 1780 1756
1713 1780 1731
1777 1781 1782
1783 1689 1784
1785 1786 1787
1788 1787 1789
1789 1787 1790
1789 1790 1791
1791 1792 1789
1793 1789 1792
1794 1791 1790
1794 1790 1795
1796 1794 1795
1796 1795 1797
1798 1791 1794
1796 1798 1794
1799 1796 1797
1799 1797 1800
1801 1792 1791
1798 1801 1791
1802 1796 1799
1796 1802 1798
1803 1799 1800
1803 1800 1804
1805 1803 1804
1805 1804 1806
1805 1806 1807
1803 1808 1799
1802 1799 1808
1808 1803 1809
1805 1809 1803
1805 1807 1810
1811 1810 1807
1811 1812 1810
1812 1811 1813
1805 1810 1814
1814 1810 1812
1812 1813 1815
1816 1815 1813
1817 1802 1808
1808 1809 1817
1805 1818 1809
1805 1814 1818
1814 1812 1819
1819 1812 1815
1809 1820 1817
1818 1820 1809
1818 1814 1821
1819 1821 1814
1818 1822 1820
1818 1821 1822
1816 1823 1815
1819 1815 1824
1823 1824 1815
1819 1825 1821
1824 1825 1819
1826 1823 1816
1826 1816 1827
1822 1821 1828
1828 1821 1825
1823 1829 1824
1829 1823 1826
1826 1827 1830
1827 1831 1830
1829 1826 1832
1830 1832 1826
1830 1831 1833
1831 1834 1833
1835 1833 1834
1824 1836 1825
1824 1829 1837
1824 1837 1836
1838 1829 1832
1838 1837 1829
1830 1839 1832
1839 1838 1832
1840 1825 1836
1828 1825 1840
1837 1841 1836
1840 1836 1841
1842 1830 1833
1842 1839 1830
1843 1837 1838
1837 1843 1841
1840 1844 1828
1841 1845 1840
1840 1845 1844
1843 1846 1841
1841 1846 1845
1844 1847 1828
1822 1828 1847
1822 1847 1848
1822 1848 1820
1849 1820 1848
1849 1817 1820
1849 1850 1817
1817 1850 1802
1851 1802 1850
1851 1798 1802
1852 1798 1851
1852 1801 1798
1852 1853 1801
1801 1853 1792
1854 1792 1853
1855 1851 1850
1856 1852 1851
1856 1851 1855
1852 1857 1853
1857 1852 1856
1858 1853 1857
1849 1859 1850
1855 1850 1859
1849 1860 1859
1855 1859 1860
1849 1861 1860
1849 1848 1861
1862 1856 1855
1857 1856 1863
1862 1863 1856
1855 1860 1864
1862 1855 1864
1857 1863 1865
1857 1865 1866
1862 1867 1863
1867 1865 1863
1868 1862 1864
1867 1862 1868
1864 1860 1869
1860 1861 1870
1869 1860 1870
1864 1869 1871
1868 1864 1871
1871 1869 1872
1872 1869 1870
1868 1871 1873
1871 1872 1873
1874 1870 1861
1875 1872 1870
1875 1870 1874
1873 1872 1876
1876 1872 1875
1877 1874 1861
1848 1877 1861
1877 1848 1878
1848 1847 1878
1847 1879 1878
1844 1879 1847
1880 1877 1878
1880 1878 1879
1881 1879 1844
1845 1881 1844
1880 1879 1882
1881 1882 1879
1845 1883 1881
1883 1845 1846
1874 1884 1875
1877 1885 1874
1874 1885 1884
1885 1886 1884
1877 1887 1885
1877 1880 1887
1885 1887 1886
1886 1887 1880
1888 1875 1884
1888 1876 1875
1880 1882 1889
1886 1880 1889
1890 1884 1886
1890 1888 1884
1886 1889 1891
1891 1889 1882
1886 1892 1890
1886 1891 1892
1890 1892 1893
1891 1893 1892
1888 1890 1894
1890 1893 1894
1876 1888 1895
1888 1894 1895
1891 1882 1896
1891 1897 1893
1897 1891 1896
1882 1898 1896
1882 1881 1898
1894 1893 1899
1893 1897 1899
1900 1897 1896
1898 1900 1896
1881 1901 1898
1881 1883 1901
1899 1897 1902
1897 1900 1902
1898 1903 1900
1901 1903 1898
1902 1900 1904
1904 1900 1903
1899 1902 1905
1902 1904 1905
1894 1899 1906
1905 1906 1899
1905 1907 1906
1904 1908 1905
1909 1906 1907
1904 1910 1908
1904 1903 1910
1908 1910 1911
1911 1910 1912
1910 1903 1913
1912 1910 1913
1901 1913 1903
1913 1914 1912
1915 1894 1906
1894 1915 1895
1909 1916 1906
1916 1915 1906
1915 1917 1895
1916 1917 1915
1917 1876 1895
1918 1913 1901
1918 1901 1883
1913 1919 1914
1918 1919 1913
1909 1920 1916
1909 1921 1920
1922 1876 1917
1873 1876 1922
1923 1917 1916
1923 1916 1920
1922 1917 1923
1924 1914 1919
1924 1925 1914
1926 1925 1924
1921 1927 1920
1921 1928 1927
1920 1929 1923
1922 1923 1929
1920 1927 1929
1922 1930 1873
1868 1873 1930
1931 1924 1919
1931 1919 1918
1926 1924 1932
1932 1924 1931
1933 1927 1928
1933 1928 1934
1933 1934 1935
1922 1929 1936
1922 1936 1930
1927 1933 1937
1927 1938 1929
1938 1927 1937
1937 1933 1939
1939 1933 1940
1937 1939 1941
1941 1938 1937
1941 1939 1942
1929 1938 1943
1943 1936 1929
1941 1944 1938
1938 1944 1943
1945 1944 1941
1944 1945 1943
1945 1941 1946
1936 1947 1930
1948 1936 1943
1936 1948 1947
1930 1947 1949
1930 1949 1868
1867 1868 1949
1949 1947 1950
1948 1950 1947
1951 1948 1943
1945 1951 1943
1952 1867 1949
1950 1952 1949
1951 1953 1948
1948 1953 1950
1945 1954 1951
1951 1954 1953
1952 1955 1867
1867 1955 1865
1950 1956 1952
1953 1956 1950
1865 1955 1957
1958 1955 1952
1958 1957 1955
1959 1952 1956
1959 1958 1952
1958 1959 1960
1953 1961 1956
1961 1959 1956
1865 1957 1962
1963 1865 1962
1963 1962 1964
1958 1965 1957
1962 1957 1965
1966 1960 1959
1961 1966 1959
1967 1961 1953
1967 1953 1954
1958 1960 1968
1958 1968 1965
1969 1968 1960
1969 1960 1970
1965 1968 1971
1965 1971 1972
1962 1965 1973
1973 1965 1974
1973 1974 1975
1976 1962 1973
1976 1977 1962
1978 1976 1973
1978 1973 1979
1980 1981 1960
1980 1960 1982
1966 1982 1960
1983 1982 1966
1983 1984 1982
1983 1985 1984
1983 1966 1986
1961 1986 1966
1961 1967 1986
1987 1983 1986
1988 1983 1987
1988 1987 1989
1987 1990 1989
1967 1991 1986
1987 1986 1991
1992 1987 1991
1987 1992 1993
1992 1991 1994
1967 1995 1991
1996 1991 1995
1996 1995 1997
1995 1967 1954
1995 1954 1998
1945 1998 1954
1999 1998 1945
2000 1995 1998
2000 2001 1995
2002 1945 2003
2004 1941 2005
2006 2007 1792
2008 1853 2009
2010 2011 2012
2013 1939 2014
2015 1857 2016
2017 2018 2019
2020 2021 2019
2022 2020 2019
2023 2022 2019
2023 2019 2024
2023 2024 2025
2023 2026 2022
2022 2026 2027
2022 2027 2028
2022 2029 2020
2028 2029 2022
2029 2030 2020
2031 2028 2027
2032 2031 2027
2033 2031 2032
2033 2028 2031
2033 2032 2034
1926 2034 2032
1926 2035 2034
1926 1932 2035
2033 2034 2036
2034 2035 2036
2037 2035 1932
2035 2037 2036
2038 2033 2036
2038 2028 2033
2037 1932 2039
1932 1931 2039
2037 2040 2036
2040 2038 2036
2039 2041 2037
2041 2040 2037
2028 2038 2042
2043 2038 2040
2043 2042 2038
2044 2040 2041
2040 2044 2043
2045 2041 2039
2044 2041 2045
1931 2046 2039
2045 2039 2046
2028 2042 2047
2028 2047 2029
2042 2048 2047
2047 2048 2029
2042 2043 2048
2049 2048 2043
2048 2050 2029
2051 2048 2049
2051 2052 2048
1931 2053 2046
2053 1931 1918
2046 2054 2045
2053 2054 2046
2053 1918 2055
1918 1883 2055
1883 1846 2055
2055 2056 2053
2055 1846 2056
2053 2056 2054
1843 2056 1846
2056 1843 2057
2056 2057 2054
1843 1838 2057
2057 1838 2058
1839 2058 1838
2054 2057 2059
2057 2058 2059
2054 2060 2045
2054 2059 2060
2061 2058 1839
1842 2061 1839
2045 2060 2062
2044 2045 2062
2059 2058 2063
2061 2063 2058
2064 2061 1842
1842 1833 2064
2065 2064 1833
1835 2065 1833
2066 2065 1835
2066 1835 2067
2068 2066 2067
2068 2067 2069
2070 2065 2066
2070 2066 2071
2070 2071 2072
2065 2073 2064
2070 2073 2065
2063 2061 2074
2064 2075 2061
2061 2075 2074
2076 2075 2064
2076 2064 2073
2074 2075 2076
2073 2070 2077
2076 2073 2077
2070 2078 2077
2070 2079 2078
2063 2074 2080
2059 2063 2080
2074 2076 2081
2080 2074 2081
2082 2059 2080
2060 2059 2082
2076 2077 2083
2076 2083 2081
2084 2083 2077
2081 2083 2084
2080 2081 2085
2082 2080 2085
2060 2082 2086
2060 2086 2062
2062 2086 2087
2086 2082 2088
2082 2085 2088
2086 2088 2087
2085 2081 2089
2088 2085 2089
2081 2084 2089
2084 2077 2090
2091 2090 2077
2091 2092 2090
2088 2089 2093
2088 2093 2087
2084 2094 2089
2090 2094 2084
2093 2089 2094
2090 2095 2094
2096 2095 2090
2096 2097 2095
2093 2094 2098
2095 2098 2094
2087 2093 2099
2093 2098 2099
2095 2100 2098
2101 2100 2095
2101 2102 2100
2098 2100 2103
2098 2103 2099
2104 2103 2100
2104 2105 2103
2099 2103 2049
2087 2099 2106
2099 2049 2106
2087 2106 2107
2106 2049 2107
2103 2108 2049
2108 2103 2109
2049 2108 2110
2049 2043 2107
2107 2043 2044
2111 2087 2107
2107 2044 2111
2062 2087 2111
2044 2062 2111
2108 2112 2113
2114 2115 2020
2116 2117 2118
2116 2118 2119
2120 2121 2122
2120 2122 2123
2124 2125 2126
2124 2126 2127
2128 2129 2130
2128 2130 2131
2132 2133 2134
2132 2134 2135
2136 2137 2138
2136 2138 2139
2140 2141 2142
2140 2142 2143
2144 2145 2146
2144 2146 2147
2148 2149 2150
2148 2150 2151
2152 2153 2154
2152 2154 2155
2156 2157 2158
2156 2158 2159
2160 2161 2162
2160 2162 2163
2164 2165 2166
2164 2167 2165
2168 2167 2164
2168 2169 2167
2170 2169 2168
2170 2171 2169
2172 2171 2170
2172 2173 2171
2174 2173 2172
2174 2175 2173
2176 2175 2174
2176 2177 2175
2178 2177 2176
2178 2179 2177
2180 2179 2178
2180 2181 2179
2182 2181 2180
2182 2183 2181
2184 2185 2186
2184 2186 2187
2188 2189 2190
2188 2190 2191
2192 2193 2194
2192 2194 2195
2196 2197 2198
2196 2198 2199
2200 2201 2202
2200 2202 2203
2204 2205 2206
2204 2206 2207
2208 2209 2210
2208 2210 2211
2212 2213 2214
2212 2214 2215
2216 2217 2218
2216 2218 2219
2220 2221 2222
2220 2222 2223
2224 2225 2226
2224 2226 2227
2228 2229 2230
2228 2230 2231
2232 2233 2234
2232 2234 2235
2236 2237 2238
2236 2238 2239
2240 2241 2242
2240 2242 2243
2244 2245 2246
2244 2246 2247
2248 2249 2250
2248 2250 2251
2252 2253 2254
2252 2254 2255
2256 2257 2258
2256 2258 2259
2260 2261 2262
2260 2262 2263
2264 2265 2266
2264 2266 2267
2268 2269 2270
2268 2270 2271
2272 2273 2274
2272 2274 2275
2276 2277 2278
2276 2278 2279
2280 2281 2282
2280 2282 2283
2284 2285 2286
2284 2286 2287
2288 2289 2290
2288 2290 2291
2292 2293 2294
2292 2294 2295
2296 2297 2298
2296 2298 2299
2300 2301 2302
2300 2302 2303
2304 2305 2306
2304 2306 2307
2308 2309 2310
2308 2310 2311
2312 2313 2314
2312 2315 2313
2316 2317 2318
2316 2318 2319
2320 2321 2322
2320 2323 2321
2324 2325 2326
2324 2326 2327
2328 2329 2330
2328 2330 2331
2332 2333 2334
2332 2334 2335
2336 2337 2338
2336 2338 2339
2340 2341 2342
2340 2342 2343
2344 2345 2346
2344 2346 2347
2348 2349 2350
2348 2350 2351
2352 2353 2354
2352 2354 2355
2356 2357 2358
2356 2358 2359
2360 2361 2362
2360 2362 2363
2364 2365 2366
2364 2366 2367
2368 2369 2370
2368 2370 2371
2372 2373 2374
2372 2374 2375
2376 2377 2378
2376 2379 2377
2380 2379 2376
2380 2381 2379
2382 2383 2376
2382 2376 2384
2384 2376 2385
2384 2385 2386
2379 2387 2388
2379 2389 2387
2390 2389 2379
2390 2391 2389
2392 2393 2384
2392 2384 2394
2394 2384 2395
2394 2395 2396
2389 2397 2398
2389 2399 2397
2400 2399 2389
2400 2401 2399
2402 2403 2394
2402 2394 2404
2404 2394 2405
2404 2405 2406
2407 2408 2404
2407 2404 2409
2409 2404 2410
2409 2410 2411
2412 2413 2409
2412 2409 2414
2414 2409 2415
2414 2415 2416
2417 2418 2414
2417 2414 2419
2419 2414 2420
2419 2420 2421
2422 2423 2419
2422 2419 2424
2424 2419 2425
2424 2425 2426
2427 2428 2424
2427 2424 2429
2429 2424 2430
2429 2430 2431
2432 2433 2429
2432 2429 2434
2434 2429 2435
2434 2435 2436
2437 2438 2439
2437 2439 2440
2441 2437 2440
2441 2440 2442
2443 2441 2442
2443 2442 2444
2445 2443 2444
2445 2444 2446
2447 2445 2446
2447 2446 2448
2449 2447 2448
2449 2448 2450
2451 2449 2450
2451 2450 2452
2453 2451 2452
2453 2452 2454
2455 2453 2454
2455 2454 2456
2457 2455 2456
2457 2456 2458
2459 2457 2458
2459 2458 2460
2461 2459 2460
2461 2460 2462
2463 2464 2465
2463 2466 2464
2467 2466 2463
2467 2468 2466
2469 2470 2463
2469 2463 2471
2471 2463 2472
2471 2472 2473
2466 2474 2475
2466 2476 2474
2477 2476 2466
2477 2478 2476
2479 2480 2471
2479 2471 2481
2481 2471 2482
2481 2482 2483
2476 2484 2485
2476 2486 2484
2487 2486 2476
2487 2488 2486
2489 2490 2481
2489 2481 2491
2491 2481 2492
2491 2492 2493
2494 2495 2491
2494 2491 2496
2496 2491 2497
2496 2497 2498
2499 2500 2496
2499 2496 2501
2501 2496 2502
2501 2502 2503
2504 2505 2501
2504 2501 2506
2506 2501 2507
2506 2507 2508
2509 2510 2506
2509 2506 2511
2511 2506 2512
2511 2512 2513
2514 2515 2511
2514 2511 2516
2516 2511 2517
2516 2517 2518
2519 2520 2516
2519 2516 2521
2521 2516 2522
2521 2522 2523
2524 2525 2526
2524 2526 2527
2528 2524 2527
2528 2527 2529
2530 2528 2529
2530 2529 2531
2532 2530 2531
2532 2531 2533
2534 2532 2533
2534 2533 2535
2536 2534 2535
2536 2535 2537
2538 2536 2537
2538 2537 2539
2540 2538 2539
2540 2539 2541
2542 2540 2541
2542 2541 2543
2544 2542 2543
2544 2543 2545
2546 2544 2545
2546 2545 2547
2548 2546 2547
2548 2547 2549
2550 2551 2552
2550 2552 2553
2554 2555 2552
2554 2556 2555
2557 2558 2559
2557 2559 2560
2561 2562 2563
2561 2563 2564
2565 2563 2566
2565 2566 2567
2568 2569 2570
2568 2570 2571
2572 2573 2574
2572 2574 2575
2575 2574 2576
2575 2576 2577
2578 2579 2575
2578 2575 2580
2580 2575 2581
2580 2581 2582
2574 2583 2584
2574 2585 2583
2586 2585 2574
2585 2587 2583
2586 2588 2585
2585 2589 2587
2588 2589 2585
2588 2590 2589
2589 2591 2592
2589 2593 2591
2594 2593 2589
2594 2595 2593
2593 2596 2597
2593 2598 2596
2599 2598 2593
2599 2600 2598
2598 2601 2602
2598 2603 2601
2604 2603 2598
2603 2605 2601
2604 2606 2603
2603 2580 2605
2606 2580 2603
2606 2607 2580
2608 2609 2610
2608 2610 2611
2611 2610 2612
2611 2612 2613
2614 2615 2611
2614 2611 2616
2616 2611 2617
2616 2617 2618
2610 2619 2620
2610 2621 2619
2622 2621 2610
2621 2623 2619
2622 2624 2621
2621 2625 2623
2624 2625 2621
2624 2626 2625
2625 2627 2628
2625 2629 2627
2630 2629 2625
2630 2631 2629
2629 2632 2633
2629 2634 2632
2635 2634 2629
2635 2636 2634
2634 2637 2638
2634 2639 2637
2640 2639 2634
2639 2641 2637
2640 2642 2639
2639 2616 2641
2642 2616 2639
2642 2643 2616
2644 2645 2646
2644 2646 2647
2648 2646 2649
2648 2649 2650
2651 2652 2653
2651 2653 2654
2655 2656 2657
2655 2657 2658
2659 2660 2661
2659 2661 2662
2663 2664 2665
2663 2665 2666
2667 2668 2669
2667 2669 2670
2671 2672 2673
2671 2673 2674
2675 2676 2677
2678 2676 2675
2679 2680 2681
2679 2681 2682
2683 2684 2682
2683 2685 2684
2686 2687 2688
2686 2688 2689
2690 2691 2692
2690 2692 2693
2694 2695 2692
2694 2696 2695
2697 2698 2699
2697 2699 2700
2701 2702 2703
2701 2703 2704
2705 2706 2707
2705 2707 2708
2709 2710 2711
2709 2711 2712
2713 2714 2715
2713 2715 2716
2717 2718 2719
2717 2719 2720
2721 2722 2723
2724 2721 2723
2725 2726 2727
2725 2728 2726
2729 2728 2730
2729 2730 2731
2732 2733 2734
2732 2734 2735
2736 2737 2738
2736 2738 2739
2740 2741 2736
2740 2742 2741
2742 2743 2744
2742 2744 2745
2746 2747 2748
2746 2748 2749
2750 2746 2751
2750 2751 2752
2752 2753 2754
2752 2754 2755
2756 2757 2758
2756 2759 2757
2760 2757 2759
2757 2760 2761
2757 2761 2762
2762 2761 2763
2764 2763 2761
2765 2757 2762
2765 2762 2766
2760 2767 2761
2764 2761 2767
2762 2763 2768
2769 2762 2768
2769 2768 2770
2763 2771 2768
2772 2768 2771
2772 2771 2773
2774 2767 2760
2764 2767 2775
2775 2767 2774
2760 2776 2774
2760 2759 2776
2775 2774 2777
2778 2764 2775
2775 2777 2778
2776 2779 2774
2779 2777 2774
2776 2759 2780
2759 2781 2780
2759 2782 2781
2776 2780 2783
2776 2783 2779
2779 2783 2784
2785 2779 2784
2779 2785 2777
2785 2784 2786
2784 2787 2786
2788 2786 2787
2788 2785 2786
2788 2787 2789
2790 2788 2789
2791 2790 2789
2788 2790 2792
2788 2793 2785
2788 2792 2793
2785 2793 2794
2793 2792 2794
2785 2794 2777
2794 2792 2795
2795 2796 2794
2797 2777 2794
2794 2796 2797
2778 2777 2797
2798 2778 2797
2796 2798 2797
2798 2764 2778
2799 2798 2796
2798 2800 2764
2799 2800 2798
2801 2799 2796
2801 2796 2802
2801 2802 2803
2764 2800 2804
2764 2804 2763
2799 2805 2800
2806 2799 2801
2805 2799 2806
2801 2807 2806
2801 2803 2808
2801 2808 2807
2809 2805 2806
2807 2809 2806
2808 2803 2810
2811 2810 2803
2810 2811 2812
2813 2800 2805
2800 2813 2814
2804 2800 2814
2815 2813 2805
2814 2813 2815
2815 2805 2809
2816 2804 2814
2814 2815 2816
2816 2817 2804
2804 2817 2763
2818 2816 2815
2818 2817 2816
2763 2817 2819
2763 2819 2771
2820 2819 2817
2818 2820 2817
2821 2820 2818
2820 2822 2819
2771 2819 2822
2821 2822 2820
2818 2815 2823
2809 2823 2815
2824 2823 2809
2824 2825 2823
2826 2818 2823
2821 2818 2826
2826 2823 2825
2824 2809 2827
2807 2827 2809
2828 2821 2826
2825 2828 2826
2771 2822 2829
2821 2830 2822
2822 2830 2829
2821 2831 2830
2828 2832 2821
2821 2832 2831
2829 2830 2833
2833 2830 2831
2771 2829 2834
2771 2834 2835
2771 2835 2836
2829 2837 2834
2829 2833 2837
2834 2837 2838
2834 2838 2839
2828 2840 2832
2841 2840 2828
2825 2841 2828
2832 2842 2831
2840 2843 2832
2832 2843 2842
2831 2842 2844
2843 2844 2842
2831 2844 2833
2840 2845 2843
2841 2845 2840
2846 2844 2843
2847 2845 2841
2846 2848 2844
2833 2844 2848
2846 2849 2848
2848 2849 2850
2847 2841 2851
2852 2847 2851
2825 2851 2841
2833 2848 2853
2848 2850 2853
2853 2850 2854
2853 2854 2855
2833 2853 2837
2837 2853 2856
2837 2856 2857
2852 2851 2858
2858 2851 2825
2859 2852 2858
2858 2825 2860
2824 2860 2825
2859 2858 2861
2861 2858 2860
2862 2859 2861
2861 2860 2863
2862 2861 2864
2864 2861 2863
2862 2864 2865
2866 2862 2865
2860 2824 2867
2860 2867 2863
2868 2863 2867
2864 2863 2869
2865 2864 2869
2868 2869 2863
2824 2870 2867
2868 2867 2870
2865 2869 2871
2871 2869 2868
2824 2872 2870
2824 2827 2872
2866 2865 2873
2874 2865 2871
2874 2873 2865
2866 2873 2875
2875 2873 2874
2866 2875 2876
2875 2874 2877
2874 2871 2878
2871 2868 2878
2877 2874 2879
2874 2878 2879
2877 2879 2880
2879 2881 2880
2879 2882 2881
2878 2882 2879
2878 2883 2882
2878 2868 2883
2868 2884 2883
2868 2870 2884
2870 2885 2884
2870 2886 2885
2872 2886 2870
2885 2886 2887
2885 2887 2888
2887 2889 2888
2872 2890 2886
2890 2887 2886
2890 2872 2891
2891 2872 2827
2890 2892 2887
2891 2892 2890
2887 2893 2889
2892 2893 2887
2894 2889 2893
2894 2895 2889
2893 2896 2894
2892 2897 2893
2893 2897 2896
2891 2898 2892
2898 2897 2892
2896 2897 2899
2898 2899 2897
2899 2898 2900
2896 2899 2901
2901 2899 2902
2902 2899 2900
2901 2902 2903
2902 2900 2904
2898 2891 2905
2905 2891 2827
2906 2904 2900
2906 2907 2904
2908 2906 2900
2909 2900 2898
2898 2905 2909
2910 2905 2827
2910 2909 2905
2910 2827 2807
2908 2900 2911
2909 2911 2900
2912 2908 2911
2913 2911 2909
2912 2911 2913
2910 2914 2909
2913 2909 2914
2913 2914 2915
2912 2913 2916
2916 2913 2915
2912 2916 2917
2916 2915 2918
2910 2919 2914
2915 2914 2919
2910 2807 2920
2910 2920 2919
2921 2919 2920
2922 2919 2921
2915 2919 2922
2807 2923 2920
2921 2920 2923
2807 2808 2923
2808 2924 2923
2921 2923 2924
2808 2810 2924
2918 2915 2925
2918 2925 2926
2927 2925 2915
2927 2915 2922
2922 2928 2927
2929 2924 2810
2810 2812 2929
2930 2929 2812
2930 2812 2931
2932 2930 2931
2929 2933 2924
2930 2933 2929
2921 2924 2933
2922 2934 2928
2922 2921 2934
2921 2933 2935
2930 2935 2933
2936 2928 2934
2936 2937 2928
2934 2921 2938
2936 2934 2938
2921 2935 2938
2936 2938 2939
2939 2938 2940
2935 2940 2938
2939 2940 2941
2930 2942 2935
2935 2942 2940
2943 2941 2940
2942 2943 2940
2943 2944 2941
2930 2945 2942
2932 2945 2930
2942 2946 2943
2945 2946 2942
2932 2947 2945
2945 2947 2946
2932 2948 2947
2943 2949 2944
2946 2949 2943
2948 2950 2947
2950 2948 2951
2950 2951 2952
2953 2950 2952
2947 2954 2946
2947 2950 2954
2953 2954 2950
2946 2954 2949
2955 2954 2953
2955 2949 2954
2955 2944 2949
2955 2956 2944
2957 2958 2959
2957 2960 2958
2960 2961 2958
2958 2961 2962
2963 2958 2962
2963 2962 2964
2962 2961 2965
2966 2962 2965
2966 2965 2967
2965 2961 2968
2969 2965 2968
2969 2968 2970
2968 2961 2971
2972 2968 2971
2972 2971 2973
2971 2961 2974
2975 2971 2974
2975 2974 2976
2974 2961 2977
2978 2974 2977
2978 2977 2979
2977 2961 2980
2981 2977 2980
2981 2980 2982
2980 2961 2960
2983 2980 2960
2983 2960 2984
2985 2986 2987
2985 2988 2986
2988 2985 2989
2990 2986 2988
2990 2991 2986
2988 2989 2992
2992 2989 2993
2994 2991 2990
2994 2995 2991
2996 2994 2990
2996 2997 2994
2998 2997 2996
2988 2992 2999
2992 2993 3000
2999 2992 3000
2990 2988 3001
2988 2999 3001
2999 3002 3001
2990 3001 3003
2990 3003 2996
3001 3002 3003
2998 2996 3004
3003 3004 2996
2993 3005 3000
2993 3006 3005
3000 3005 3007
3000 3007 3008
3008 3007 3009
2999 3000 3010
2999 3010 3002
3010 3000 3008
3011 2998 3004
3012 3011 3004
3011 3013 2998
3012 3014 3011
3015 3014 3012
3015 3016 3014
3017 3015 3012
3004 3018 3012
3003 3018 3004
3017 3012 3019
3020 3017 3019
3003 3021 3018
3003 3002 3021
3012 3018 3022
3012 3022 3019
3022 3018 3021
3020 3019 3023
3023 3024 3020
3023 3025 3024
3019 3026 3023
3025 3023 3026
3019 3022 3026
3025 3026 3027
3028 3027 3026
3028 3026 3022
3028 3029 3027
3022 3021 3030
3028 3022 3030
3029 3028 3031
3029 3031 3032
3033 3030 3021
3002 3033 3021
3034 3028 3030
3034 3031 3028
3033 3034 3030
3031 3034 3035
3033 3035 3034
3032 3031 3036
3031 3035 3036
3032 3036 3037
3038 3037 3036
3038 3036 3039
3039 3036 3035
3040 3038 3039
3040 3039 3041
3041 3039 3042
3039 3035 3042
3041 3042 3043
3044 3043 3042
3044 3045 3043
3044 3046 3045
3044 3047 3046
3044 3048 3047
3042 3049 3044
3044 3049 3048
3042 3035 3049
3049 3050 3048
3051 3049 3035
3033 3051 3035
3049 3052 3050
3051 3052 3049
3052 3053 3050
3054 3051 3033
3002 3054 3033
3052 3051 3055
3055 3051 3054
3052 3056 3053
3052 3055 3056
3053 3056 3057
3058 3057 3056
3058 3056 3055
3059 3058 3055
3059 3055 3060
3054 3060 3055
3060 3061 3059
3054 3002 3062
3010 3062 3002
3063 3060 3054
3054 3062 3063
3064 3061 3060
3065 3061 3064
3065 3064 3066
3060 3067 3064
3067 3066 3064
3060 3063 3067
3067 3068 3066
3067 3069 3068
3063 3070 3067
3067 3070 3069
3063 3062 3070
3070 3071 3069
3062 3010 3072
3072 3070 3062
3008 3072 3010
3070 3073 3071
3072 3073 3070
3071 3073 3074
3072 3074 3073
3071 3074 3075
3008 3076 3072
3072 3076 3074
3077 3075 3074
3077 3078 3075
3077 3079 3078
3080 3074 3076
3080 3076 3008
3080 3077 3074
3077 3081 3079
3080 3081 3077
3080 3008 3082
3008 3009 3082
3079 3081 3083
3079 3083 3084
3081 3085 3083
3080 3086 3081
3082 3086 3080
3081 3086 3085
3009 3087 3082
3082 3087 3086
3087 3085 3086
3009 3088 3087
3087 3089 3085
3088 3089 3087
3088 3090 3089
3091 3092 3093
3091 3093 3094
3095 3094 3093
3093 3096 3095
3093 3097 3096
3097 3098 3096
3099 3096 3098
3100 3097 3093
3100 3101 3097
3095 3096 3102
3099 3102 3096
3097 3103 3098
3104 3103 3097
3104 3105 3103
3098 3103 3106
3107 3106 3103
3107 3108 3106
3109 3095 3102
3099 3110 3102
3110 3109 3102
3095 3109 3111
3095 3111 3094
3110 3112 3109
3113 3110 3099
3110 3113 3112
3111 3109 3114
3114 3109 3112
3111 3115 3094
3094 3115 3116
3094 3116 3117
3111 3118 3115
3111 3114 3118
3114 3119 3118
3120 3119 3114
3114 3112 3120
3120 3121 3119
3119 3121 3122
3123 3122 3121
3123 3121 3120
3123 3124 3122
3125 3124 3123
3126 3124 3125
3123 3127 3125
3123 3120 3128
3123 3128 3127
3120 3129 3128
3128 3129 3127
3120 3112 3129
3129 3130 3127
3130 3129 3131
3132 3129 3112
3129 3132 3131
3113 3132 3112
3133 3132 3113
3131 3132 3133
3133 3113 3099
3134 3131 3133
3133 3099 3135
3134 3133 3135
3136 3131 3134
3136 3137 3131
3136 3138 3137
3099 3139 3135
3099 3098 3139
3134 3135 3140
3141 3136 3134
3140 3141 3134
3136 3141 3142
3136 3143 3138
3136 3142 3143
3144 3141 3140
3142 3141 3144
3143 3145 3138
3146 3138 3145
3145 3147 3146
3148 3140 3135
3135 3149 3148
3139 3149 3135
3150 3140 3148
3149 3150 3148
3150 3144 3140
3151 3149 3139
3149 3151 3150
3151 3139 3152
3139 3098 3152
3153 3150 3151
3153 3151 3152
3098 3154 3152
3098 3106 3154
3155 3152 3154
3153 3152 3155
3156 3153 3155
3155 3154 3157
3106 3157 3154
3156 3155 3157
3153 3158 3150
3144 3150 3158
3159 3144 3158
3159 3158 3160
3161 3158 3153
3156 3161 3153
3161 3160 3158
3159 3162 3144
3142 3144 3162
3163 3161 3156
3160 3161 3163
3106 3164 3157
3156 3157 3165
3157 3164 3165
3156 3165 3166
3163 3156 3167
3156 3166 3167
3164 3168 3165
3168 3166 3165
3106 3169 3164
3106 3170 3169
3106 3171 3170
3164 3169 3172
3164 3172 3168
3169 3173 3172
3169 3174 3173
3163 3167 3175
3176 3163 3175
3160 3163 3176
3167 3166 3177
3175 3167 3178
3167 3177 3178
3166 3179 3177
3178 3177 3179
3166 3168 3179
3175 3178 3180
3176 3175 3180
3181 3178 3179
3182 3176 3180
3181 3179 3183
3168 3183 3179
3181 3183 3184
3183 3185 3184
3182 3186 3176
3187 3186 3182
3160 3176 3186
3168 3188 3183
3183 3188 3185
3188 3189 3185
3188 3190 3189
3168 3172 3188
3172 3191 3188
3172 3192 3191
3187 3193 3186
3193 3160 3186
3194 3193 3187
3193 3195 3160
3159 3160 3195
3194 3196 3193
3196 3195 3193
3197 3196 3194
3196 3198 3195
3197 3199 3196
3199 3198 3196
3197 3200 3199
3201 3200 3197
3195 3202 3159
3195 3198 3202
3203 3202 3198
3199 3204 3198
3200 3204 3199
3203 3198 3204
3159 3202 3205
3203 3205 3202
3200 3206 3204
3206 3203 3204
3159 3205 3207
3159 3207 3162
3201 3208 3200
3209 3206 3200
3209 3200 3208
3201 3210 3208
3210 3209 3208
3201 3211 3210
3210 3212 3209
3209 3213 3206
3206 3213 3203
3212 3214 3209
3209 3214 3213
3212 3215 3214
3214 3215 3216
3214 3216 3217
3213 3214 3217
3213 3217 3218
3213 3218 3203
3203 3218 3219
3203 3219 3205
3205 3219 3220
3205 3220 3221
3207 3205 3221
3220 3222 3221
3220 3223 3222
3222 3223 3224
3207 3221 3225
3225 3221 3222
3225 3226 3207
3226 3162 3207
3225 3222 3227
3226 3225 3227
3222 3224 3228
3227 3222 3228
3229 3228 3224
3229 3224 3230
3231 3228 3229
3227 3228 3232
3231 3232 3228
3226 3227 3233
3233 3227 3232
3234 3232 3231
3233 3232 3234
3234 3235 3233
3234 3231 3236
3237 3234 3236
3235 3234 3237
3237 3236 3238
3235 3237 3239
3233 3240 3226
3240 3162 3226
3241 3235 3239
3241 3239 3242
3243 3235 3241
3244 3233 3235
3233 3244 3240
3245 3162 3240
3245 3240 3244
3245 3142 3162
3243 3246 3235
3244 3235 3246
3247 3246 3243
3248 3244 3246
3247 3248 3246
3245 3244 3249
3248 3249 3244
3248 3250 3249
3251 3248 3247
3250 3248 3251
3251 3247 3252
3250 3251 3253
3245 3249 3254
3250 3254 3249
3245 3255 3142
3245 3254 3255
3256 3255 3254
3257 3256 3254
3250 3257 3254
3142 3255 3258
3256 3258 3255
3142 3258 3143
3143 3258 3259
3256 3259 3258
3143 3259 3145
3253 3260 3250
3253 3261 3260
3262 3250 3260
3262 3257 3250
3263 3257 3262
3264 3145 3259
3145 3264 3147
3265 3147 3264
3265 3266 3147
3267 3266 3265
3264 3259 3268
3265 3264 3268
3256 3268 3259
3263 3269 3257
3257 3269 3256
3256 3270 3268
3265 3268 3270
3263 3271 3269
3263 3272 3271
3269 3273 3256
3273 3269 3271
3256 3273 3270
3273 3271 3274
3274 3275 3273
3270 3273 3275
3274 3276 3275
3265 3270 3277
3270 3275 3277
3278 3275 3276
3277 3275 3278
3278 3276 3279
3265 3277 3280
3267 3265 3280
3277 3278 3281
3280 3277 3281
3267 3280 3282
3280 3281 3282
3267 3282 3283
3278 3279 3284
3281 3278 3284
3283 3282 3285
3285 3286 3283
3285 3287 3286
3285 3288 3287
3282 3281 3289
3282 3289 3285
3285 3289 3288
3281 3284 3289
3289 3290 3288
3289 3284 3290
3290 3284 3279
3290 3279 3291
3292 3293 3294
3292 3294 3295
3295 3294 3296
3294 3297 3296
3298 3297 3294
3298 3299 3297
3297 3300 3296
3301 3300 3297
3301 3302 3300
3300 3303 3296
3304 3303 3300
3304 3305 3303
3303 3306 3296
3307 3306 3303
3307 3308 3306
3306 3309 3296
3310 3309 3306
3310 3311 3309
3309 3312 3296
3313 3312 3309
3313 3314 3312
3312 3315 3296
3316 3315 3312
3316 3317 3315
3315 3295 3296
3318 3295 3315
3318 3319 3295
3320 3321 3322
3320 3323 3321
3323 3324 3321
3320 3325 3323
3320 3326 3325
3323 3327 3324
3328 3324 3327
3329 3325 3326
3329 3326 3330
3329 3331 3325
3329 3332 3331
3333 3331 3332
3323 3334 3327
3328 3327 3335
3334 3335 3327
3325 3336 3323
3323 3336 3334
3334 3336 3337
3325 3338 3336
3325 3331 3338
3336 3338 3337
3333 3339 3331
3338 3331 3339
3328 3335 3340
3328 3340 3341
3342 3340 3335
3342 3335 3343
3343 3344 3342
3334 3345 3335
3334 3337 3345
3345 3343 3335
3333 3346 3339
3346 3347 3339
3333 3348 3346
3346 3349 3347
3350 3347 3349
3350 3349 3351
3352 3347 3350
3339 3347 3353
3338 3339 3353
3352 3354 3347
3355 3354 3352
3338 3353 3356
3338 3356 3337
3347 3357 3353
3347 3354 3357
3357 3356 3353
3355 3358 3354
3359 3358 3355
3359 3360 3358
3354 3358 3361
3360 3361 3358
3354 3361 3357
3360 3362 3361
3363 3361 3362
3363 3357 3361
3363 3362 3364
3357 3365 3356
3363 3365 3357
3364 3366 3363
3364 3367 3366
3368 3356 3365
3337 3356 3368
3369 3365 3363
3369 3363 3366
3368 3365 3369
3366 3370 3369
3368 3369 3370
3367 3371 3366
3366 3371 3370
3367 3372 3371
3373 3371 3372
3373 3374 3371
3374 3370 3371
3375 3374 3373
3375 3376 3374
3376 3377 3374
3374 3377 3370
3376 3378 3377
3379 3377 3378
3379 3378 3380
3379 3380 3381
3379 3381 3382
3379 3382 3383
3377 3379 3384
3379 3383 3384
3377 3384 3370
3384 3383 3385
3386 3370 3384
3368 3370 3386
3384 3385 3387
3386 3384 3387
3387 3385 3388
3389 3368 3386
3337 3368 3389
3387 3390 3386
3390 3389 3386
3387 3388 3391
3387 3391 3390
3388 3392 3391
3393 3391 3392
3393 3390 3391
3394 3390 3393
3394 3395 3390
3389 3390 3395
3395 3394 3396
3389 3397 3337
3345 3337 3397
3398 3389 3395
3389 3398 3397
3399 3395 3396
3400 3399 3396
3400 3401 3399
3395 3399 3402
3402 3399 3401
3395 3402 3398
3402 3401 3403
3402 3403 3404
3398 3402 3405
3402 3404 3405
3398 3405 3397
3405 3404 3406
3397 3407 3345
3407 3397 3405
3343 3345 3407
3405 3406 3408
3407 3405 3408
3406 3409 3408
3407 3408 3409
3406 3410 3409
3343 3407 3411
3407 3409 3411
3412 3409 3410
3412 3410 3413
3412 3413 3414
3415 3411 3409
3415 3343 3411
3415 3409 3412
3412 3414 3416
3415 3412 3416
3415 3417 3343
3343 3417 3344
3414 3418 3416
3414 3419 3418
3416 3418 3420
3415 3416 3421
3417 3415 3421
3416 3420 3421
3344 3417 3422
3417 3421 3422
3422 3421 3420
3344 3422 3423
3422 3420 3424
3424 3423 3422
3424 3425 3423
3426 3427 3428
3426 3428 3429
785 3430 3431
785 3432 3430
785 788 3432
788 3433 3432
788 805 3433
3434 3432 3433
3434 3430 3432
3435 3430 3434
3435 3436 3430
3433 805 3437
3433 3437 3434
3437 3435 3434
805 802 3437
802 3438 3437
3437 3438 3435
802 803 3438
3438 803 3439
803 808 3439
3438 3439 3440
3438 3440 3435
3441 3435 3440
3442 3439 808
3440 3439 3442
3442 808 3443
3441 3444 3435
3441 3445 3444
3446 3435 3444
3446 3444 3447
3448 3444 3445
3448 3449 3444
3440 3442 3450
3441 3440 3450
3451 3450 3442
3451 3442 3452
3441 3450 3453
3454 3453 3450
3454 3450 3455
3441 3453 3456
3457 3456 3453
3457 3458 3456
3441 3456 3459
3441 3459 3445
3459 3456 3460
3461 3460 3456
3461 3462 3460
3463 3445 3459
3459 3460 3464
3463 3459 3464
3460 1062 3464
3460 3465 1062
1057 3464 1062
3463 3464 1057
1056 3463 1057
1056 3466 3463
3466 3445 3463
1059 3466 1056
3467 3466 1059
1042 3467 1059
3466 3468 3445
3467 3468 3466
1042 3469 3467
3468 3467 3469
1039 3469 1042
3445 3468 3470
3468 3469 3470
1039 3470 3469
3445 3470 3471
1039 3472 3470
3473 3470 3474
3470 3475 3474
3476 3477 3478
3476 3478 3479
3480 3481 3482
3480 3482 3483
3484 3485 3486
3484 3486 3487
3488 3489 3490
3488 3490 3491
3492 3493 3494
3492 3494 3495
3496 3497 3498
3496 3498 3499
3500 3501 3502
3500 3502 3503
3504 3505 3506
3504 3506 3507
3508 3509 3510
3509 3442 3510
3511 3512 3513
3511 3513 3514
3515 3516 3517
3515 3517 3518
3519 3520 3521
3519 3521 3522
3523 3524 3430
3430 3524 3525
3526 3527 3528
3526 3528 3529
3530 3531 3532
3530 3532 3533
3534 3535 3536
3534 3536 3537
3538 3539 3540
3538 3540 3541
3542 3543 3544
3542 3544 3545
3546 3547 3548
3546 3548 3549
3550 3551 3552
3550 3553 3551
3550 3554 3555
3550 3555 3556
3557 3553 3558
3557 3558 3559
3560 3561 3562
3560 3562 3563
3564 3565 3560
3564 3566 3565
3567 3566 3564
3567 3568 3566
3569 3570 3571
3569 3572 3570
3573 3574 3575
3573 3575 3576
3575 3577 3576
3575 3578 3577
3579 3573 3576
3580 3577 3578
3579 3576 3581
3581 3576 3577
3581 3582 3579
3579 3582 3583
3579 3583 3584
3582 3585 3583
3581 3577 3586
3582 3581 3586
3587 3586 3577
3587 3577 3588
3580 3588 3577
3589 3588 3580
3589 3580 3590
3591 3588 3589
3592 3588 3591
3593 3588 3592
3587 3588 3593
3592 3594 3593
3592 3595 3594
3595 3596 3594
3582 3586 3597
3587 3597 3586
3598 3582 3597
3587 3593 3599
3599 3593 3594
3599 3594 3600
3594 3601 3600
3594 3596 3601
3602 3601 3596
3602 3596 3603
3604 3602 3603
3604 3605 3602
3587 3599 3606
3587 3607 3597
3607 3598 3597
3587 3606 3608
3587 3608 3607
3606 3609 3608
3606 3610 3609
3610 3611 3609
3607 3608 3612
3613 3609 3611
3613 3611 3614
3612 3615 3607
3613 3614 3616
3617 3607 3615
3607 3617 3598
3617 3615 3618
3619 3617 3618
3619 3620 3617
3620 3598 3617
3621 3620 3619
3620 3621 3622
3623 3620 3622
3623 3624 3620
3620 3624 3598
3598 3624 3625
3623 3622 3626
3627 3626 3622
3627 3628 3626
3628 3627 3629
3630 3629 3627
3630 3627 3613
3613 3631 3630
3623 3626 3632
3631 3613 3633
3616 3633 3613
3634 3633 3616
3634 3616 3635
3636 3634 3635
3636 3635 3637
3638 3636 3637
3638 3637 3639
3640 3631 3633
3640 3641 3631
3640 3642 3641
3640 3643 3642
3644 3642 3643
3644 3645 3642
3646 3647 3648
3646 3648 3649
3650 3651 3652
3650 3653 3651
3654 3651 3653
3653 3655 3654
3655 3656 3654
3655 3657 3656
3658 3659 3660
3658 3660 3661
3662 3663 3664
3662 3664 3665
3666 3667 3668
3666 3668 3669
3670 3671 3672
3670 3672 3673
3674 3675 3676
3674 3676 3677
3678 3679 3680
3678 3680 3681
3682 3683 3684
3682 3684 3685
3686 3687 3688
3686 3688 3689
3690 3691 3692
3690 3692 3693
3694 3695 3696
3694 3696 3697
3698 3699 3700
3698 3700 3701
3702 3703 3704
3702 3704 3705
3706 3707 3708
3708 3707 3460
3709 3710 3711
3709 3711 3712
3713 3714 3715
3713 3715 3716
3717 3718 3719
3717 3719 3720
3721 3722 3723
3721 3723 3724
3725 3726 3727
3725 3727 3728
3729 3730 3731
3729 3731 3732
3733 3734 3735
3733 3735 3736
3737 3738 3739
3737 3739 3740
3741 3742 3743
3741 3743 3744
3745 3746 3747
3745 3747 3748
3745 3749 3750
3745 3750 3751
3752 3753 3748
3752 3754 3753
3755 3756 3757
3755 3757 3758
3759 3755 3760
3759 3760 3761
3762 3759 3761
3762 3761 3763
3764 3765 3766
3764 3766 3767
3768 3769 3770
3768 3771 3769
3769 3771 3772
3769 3772 3773
3774 3771 3768
3775 3773 3772
3774 3776 3771
3776 3772 3771
3776 3774 3625
3774 3777 3625
3774 3778 3777
3625 3777 3585
3776 3779 3772
3625 3779 3776
3625 3624 3779
3623 3779 3624
3623 3772 3779
3625 3585 3780
3598 3625 3780
3582 3780 3585
3598 3780 3582
3775 3772 3781
3623 3781 3772
3782 3775 3781
3782 3783 3775
3784 3782 3781
3785 3784 3781
3623 3786 3781
3786 3785 3781
3623 3632 3786
3785 3786 3787
3632 3787 3786
3785 3787 3788
3632 3789 3787
3787 3789 3790
3788 3787 3791
3787 3790 3791
3792 3791 3790
3792 3793 3791
3794 3793 3792
3794 3792 3795
3796 3797 3798
3796 3798 3799
3800 3801 3802
3800 3802 3803
3804 3803 3802
3803 3804 3805
3805 3804 3806
3805 3806 3807
3808 3809 3810
3808 3810 3811
3812 3813 3814
3812 3814 3815
3816 3817 3818
3816 3818 3819
3820 3821 3822
3820 3823 3821
3824 3823 3820
3824 3820 3825
3826 3824 3825
3826 3827 3824
3826 3828 3827
3826 3829 3828
3829 3830 3828
3829 3831 3830
3831 3832 3830
3831 3833 3832
3834 3832 3833
3834 3833 3835
3834 3835 3836
3834 3836 3837
3838 3837 3836
3838 3839 3837
3840 3839 3838
3840 3841 3839
3842 3841 3840
3842 3843 3841
3842 3844 3843
3842 3845 3844
3844 3845 3846
3844 3846 3847
3846 3848 3847
3846 3849 3848
3850 3851 3852
3850 3852 3853
3854 3855 3856
3854 3856 3857
3858 3859 3860
3858 3860 3861
3862 3863 3864
3862 3864 3865
3866 3867 3868
3866 3868 3869
3870 3871 3872
3870 3872 3873
3874 3875 3876
3874 3876 3877
3878 3879 3880
3878 3880 3881
3882 3883 3884
3882 3884 3885
1238 3886 3887
3888 3886 1238
3889 3890 3891
3889 3891 3892
3893 3894 3895
3893 3895 3896
3897 3898 3899
3897 3899 3900
3901 3902 3903
3901 3903 3904
3905 3906 3907
3905 3907 3908
3909 3910 3911
3909 3911 3912
3913 3914 3915
3913 3915 3916
3917 3918 3919
3917 3919 3920
3921 3922 3923
3921 3923 3924
3925 3926 3927
3925 3927 3928
3929 3930 3931
3929 3931 3932
3933 3934 3935
3933 3935 3936
3937 3938 3939
3937 3939 3940
3941 3942 3943
3941 3943 3944
3945 3946 3947
3945 3947 3948
3949 3950 3951
3949 3951 3952
3953 3954 3955
3953 3955 3956
3957 3958 3959
3957 3959 3960
3961 3962 3963
3961 3963 3964
3965 3966 3967
3965 3967 3968
3969 3970 3971
3969 3971 3972
3973 3974 3975
3973 3975 3976
3977 3978 3979
3977 3979 3980
3981 3982 3983
3981 3983 3984
3985 3986 3987
3985 3987 3988
3989 3990 3991
3989 3991 3992
3993 3994 3995
3993 3995 3996
3997 3998 3999
3997 3999 4000
4001 4002 4003
4001 4003 4004
4005 4006 4007
4005 4007 4008
4009 4010 4011
4009 4011 4012
4013 4014 4015
4013 4015 4016
4017 4018 4019
4017 4019 4020
4021 4022 4023
4021 4023 4024
4025 4026 4027
4025 4027 4028
4029 4030 4031
4029 4031 4032
4033 4034 4035
4033 4035 4036
4037 4038 4039
4037 4039 4040
4041 4042 4043
4041 4043 4044
4045 4046 4047
4045 4047 4048
4049 4050 4051
4049 4051 4052
4053 4054 4055
4053 4055 4056
4057 4058 4059
4057 4059 4060
4061 4062 4063
4061 4063 4064
4065 4066 4067
4065 4067 4068
4069 4070 4071
4069 4071 4072
4072 4073 4074
4072 4074 4075
4075 4076 4077
4075 4077 4078
4078 4079 4080
4078 4080 4081
4081 4082 4083
4081 4083 4084
4084 4085 4086
4084 4086 4087
4087 4088 4089
4087 4089 4090
4090 4091 4092
4090 4092 4093
4094 4095 4096
4094 4096 4097
4098 4099 4100
4098 4100 4101
4102 4103 4104
4102 4104 4105
4106 4107 4108
4106 4109 4107
4109 4110 4111
4109 4112 4110
4112 4113 4114
4112 4115 4113
4115 4116 4117
4115 4118 4116
4118 4119 4120
4118 4121 4119
4121 4122 4123
4121 4124 4122
4124 4125 4126
4124 4127 4125
4127 4128 4129
4127 4129 4130
4131 4132 4133
4131 4133 4134
4135 4136 4137
4135 4137 4138
4139 4140 4141
4142 4139 4141
4143 4139 4144
4143 4144 4145
4146 4147 4148
4146 4148 4149
4150 4151 4152
4150 4152 4153
4154 4155 4156
4154 4156 4157
4158 4159 4160
4158 4160 4161
4162 4163 4164
4162 4164 4165
4166 4167 4168
4166 4168 4169
4170 4171 4172
4170 4172 4173
4174 4175 4170
4174 4176 4175
4177 4178 4179
4177 4179 4180
4181 4182 4183
4181 4183 4184
4185 4186 4187
4185 4187 4188
4189 4190 4191
4189 4191 4192
4193 4194 4195
4193 4195 4196
4197 4198 4199
4197 4199 4200
