byte offset: 0
first index: 4446
index count: 8304
topology: trianglelist
format: DXGI_FORMAT_R16_UINT

1071 1072 1073
1074 1075 1076
1077 1078 1079
1077 1080 1078
1077 1081 1080
1081 1082 1080
1081 1083 1082
1082 1083 1084
1082 1084 1085
1085 1084 1086
1085 1086 1087
1087 1086 1088
1087 1088 1089
1090 1089 1088
1090 1088 1091
1092 1090 1091
1092 1091 1093
1094 1092 1093
1094 1093 1095
1094 1095 1096
1094 1096 1097
1097 1096 1098
1097 1098 1099
1098 1100 1099
1101 1102 1103
1101 1104 1102
1105 1104 1101
1105 1106 1104
1107 1104 1106
1108 1102 1104
1107 1108 1104
1108 1109 1102
1108 1110 1109
1107 1111 1108
1108 1111 1110
1107 1112 1111
1111 1113 1110
1112 1114 1111
1111 1114 1113
1112 1115 1114
1116 1113 1114
1114 1115 1117
1116 1114 1118
1114 1117 1119
1120 1118 1114
1114 1119 1121
1120 1114 1121
1122 1123 1124
1122 1125 1123
1125 1126 1123
1125 1127 1126
1125 1128 1127
1122 1129 1125
1125 1129 1128
1122 1130 1129
1131 1129 1130
1132 1128 1129
1131 1132 1129
1132 1133 1128
1134 1132 1131
1133 1132 1135
1134 1135 1132
1133 1135 1136
1137 1135 1134
1135 1138 1136
1137 1139 1135
1135 1140 1138
1141 1135 1139
1135 1142 1140
1141 1142 1135
1143 1144 1145
1143 1146 1144
1147 1146 1143
1147 1148 1146
1148 1147 1149
1150 1149 1147
1151 1150 1147
1151 1147 1152
1152 1153 1151
1152 1154 1153
1155 1153 1154
1155 1154 1156
1155 1156 1157
1157 1156 1158
1157 1158 1159
1160 1161 1162
1160 1162 1163
1164 1160 1163
1164 1163 1165
1165 1166 1164
1167 1164 1166
1168 1164 1167
1168 1169 1164
1169 1168 1170
1169 1170 1171
1171 1170 1172
1171 1172 1173
1172 1174 1173
1174 1175 1173
1174 1176 1175
1177 1178 1179
1177 1179 1180
1180 1179 1181
1181 1179 1182
1179 1183 1182
1183 1179 1184
1183 1184 1185
1186 1185 1184
1186 1187 1185
1188 1187 1186
1188 1189 1187
1188 1190 1189
1188 1191 1190
1190 1191 1192
1190 1192 1193
1192 1194 1193
1192 1195 1194
1195 1196 1194
1195 1197 1196
1198 1196 1197
1198 1197 1199
1199 1200 1198
1201 1200 1199
1202 1201 1199
1203 1202 1199
1203 1199 1204
1205 1206 1207
1205 1207 1208
1209 1205 1208
1209 1208 1210
1211 1209 1210
1211 1210 1212
1213 1211 1212
1213 1212 1214
1215 1213 1214
1216 1213 1215
1213 1216 1217
1213 1217 1218
1216 1219 1217
1216 1220 1219
1220 1221 1219
1220 1222 1221
1221 1222 1223
1217 1224 1218
1224 1225 1218
1226 1218 1225
1226 1227 1218
1228 1227 1226
1228 1229 1227
1230 1229 1228
1230 1231 1229
1231 1230 1232
1231 1232 1233
1234 1235 1236
1237 1234 1236
1237 1236 1238
1239 1237 1238
1239 1238 1240
1241 1239 1240
1241 1240 1242
1243 1241 1242
1243 1242 1244
1245 1243 1244
1245 1244 1246
1247 1245 1246
1248 1249 1250
1251 1249 1248
1251 1252 1249
1253 1252 1251
1253 1254 1252
1255 1254 1253
1255 1256 1254
1257 1256 1255
1257 1258 1256
1259 1258 1257
1259 1260 1258
1261 1260 1259
1262 1263 1264
1265 1262 1264
1265 1264 1266
1267 1265 1266
1267 1266 1268
1269 1267 1268
1269 1268 1270
1271 1269 1270
1271 1270 1272
1273 1271 1272
1273 1272 1274
1275 1273 1274
1276 1277 1278
1276 1279 1277
1279 1280 1277
1279 1281 1280
1281 1282 1280
1281 1283 1282
1283 1284 1282
1283 1285 1284
1285 1286 1284
1285 1287 1286
1287 1288 1286
1287 1289 1288
1289 1290 1288
1289 1291 1290
1291 1292 1290
1291 1293 1292
1293 1294 1292
1293 1295 1294
1295 1296 1294
1295 1297 1296
1297 1298 1296
1297 1299 1298
1299 1300 1298
1299 1301 1300
1301 1302 1300
1301 1303 1302
1303 1304 1302
1303 1305 1304
1305 1306 1304
1305 1307 1306
1307 1308 1306
1307 1309 1308
1310 1311 1312
1310 1312 1313
1314 1310 1313
1315 1313 1312
1315 1312 1316
1314 1313 1317
1318 1314 1317
1319 1313 1315
1319 1317 1313
1320 1315 1316
1320 1316 1321
1318 1317 1322
1323 1318 1322
1324 1320 1321
1324 1321 1325
1326 1320 1324
1327 1315 1320
1326 1327 1320
1327 1319 1315
1328 1327 1326
1328 1329 1327
1329 1319 1327
1330 1329 1328
1331 1317 1319
1329 1331 1319
1331 1322 1317
1330 1332 1329
1332 1331 1329
1333 1332 1330
1334 1322 1331
1332 1334 1331
1333 1335 1332
1335 1334 1332
1336 1335 1333
1334 1337 1322
1323 1322 1337
1338 1323 1337
1336 1339 1335
1340 1339 1336
1335 1341 1334
1341 1337 1334
1339 1341 1335
1338 1337 1342
1341 1342 1337
1343 1338 1342
1340 1344 1339
1345 1344 1340
1339 1346 1341
1346 1342 1341
1344 1346 1339
1343 1342 1347
1346 1347 1342
1348 1343 1347
1345 1349 1344
1350 1349 1345
1344 1351 1346
1351 1347 1346
1349 1351 1344
1348 1347 1352
1351 1352 1347
1353 1348 1352
1350 1354 1349
1355 1354 1350
1349 1356 1351
1356 1352 1351
1354 1356 1349
1353 1352 1357
1356 1357 1352
1358 1353 1357
1355 1359 1354
1360 1359 1355
1354 1361 1356
1361 1357 1356
1359 1361 1354
1358 1357 1362
1361 1362 1357
1363 1358 1362
1360 1364 1359
1365 1364 1360
1359 1366 1361
1366 1362 1361
1364 1366 1359
1363 1362 1367
1366 1367 1362
1368 1363 1367
1365 1369 1364
1370 1369 1365
1364 1371 1366
1371 1367 1366
1369 1371 1364
1368 1367 1372
1371 1372 1367
1373 1368 1372
1370 1374 1369
1375 1374 1370
1369 1376 1371
1376 1372 1371
1374 1376 1369
1373 1372 1377
1376 1377 1372
1378 1373 1377
1375 1379 1374
1380 1379 1375
1374 1381 1376
1381 1377 1376
1379 1381 1374
1378 1377 1382
1381 1382 1377
1383 1378 1382
1380 1384 1379
1385 1384 1380
1385 1386 1384
1379 1387 1381
1387 1382 1381
1384 1387 1379
1383 1382 1388
1387 1388 1382
1389 1383 1388
1386 1390 1384
1384 1390 1387
1390 1388 1387
1386 1391 1390
1389 1388 1392
1390 1392 1388
1391 1392 1390
1393 1389 1392
1391 1394 1392
1393 1392 1394
1395 1396 1397
1395 1397 1398
1399 1395 1398
1399 1398 1400
1401 1399 1400
1401 1400 1402
1403 1401 1402
1403 1402 1404
1405 1403 1404
1405 1404 1406
1407 1405 1406
1407 1406 1408
1409 1407 1408
1409 1408 1410
1411 1409 1410
1411 1410 1412
1413 1411 1412
1413 1412 1414
1415 1413 1414
1415 1414 1416
1417 1415 1416
1417 1416 1418
1419 1417 1418
1419 1418 1420
1421 1419 1420
1421 1420 1422
1423 1421 1422
1423 1422 1424
1425 1423 1424
1425 1424 1426
1427 1425 1426
1427 1426 1428
1429 1430 1431
1429 1431 1432
1432 1431 1433
1432 1433 1434
1432 1434 1435
1435 1434 1436
1435 1436 1437
1435 1437 1438
1438 1437 1439
1438 1439 1440
1438 1440 1441
1441 1440 1442
1441 1442 1443
1441 1443 1444
1444 1443 1445
1444 1445 1446
1444 1446 1447
1447 1446 1448
1447 1448 1449
1447 1449 1450
1450 1449 1451
1450 1451 1452
1450 1452 1453
1453 1452 1454
1455 1456 1457
1458 1455 1457
1458 1457 1459
1460 1458 1459
1460 1459 1461
1462 1460 1461
1462 1461 1463
1464 1462 1463
1464 1463 1465
1466 1464 1465
1466 1465 1467
1468 1466 1467
1468 1467 1469
1470 1468 1469
1471 1472 1473
1474 1471 1473
1474 1473 1475
1476 1474 1475
1476 1475 1477
1478 1476 1477
1479 1480 1481
1479 1482 1480
1482 1483 1480
1482 1484 1483
1484 1485 1483
1484 1486 1485
1486 1487 1485
1486 1488 1487
1488 1489 1487
1488 1490 1489
1490 1491 1489
1490 1492 1491
1492 1493 1491
1492 1494 1493
1494 1495 1493
1494 1496 1495
1496 1497 1495
1496 1498 1497
1498 1499 1497
1498 1500 1499
1500 1501 1499
1500 1502 1501
1502 1503 1501
1502 1504 1503
1504 1505 1503
1504 1506 1505
1506 1507 1505
1506 1508 1507
1508 1509 1507
1508 1510 1509
1510 1511 1509
1510 1512 1511
1513 1514 1515
1513 1515 1516
1517 1513 1516
1518 1516 1515
1518 1515 1519
1517 1516 1520
1521 1517 1520
1522 1516 1518
1522 1520 1516
1523 1518 1519
1523 1519 1524
1521 1520 1525
1526 1521 1525
1527 1523 1524
1527 1524 1528
1529 1523 1527
1530 1518 1523
1529 1530 1523
1530 1522 1518
1531 1530 1529
1531 1532 1530
1532 1522 1530
1533 1532 1531
1534 1520 1522
1532 1534 1522
1534 1525 1520
1533 1535 1532
1535 1534 1532
1536 1535 1533
1537 1525 1534
1535 1537 1534
1536 1538 1535
1538 1537 1535
1539 1538 1536
1537 1540 1525
1526 1525 1540
1541 1526 1540
1539 1542 1538
1543 1542 1539
1538 1544 1537
1544 1540 1537
1542 1544 1538
1541 1540 1545
1544 1545 1540
1546 1541 1545
1543 1547 1542
1548 1547 1543
1542 1549 1544
1549 1545 1544
1547 1549 1542
1546 1545 1550
1549 1550 1545
1551 1546 1550
1548 1552 1547
1553 1552 1548
1547 1554 1549
1554 1550 1549
1552 1554 1547
1551 1550 1555
1554 1555 1550
1556 1551 1555
1553 1557 1552
1558 1557 1553
1552 1559 1554
1559 1555 1554
1557 1559 1552
1556 1555 1560
1559 1560 1555
1561 1556 1560
1558 1562 1557
1563 1562 1558
1557 1564 1559
1564 1560 1559
1562 1564 1557
1561 1560 1565
1564 1565 1560
1566 1561 1565
1563 1567 1562
1568 1567 1563
1562 1569 1564
1569 1565 1564
1567 1569 1562
1566 1565 1570
1569 1570 1565
1571 1566 1570
1568 1572 1567
1573 1572 1568
1567 1574 1569
1574 1570 1569
1572 1574 1567
1571 1570 1575
1574 1575 1570
1576 1571 1575
1573 1577 1572
1578 1577 1573
1572 1579 1574
1579 1575 1574
1577 1579 1572
1576 1575 1580
1579 1580 1575
1581 1576 1580
1578 1582 1577
1583 1582 1578
1577 1584 1579
1584 1580 1579
1582 1584 1577
1581 1580 1585
1584 1585 1580
1586 1581 1585
1583 1587 1582
1588 1587 1583
1588 1589 1587
1582 1590 1584
1590 1585 1584
1587 1590 1582
1586 1585 1591
1590 1591 1585
1592 1586 1591
1589 1593 1587
1587 1593 1590
1593 1591 1590
1589 1594 1593
1592 1591 1595
1593 1595 1591
1594 1595 1593
1596 1592 1595
1594 1597 1595
1596 1595 1597
1598 1599 1600
1598 1600 1601
1602 1598 1601
1602 1601 1603
1604 1602 1603
1604 1603 1605
1606 1604 1605
1606 1605 1607
1608 1606 1607
1608 1607 1609
1610 1608 1609
1610 1609 1611
1612 1610 1611
1612 1611 1613
1614 1612 1613
1614 1613 1615
1616 1614 1615
1616 1615 1617
1618 1616 1617
1618 1617 1619
1620 1618 1619
1620 1619 1621
1622 1620 1621
1622 1621 1623
1624 1622 1623
1624 1623 1625
1626 1624 1625
1626 1625 1627
1628 1626 1627
1628 1627 1629
1630 1628 1629
1630 1629 1631
1632 1633 1634
1632 1634 1635
1635 1634 1636
1635 1636 1637
1635 1637 1638
1638 1637 1639
1638 1639 1640
1638 1640 1641
1641 1640 1642
1641 1642 1643
1641 1643 1644
1644 1643 1645
1644 1645 1646
1644 1646 1647
1647 1646 1648
1647 1648 1649
1647 1649 1650
1650 1649 1651
1650 1651 1652
1650 1652 1653
1653 1652 1654
1653 1654 1655
1653 1655 1656
1656 1655 1657
1658 1659 1660
1661 1658 1660
1661 1660 1662
1663 1661 1662
1663 1662 1664
1665 1663 1664
1665 1664 1666
1667 1665 1666
1667 1666 1668
1669 1667 1668
1669 1668 1670
1671 1669 1670
1671 1670 1672
1673 1671 1672
1674 1675 1676
1677 1674 1676
1677 1676 1678
1679 1677 1678
1679 1678 1680
1681 1679 1680
1682 1683 1684
1682 1685 1683
1685 1686 1683
1685 1687 1686
1687 1688 1686
1687 1689 1688
1689 1690 1688
1689 1691 1690
1691 1692 1690
1691 1693 1692
1693 1694 1692
1693 1695 1694
1695 1696 1694
1695 1697 1696
1697 1698 1696
1697 1699 1698
1699 1700 1698
1699 1701 1700
1701 1702 1700
1701 1703 1702
1703 1704 1702
1703 1705 1704
1705 1706 1704
1705 1707 1706
1707 1708 1706
1707 1709 1708
1709 1710 1708
1709 1711 1710
1711 1712 1710
1711 1713 1712
1713 1714 1712
1713 1715 1714
1716 1717 1718
1716 1718 1719
1720 1716 1719
1721 1719 1718
1721 1718 1722
1720 1719 1723
1724 1720 1723
1725 1719 1721
1725 1723 1719
1726 1721 1722
1726 1722 1727
1724 1723 1728
1729 1724 1728
1730 1726 1727
1730 1727 1731
1732 1726 1730
1733 1721 1726
1732 1733 1726
1733 1725 1721
1734 1733 1732
1734 1735 1733
1735 1725 1733
1736 1735 1734
1737 1723 1725
1735 1737 1725
1737 1728 1723
1736 1738 1735
1738 1737 1735
1739 1738 1736
1740 1728 1737
1738 1740 1737
1739 1741 1738
1741 1740 1738
1742 1741 1739
1740 1743 1728
1729 1728 1743
1744 1729 1743
1742 1745 1741
1746 1745 1742
1741 1747 1740
1747 1743 1740
1745 1747 1741
1744 1743 1748
1747 1748 1743
1749 1744 1748
1746 1750 1745
1751 1750 1746
1745 1752 1747
1752 1748 1747
1750 1752 1745
1749 1748 1753
1752 1753 1748
1754 1749 1753
1751 1755 1750
1756 1755 1751
1750 1757 1752
1757 1753 1752
1755 1757 1750
1754 1753 1758
1757 1758 1753
1759 1754 1758
1756 1760 1755
1761 1760 1756
1755 1762 1757
1762 1758 1757
1760 1762 1755
1759 1758 1763
1762 1763 1758
1764 1759 1763
1761 1765 1760
1766 1765 1761
1760 1767 1762
1767 1763 1762
1765 1767 1760
1764 1763 1768
1767 1768 1763
1769 1764 1768
1766 1770 1765
1771 1770 1766
1765 1772 1767
1772 1768 1767
1770 1772 1765
1769 1768 1773
1772 1773 1768
1774 1769 1773
1771 1775 1770
1776 1775 1771
1770 1777 1772
1777 1773 1772
1775 1777 1770
1774 1773 1778
1777 1778 1773
1779 1774 1778
1776 1780 1775
1781 1780 1776
1775 1782 1777
1782 1778 1777
1780 1782 1775
1779 1778 1783
1782 1783 1778
1784 1779 1783
1781 1785 1780
1786 1785 1781
1780 1787 1782
1787 1783 1782
1785 1787 1780
1784 1783 1788
1787 1788 1783
1789 1784 1788
1786 1790 1785
1791 1790 1786
1791 1792 1790
1785 1793 1787
1793 1788 1787
1790 1793 1785
1789 1788 1794
1793 1794 1788
1795 1789 1794
1792 1796 1790
1790 1796 1793
1796 1794 1793
1792 1797 1796
1795 1794 1798
1796 1798 1794
1797 1798 1796
1799 1795 1798
1797 1800 1798
1799 1798 1800
1801 1802 1803
1801 1803 1804
1805 1801 1804
1805 1804 1806
1807 1805 1806
1807 1806 1808
1809 1807 1808
1809 1808 1810
1811 1809 1810
1811 1810 1812
1813 1811 1812
1813 1812 1814
1815 1813 1814
1815 1814 1816
1817 1815 1816
1817 1816 1818
1819 1817 1818
1819 1818 1820
1821 1819 1820
1821 1820 1822
1823 1821 1822
1823 1822 1824
1825 1823 1824
1825 1824 1826
1827 1825 1826
1827 1826 1828
1829 1827 1828
1829 1828 1830
1831 1829 1830
1831 1830 1832
1833 1831 1832
1833 1832 1834
1835 1836 1837
1835 1837 1838
1838 1837 1839
1838 1839 1840
1838 1840 1841
1841 1840 1842
1841 1842 1843
1841 1843 1844
1844 1843 1845
1844 1845 1846
1844 1846 1847
1847 1846 1848
1847 1848 1849
1847 1849 1850
1850 1849 1851
1850 1851 1852
1850 1852 1853
1853 1852 1854
1853 1854 1855
1853 1855 1856
1856 1855 1857
1856 1857 1858
1856 1858 1859
1859 1858 1860
1861 1862 1863
1864 1861 1863
1864 1863 1865
1866 1864 1865
1866 1865 1867
1868 1866 1867
1868 1867 1869
1870 1868 1869
1870 1869 1871
1872 1870 1871
1872 1871 1873
1874 1872 1873
1874 1873 1875
1876 1874 1875
1877 1878 1879
1880 1877 1879
1880 1879 1881
1882 1880 1881
1882 1881 1883
1884 1882 1883
1885 1886 1887
1885 1888 1886
1889 1888 1885
1889 1890 1888
1891 1890 1889
1891 1892 1890
1893 1892 1891
1891 1894 1893
1893 1895 1892
1892 1895 1896
1897 1898 1899
1897 1900 1898
1901 1900 1897
1901 1902 1900
1903 1902 1901
1903 1904 1902
1905 1904 1903
1905 1906 1904
1907 1908 1909
1908 1910 1909
1908 1911 1910
1910 1911 1912
1913 1912 1911
1914 1913 1911
1911 1915 1914
1916 1915 1911
1917 1915 1916
1917 1916 1918
1917 1918 1919
1917 1919 1920
1921 1920 1919
1922 1920 1921
1922 1921 1923
1924 1921 1919
1924 1919 1925
1925 1926 1924
1925 1927 1926
1926 1927 1928
1926 1928 1929
1928 1930 1929
1930 1931 1929
1928 1932 1930
1928 1933 1932
1930 1934 1931
1935 1931 1934
1935 1936 1931
1937 1936 1935
1937 1938 1936
1938 1937 1939
1938 1939 1940
1938 1940 1941
1942 1939 1937
1942 1937 1943
1942 1943 1944
1942 1944 1945
1944 1946 1945
1947 1945 1946
1946 1948 1947
1946 1949 1948
1950 1949 1946
1950 1946 1951
1950 1951 1952
1953 1952 1951
1954 1955 1956
1954 1956 1957
1957 1958 1954
1957 1959 1958
1959 1960 1958
1959 1961 1960
1962 1960 1961
1962 1961 1963
1964 1962 1963
1964 1963 1965
1966 1964 1965
1966 1965 1967
1968 1966 1967
1968 1967 1969
1969 1970 1968
1969 1971 1970
1972 1973 1974
1972 1975 1973
1972 1976 1975
1972 1977 1976
1977 1978 1976
1977 1979 1978
1978 1979 1980
1981 1982 1983
1981 1984 1982
1984 1985 1982
1984 1986 1985
1987 1985 1986
1986 1988 1987
1987 1988 1989
1990 1991 1992
1990 1992 1993
1993 1994 1990
1995 1990 1994
1993 1996 1994
1996 1993 1997
1996 1997 1998
1998 1997 1999
1998 1999 2000
2001 2000 1999
2001 2002 2000
2003 1995 1994
2004 1995 2003
2004 2003 2005
2003 1994 2006
1994 2007 2006
1994 2008 2007
2006 2007 2009
2006 2009 2010
2008 2011 2007
2008 2012 2011
2012 2013 2011
2012 2014 2013
2014 2015 2013
2014 2016 2015
2017 2018 2019
2017 2020 2018
2018 2020 2021
2022 2023 2024
2022 2025 2023
2025 2026 2023
2025 2027 2026
2027 2028 2026
2027 2029 2028
2029 2030 2028
2028 2030 2031
2029 2032 2030
2029 2033 2032
2034 2035 2036
2034 2036 2037
2038 2034 2037
2038 2037 2039
2040 2038 2039
2040 2039 2041
2042 2040 2041
2042 2041 2043
2044 2045 2046
2044 2046 2047
2048 2047 2046
2048 2049 2047
2050 2049 2048
2050 2051 2049
2051 2050 2052
2051 2052 2053
2053 2052 2054
2053 2054 2055
2055 2054 2056
2055 2056 2057
2057 2056 2058
2057 2058 2059
2060 2059 2058
2060 2061 2059
2062 2063 2064
2062 2065 2063
2066 2063 2065
2066 2067 2063
2068 2067 2066
2068 2069 2067
2068 2070 2069
2071 2072 2073
2071 2073 2074
2074 2073 2075
2074 2075 2076
2077 2076 2075
2076 2077 2078
2078 2077 2079
2080 2081 2082
2080 2083 2081
2080 2084 2083
2085 2086 2087
2085 2087 2088
2089 2088 2087
2089 2087 2090
2091 2089 2090
2091 2090 2092
2093 2091 2092
2093 2092 2094
2095 2093 2094
2096 2093 2095
2097 2093 2096
2096 2098 2097
2095 2099 2096
2095 2100 2099
2096 2101 2098
2099 2101 2096
2100 2102 2099
2100 2103 2102
2103 2104 2102
2103 2105 2104
2104 2105 2106
2102 2107 2099
2099 2107 2101
2098 2101 2108
2098 2108 2109
2104 2110 2102
2102 2110 2107
2101 2107 2111
2101 2111 2108
2109 2108 2112
2109 2112 2113
2104 2106 2114
2114 2106 2115
2107 2110 2116
2107 2116 2111
2108 2111 2117
2108 2117 2112
2114 2115 2118
2118 2115 2119
2111 2116 2120
2111 2120 2117
2104 2121 2110
2122 2104 2114
2122 2121 2104
2110 2121 2123
2110 2123 2116
2123 2121 2122
2124 2122 2114
2124 2114 2118
2116 2123 2125
2116 2125 2120
2123 2122 2126
2126 2122 2124
2125 2123 2126
2118 2119 2127
2128 2124 2118
2128 2118 2127
2126 2124 2129
2129 2124 2128
2125 2126 2130
2130 2126 2129
2120 2125 2131
2131 2125 2130
2127 2119 2132
2119 2133 2132
2134 2132 2133
2135 2127 2132
2134 2136 2132
2137 2136 2134
2137 2138 2136
2139 2127 2135
2140 2138 2137
2140 2141 2138
2140 2142 2141
2140 2143 2142
2139 2128 2127
2144 2128 2139
2144 2139 2145
2129 2128 2144
2146 2144 2145
2146 2145 2147
2148 2129 2144
2148 2144 2146
2130 2129 2148
2149 2130 2148
2131 2130 2149
2150 2148 2146
2149 2148 2150
2146 2147 2151
2150 2146 2152
2146 2151 2152
2147 2153 2151
2147 2154 2153
2153 2154 2155
2156 2131 2149
2157 2149 2150
2156 2149 2157
2158 2150 2152
2157 2150 2158
2159 2131 2156
2120 2131 2159
2117 2120 2159
2117 2159 2160
2112 2117 2160
2159 2156 2161
2160 2159 2161
2162 2156 2157
2161 2156 2162
2162 2157 2163
2163 2157 2158
2161 2162 2164
2163 2158 2165
2166 2161 2164
2160 2161 2166
2166 2164 2167
2165 2158 2168
2165 2168 2169
2158 2152 2168
2168 2170 2169
2152 2171 2168
2168 2171 2170
2152 2151 2171
2171 2172 2170
2151 2173 2171
2171 2173 2172
2151 2153 2173
2174 2160 2166
2112 2160 2174
2175 2166 2167
2174 2166 2175
2175 2167 2176
2175 2176 2177
2175 2177 2178
2174 2175 2178
2178 2177 2179
2112 2174 2180
2174 2178 2180
2112 2180 2113
2172 2173 2181
2172 2181 2182
2178 2179 2183
2180 2178 2183
2113 2180 2184
2180 2183 2184
2113 2184 2185
2186 2185 2184
2187 2183 2179
2187 2179 2188
2189 2184 2183
2186 2184 2189
2189 2183 2187
2186 2189 2190
2190 2189 2187
2186 2190 2191
2192 2187 2188
2190 2187 2192
2192 2188 2193
2191 2190 2194
2194 2190 2192
2191 2194 2195
2194 2192 2196
2196 2192 2193
2196 2193 2197
2198 2199 2200
2201 2198 2200
2201 2200 2202
2203 2201 2202
2203 2202 2204
2205 2203 2204
2205 2204 2206
2207 2205 2206
2207 2208 2205
2209 2208 2207
2209 2210 2208
2211 2210 2209
2211 2212 2210
2212 2211 2213
2214 2215 2216
2214 2216 2217
2218 2214 2217
2218 2217 2219
2220 2218 2219
2220 2219 2221
2222 2220 2221
2222 2221 2223
2224 2222 2223
2224 2223 2225
2226 2224 2225
2226 2225 2227
2228 2226 2227
2228 2227 2229
2230 2228 2229
2230 2229 2231
2232 2230 2231
2232 2233 2230
2234 2233 2232
2234 2235 2233
2236 2235 2234
2236 2237 2235
2238 2237 2236
2238 2239 2237
2240 2239 2238
2240 2241 2239
2242 2241 2240
2242 2243 2241
2244 2243 2242
2244 2245 2243
2246 2245 2244
2246 2247 2245
2248 2249 2250
2248 2251 2249
2251 2155 2249
2252 2251 2248
2252 2248 2253
2251 2254 2155
2153 2155 2254
2173 2153 2254
2173 2254 2181
2181 2254 2251
2181 2251 2252
2182 2181 2252
2182 2252 2255
2255 2252 2253
2255 2253 2256
2257 2258 2259
2257 2259 2260
2261 2257 2260
2261 2260 2262
2263 2261 2262
2263 2262 2264
2265 2263 2264
2265 2264 2266
2267 2265 2266
2267 2266 2268
2269 2267 2268
2269 2268 2270
2271 2269 2270
2271 2270 2272
2273 2271 2272
2273 2272 2274
2275 2273 2274
2275 2274 2276
2277 2275 2276
2277 2276 2278
2279 2277 2278
2279 2278 2280
2281 2279 2280
2281 2280 2282
2283 2281 2282
2283 2282 2284
2285 2283 2284
2285 2284 2286
2287 2285 2286
2287 2286 2288
2289 2287 2288
2289 2288 2290
2291 2292 2293
2291 2293 2294
2295 2291 2294
2295 2294 2296
2297 2295 2296
2297 2296 2298
2299 2297 2298
2299 2298 2300
2301 2299 2300
2301 2300 2302
2303 2301 2302
2303 2302 2304
2305 2303 2304
2305 2304 2306
2307 2305 2306
2307 2306 2308
2309 2307 2308
2309 2308 2310
2311 2309 2310
2311 2310 2312
2313 2311 2312
2313 2312 2314
2315 2313 2314
2315 2314 2316
2317 2315 2316
2317 2316 2318
2319 2317 2318
2319 2318 2320
2321 2319 2320
2321 2320 2322
2323 2321 2322
2323 2322 2324
2325 2326 2327
2328 2327 2326
2328 2326 2329
2330 2328 2329
2330 2329 2331
2332 2330 2331
2332 2331 2333
2334 2332 2333
2334 2333 2335
2336 2334 2335
2336 2335 2337
2338 2336 2337
2338 2337 2339
2339 2340 2338
2341 2342 2343
2341 2344 2342
2345 2344 2341
2345 2346 2344
2347 2346 2345
2347 2348 2346
2349 2348 2347
2349 2347 2350
2350 2351 2349
2352 2351 2350
2352 2350 2353
2354 2351 2352
2355 2352 2353
2354 2352 2356
2357 2354 2356
2357 2356 2358
2359 2357 2358
2359 2358 2360
2361 2359 2360
2361 2360 2362
2363 2361 2362
2363 2362 2364
2365 2363 2364
2365 2364 2366
2367 2365 2366
2367 2366 2368
2369 2367 2368
2369 2368 2370
2371 2369 2370
2356 2372 2358
2358 2373 2360
2358 2372 2373
2360 2374 2362
2360 2373 2374
2362 2375 2364
2362 2374 2375
2364 2376 2366
2364 2375 2376
2366 2377 2368
2366 2376 2377
2368 2378 2370
2368 2377 2378
2370 2378 2379
2356 2380 2372
2352 2380 2356
2370 2379 2381
2371 2370 2381
2371 2381 2382
2382 2381 2379
2371 2382 2383
2382 2384 2383
2384 2385 2383
2384 2386 2385
2382 2379 2387
2379 2388 2387
2352 2389 2380
2355 2389 2352
2390 2389 2355
2380 2389 2390
2390 2355 2391
2380 2390 2392
2372 2380 2392
2393 2390 2391
2392 2390 2393
2393 2391 2394
2372 2392 2395
2373 2372 2395
2392 2393 2396
2395 2392 2396
2393 2394 2397
2398 2397 2394
2373 2395 2399
2374 2373 2399
2395 2396 2400
2399 2395 2400
2396 2393 2401
2393 2397 2401
2374 2399 2402
2375 2374 2402
2396 2401 2403
2400 2396 2403
2399 2400 2404
2402 2399 2404
2375 2402 2405
2376 2375 2405
2397 2406 2401
2403 2401 2406
2400 2403 2407
2404 2400 2407
2402 2404 2408
2405 2402 2408
2376 2405 2409
2377 2376 2409
2403 2406 2410
2407 2403 2410
2404 2407 2411
2408 2404 2411
2405 2408 2412
2409 2405 2412
2377 2409 2413
2378 2377 2413
2407 2410 2414
2411 2407 2414
2408 2411 2415
2412 2408 2415
2409 2412 2416
2413 2409 2416
2378 2413 2417
2379 2378 2417
2411 2414 2418
2415 2411 2418
2412 2415 2419
2416 2412 2419
2413 2416 2420
2417 2413 2420
2379 2417 2421
2379 2421 2388
2421 2417 2422
2417 2420 2422
2388 2421 2423
2421 2422 2423
2423 2424 2388
2420 2416 2425
2416 2419 2425
2419 2415 2426
2415 2418 2426
2422 2420 2427
2420 2425 2427
2425 2419 2428
2419 2426 2428
2429 2424 2423
2430 2424 2429
2423 2422 2431
2422 2427 2431
2427 2425 2432
2425 2428 2432
2429 2423 2433
2423 2431 2433
2434 2430 2429
2429 2433 2434
2431 2427 2435
2427 2432 2435
2433 2431 2436
2431 2435 2436
2437 2430 2434
2437 2438 2430
2434 2433 2439
2433 2436 2439
2437 2434 2440
2434 2439 2440
2437 2440 2441
2441 2440 2442
2441 2442 2443
2440 2444 2442
2440 2439 2444
2439 2445 2444
2439 2436 2445
2436 2446 2445
2436 2435 2446
2435 2447 2446
2435 2432 2447
2432 2448 2447
2432 2428 2448
2428 2449 2448
2428 2426 2449
2426 2450 2449
2426 2418 2450
2418 2451 2450
2418 2414 2451
2414 2452 2451
2414 2410 2452
2410 2453 2452
2410 2406 2453
2454 2453 2406
2397 2454 2406
2454 2455 2453
2456 2454 2397
2398 2456 2397
2457 2456 2398
2458 2455 2454
2456 2458 2454
2458 2459 2455
2458 2460 2459
2458 2461 2460
2456 2461 2458
2461 2462 2460
2457 2463 2456
2456 2463 2461
2461 2464 2462
2463 2464 2461
2464 2465 2462
2464 2466 2465
2457 2467 2463
2463 2467 2464
2467 2466 2464
2457 2468 2467
2467 2469 2466
2470 2467 2468
2470 2469 2467
2471 2472 2473
2472 2474 2473
2472 2475 2474
2475 2476 2474
2475 2477 2476
2477 2478 2476
2477 2479 2478
2479 2480 2478
2479 2481 2480
2481 2482 2480
2481 2483 2482
2483 2484 2482
2483 2485 2484
2485 2486 2484
2487 2488 2489
2487 2490 2488
2490 2491 2488
2490 2492 2491
2492 2493 2491
2492 2494 2493
2495 2493 2494
2495 2496 2493
2497 2496 2495
2497 2498 2496
2497 2499 2498
2497 2500 2499
2500 2501 2499
2500 2502 2501
2502 2503 2501
2502 2504 2503
2504 2505 2503
2504 2506 2505
2506 2507 2505
2506 2508 2507
2508 2509 2507
2508 2510 2509
2510 2511 2509
2510 2512 2511
2512 2513 2511
2512 2514 2513
2514 2515 2513
2514 2516 2515
2516 2517 2515
2516 2518 2517
2518 2519 2517
2518 2520 2519
2521 2522 2523
2521 2523 2524
2525 2521 2524
2525 2524 2526
2527 2525 2526
2527 2526 2528
2529 2527 2528
2529 2528 2530
2531 2529 2530
2531 2530 2532
2533 2531 2532
2533 2532 2534
2535 2533 2534
2535 2534 2536
2537 2535 2536
2537 2536 2538
2539 2537 2538
2539 2538 2540
2541 2539 2540
2541 2540 2542
2543 2541 2542
2543 2542 2544
2545 2543 2544
2545 2544 2546
2547 2545 2546
2547 2546 2548
2549 2547 2548
2549 2548 2550
2551 2549 2550
2551 2550 2552
2553 2551 2552
2553 2552 2554
2555 2556 2557
2555 2557 2558
2559 2555 2558
2559 2558 2560
2561 2559 2560
2561 2560 2562
2563 2561 2562
2563 2562 2564
2565 2563 2564
2565 2564 2566
2567 2565 2566
2567 2566 2568
2569 2567 2568
2569 2568 2570
2571 2569 2570
2571 2570 2572
2573 2571 2572
2573 2572 2574
2575 2573 2574
2575 2574 2576
2577 2575 2576
2577 2576 2578
2579 2577 2578
2579 2578 2580
2581 2579 2580
2581 2580 2582
2583 2581 2582
2583 2582 2584
2585 2583 2584
2585 2584 2586
2587 2585 2586
2587 2586 2588
2589 2590 2591
2592 2591 2590
2592 2590 2593
2594 2592 2593
2594 2593 2595
2596 2594 2595
2596 2595 2597
2598 2596 2597
2598 2597 2599
2600 2598 2599
2600 2599 2601
2602 2600 2601
2602 2601 2603
2603 2604 2602
2605 2606 2607
2605 2608 2606
2608 2609 2606
2608 2610 2609
2610 2611 2609
2610 2612 2611
2613 2611 2612
2613 2614 2611
2614 2613 2615
2616 2614 2615
2616 2617 2614
2616 2615 2618
2616 2619 2617
2616 2618 2620
2620 2618 2621
2620 2621 2622
2622 2621 2623
2622 2623 2624
2624 2623 2625
2624 2625 2626
2626 2625 2627
2626 2627 2628
2628 2627 2629
2628 2629 2630
2630 2629 2631
2630 2631 2632
2632 2631 2633
2632 2633 2634
2634 2633 2635
2636 2620 2622
2637 2622 2624
2637 2636 2622
2638 2624 2626
2638 2637 2624
2639 2626 2628
2639 2638 2626
2640 2628 2630
2640 2639 2628
2641 2630 2632
2641 2640 2630
2642 2632 2634
2642 2641 2632
2643 2642 2634
2636 2644 2620
2644 2616 2620
2643 2634 2645
2634 2635 2645
2635 2646 2645
2643 2645 2646
2635 2647 2646
2646 2647 2648
2649 2648 2647
2649 2650 2648
2643 2646 2651
2643 2651 2652
2643 2652 2653
2653 2652 2654
2644 2655 2616
2616 2655 2619
2656 2619 2655
2656 2655 2644
2656 2657 2619
2656 2644 2658
2658 2644 2636
2659 2657 2656
2659 2656 2658
2659 2660 2657
2658 2636 2661
2661 2636 2637
2662 2643 2653
2662 2642 2643
2659 2658 2663
2663 2658 2661
2664 2660 2659
2664 2665 2660
2661 2637 2666
2666 2637 2638
2667 2642 2662
2667 2641 2642
2663 2661 2668
2668 2661 2666
2669 2659 2663
2664 2659 2669
2666 2638 2670
2670 2638 2639
2669 2663 2671
2671 2663 2668
2668 2666 2672
2672 2666 2670
2670 2639 2673
2673 2639 2640
2674 2640 2641
2673 2640 2674
2674 2641 2667
2675 2670 2673
2672 2670 2675
2676 2668 2672
2671 2668 2676
2677 2669 2671
2664 2669 2677
2678 2673 2674
2675 2673 2678
2679 2674 2667
2678 2674 2679
2680 2672 2675
2676 2672 2680
2681 2671 2676
2677 2671 2681
2682 2675 2678
2680 2675 2682
2683 2676 2680
2681 2676 2683
2679 2667 2684
2684 2667 2662
2685 2678 2679
2682 2678 2685
2686 2680 2682
2683 2680 2686
2684 2662 2687
2687 2662 2653
2688 2679 2684
2685 2679 2688
2689 2682 2685
2686 2682 2689
2687 2653 2690
2654 2690 2653
2691 2684 2687
2688 2684 2691
2692 2685 2688
2689 2685 2692
2690 2654 2693
2694 2693 2654
2695 2687 2690
2691 2687 2695
2696 2688 2691
2692 2688 2696
2697 2690 2693
2695 2690 2697
2698 2693 2694
2697 2693 2698
2699 2691 2695
2696 2691 2699
2700 2695 2697
2699 2695 2700
2701 2698 2694
2701 2694 2702
2703 2697 2698
2700 2697 2703
2704 2698 2701
2703 2698 2704
2704 2701 2705
2706 2704 2705
2706 2705 2707
2708 2704 2706
2708 2703 2704
2709 2703 2708
2709 2700 2703
2710 2700 2709
2710 2699 2700
2711 2699 2710
2711 2696 2699
2712 2696 2711
2712 2692 2696
2713 2692 2712
2713 2689 2692
2714 2689 2713
2714 2686 2689
2715 2686 2714
2715 2683 2686
2716 2683 2715
2716 2681 2683
2717 2681 2716
2717 2677 2681
2718 2677 2717
2664 2677 2718
2718 2717 2719
2720 2664 2718
2664 2720 2665
2720 2721 2665
2722 2718 2719
2720 2718 2722
2722 2719 2723
2724 2722 2723
2724 2725 2722
2725 2720 2722
2726 2725 2724
2720 2727 2721
2725 2727 2720
2726 2728 2725
2728 2727 2725
2729 2728 2726
2729 2730 2728
2731 2721 2727
2728 2731 2727
2730 2731 2728
2731 2732 2721
2730 2733 2731
2731 2734 2732
2731 2733 2734
2735 2736 2737
2738 2737 2736
2738 2739 2737
2740 2739 2738
2740 2741 2739
2742 2741 2740
2742 2743 2741
2744 2743 2742
2744 2745 2743
2746 2745 2744
2746 2747 2745
2748 2747 2746
2748 2749 2747
2749 2748 2750
2751 2752 2753
2751 2754 2752
2755 2754 2751
2755 2756 2754
2757 2756 2755
2757 2758 2756
2759 2758 2757
2759 2757 2760
2761 2759 2760
2761 2760 2762
2763 2761 2762
2763 2764 2761
2765 2764 2763
2765 2766 2764
2767 2766 2765
2767 2768 2766
2769 2768 2767
2769 2770 2768
2771 2770 2769
2771 2772 2770
2773 2772 2771
2773 2774 2772
2775 2774 2773
2775 2776 2774
2777 2776 2775
2777 2778 2776
2779 2778 2777
2779 2780 2778
2781 2780 2779
2781 2782 2780
2783 2782 2781
2783 2784 2782
2785 2786 2787
2785 2788 2786
2789 2788 2785
2789 2790 2788
2791 2790 2789
2791 2792 2790
2793 2792 2791
2793 2794 2792
2795 2794 2793
2795 2796 2794
2797 2796 2795
2797 2798 2796
2799 2798 2797
2799 2800 2798
2801 2800 2799
2801 2802 2800
2803 2802 2801
2803 2804 2802
2805 2804 2803
2805 2806 2804
2807 2806 2805
2807 2808 2806
2809 2808 2807
2809 2810 2808
2811 2810 2809
2811 2812 2810
2813 2812 2811
2813 2814 2812
2815 2814 2813
2815 2816 2814
2817 2816 2815
2817 2818 2816
2819 2820 2821
2822 2821 2820
2822 2823 2821
2824 2823 2822
2824 2825 2823
2826 2825 2824
2826 2827 2825
2828 2827 2826
2828 2829 2827
2830 2829 2828
2830 2831 2829
2832 2831 2830
2832 2833 2831
2833 2832 2834
2835 2836 2837
2835 2837 2838
2838 2837 2839
2838 2839 2840
2840 2839 2841
2840 2841 2842
2842 2841 2843
2842 2843 2844
2844 2843 2845
2844 2845 2846
2846 2845 2847
2846 2847 2848
2848 2847 2849
2848 2849 2850
2850 2849 2851
2850 2851 2852
2852 2851 2853
2852 2853 2854
2854 2853 2855
2854 2855 2856
2856 2855 2857
2856 2857 2858
2858 2857 2859
2858 2859 2860
2860 2859 2861
2860 2861 2862
2862 2861 2863
2862 2863 2864
2864 2863 2865
2864 2865 2866
2866 2865 2867
2866 2867 2868
2869 2870 2871
2870 2872 2871
2870 2873 2872
2873 2874 2872
2873 2875 2874
2875 2876 2874
2875 2877 2876
2877 2878 2876
2877 2879 2878
2880 2878 2879
2881 2882 2883
2883 2882 2884
2883 2884 2885
2885 2884 2886
2885 2886 2887
2887 2886 2888
2887 2888 2889
2889 2888 2890
2889 2890 2891
2892 2891 2890
2893 2894 2895
2893 2896 2894
2897 2898 2899
2897 2900 2898
2901 2898 2900
2902 2898 2901
2898 2902 2903
2901 2904 2902
2904 2903 2902
2905 2904 2901
2904 2906 2903
2904 2905 2907
2906 2904 2907
2908 2909 2910
2909 2908 2911
2912 2913 2914
2914 2913 2915
2915 2916 2914
2915 2917 2916
2918 2914 2916
2915 2919 2917
2917 2919 2920
2917 2920 2921
2918 2916 2922
2922 2916 2923
2923 2916 2924
2924 2916 2925
2916 2926 2925
2916 2927 2926
2917 2927 2916
2917 2928 2927
2929 2928 2917
2929 2917 2921
2921 2930 2929
2931 2929 2930
2931 2932 2929
2933 2932 2931
2933 2934 2932
2934 2933 2935
2935 2933 2936
2935 2936 2937
2935 2937 2938
2938 2939 2935
2938 2940 2939
2938 2941 2940
2942 2941 2938
2943 2941 2942
2944 2943 2942
2944 2945 2943
2945 2944 2946
2945 2946 2947
2946 2948 2947
2946 2949 2948
2950 2948 2949
2950 2949 2951
2950 2951 2952
2951 2953 2952
2953 2954 2952
2953 2955 2954
2953 2956 2955
2956 2953 2957
2956 2957 2958
2956 2958 2959
2960 2956 2959
2961 2960 2959
2961 2959 2962
2963 2961 2962
2963 2962 2964
2963 2964 2965
2963 2965 2966
2966 2967 2963
2966 2965 2968
2966 2968 2969
2970 2967 2966
2970 2966 2971
2972 2971 2966
2973 2966 2969
2966 2973 2972
2971 2974 2970
2973 2975 2972
2971 2976 2974
2977 2976 2971
2978 2977 2971
2979 2978 2971
2971 2980 2979
2971 2972 2980
2972 2975 2981
2972 2982 2980
2972 2981 2983
2972 2983 2982
2983 2981 2984
2983 2985 2982
2983 2984 2986
2983 2986 2985
2984 2987 2986
2985 2986 2987
2984 2912 2987
2985 2987 2988
2912 2914 2987
2988 2987 2914
2988 2914 2918
2989 2990 2991
2989 2992 2990
2991 2993 2989
2993 2991 2994
2993 2994 2995
2992 2989 2996
2996 2997 2992
2996 2998 2997
2995 2999 2993
2999 2995 3000
2999 3000 3001
2998 2996 3002
3002 3003 2998
3002 3004 3003
3001 3005 2999
3005 3001 3006
3005 3006 3007
3004 3002 3008
3008 3009 3004
3008 3010 3009
3007 3011 3005
3011 3007 3012
3011 3012 3013
3010 3008 3014
3014 3015 3010
3014 3016 3015
3013 3017 3011
3017 3013 3018
3017 3018 3019
3016 3014 3020
3020 3021 3016
3020 3022 3021
3019 3023 3017
3023 3019 3024
3023 3024 3025
3022 3020 3026
3026 3027 3022
3026 3028 3027
3025 3029 3023
3028 3026 3029
3029 3025 3030
3029 3030 3028
3031 3020 3014
3031 3014 3032
3033 3020 3031
3033 3026 3020
3032 3014 3008
3034 3026 3033
3034 3029 3026
3032 3008 3035
3036 3029 3034
3036 3023 3029
3035 3008 3002
3037 3023 3036
3035 3002 3038
3037 3017 3023
3038 3002 2996
3039 3017 3037
3038 2996 3040
3039 3011 3017
3040 2996 2989
3041 3011 3039
3040 2989 3042
3041 3005 3011
3042 2989 2993
3043 3005 3041
3042 2993 3044
3043 2999 3005
3044 2993 2999
3044 2999 3043
3045 3046 3047
3045 3047 3048
3046 3045 3049
3049 3050 3046
3049 3051 3050
3048 3052 3045
3052 3048 3053
3052 3053 3054
3051 3049 3055
3055 3056 3051
3055 3057 3056
3054 3058 3052
3058 3054 3059
3058 3059 3060
3057 3055 3061
3061 3062 3057
3061 3063 3062
3060 3064 3058
3064 3060 3065
3064 3065 3066
3063 3061 3067
3067 3068 3063
3067 3069 3068
3066 3070 3064
3070 3066 3071
3070 3071 3072
3069 3067 3073
3073 3074 3069
3073 3075 3074
3072 3076 3070
3076 3072 3077
3076 3077 3078
3075 3073 3079
3079 3080 3075
3079 3081 3080
3078 3082 3076
3082 3078 3083
3082 3083 3084
3081 3079 3085
3084 3085 3082
3085 3086 3081
3085 3084 3086
3087 3070 3076
3087 3088 3070
3089 3087 3076
3089 3076 3082
3088 3064 3070
3090 3089 3082
3090 3082 3085
3088 3091 3064
3092 3090 3085
3092 3085 3079
3091 3058 3064
3093 3092 3079
3091 3094 3058
3093 3079 3073
3094 3052 3058
3095 3093 3073
3094 3096 3052
3095 3073 3067
3096 3045 3052
3097 3095 3067
3096 3098 3045
3097 3067 3061
3098 3049 3045
3099 3097 3061
3098 3100 3049
3099 3061 3055
3100 3099 3055
3100 3055 3049
3101 3102 3103
3101 3104 3102
3103 3105 3101
3105 3103 3106
3105 3106 3107
3104 3101 3108
3108 3109 3104
3108 3110 3109
3107 3111 3105
3111 3107 3112
3111 3112 3113
3110 3108 3114
3114 3115 3110
3114 3116 3115
3113 3117 3111
3117 3113 3118
3117 3118 3119
3116 3114 3120
3120 3121 3116
3120 3122 3121
3119 3123 3117
3123 3119 3124
3123 3124 3125
3122 3120 3126
3126 3127 3122
3126 3128 3127
3125 3129 3123
3129 3125 3130
3129 3130 3131
3128 3126 3132
3132 3133 3128
3132 3134 3133
3131 3135 3129
3135 3131 3136
3135 3136 3137
3134 3132 3138
3138 3139 3134
3138 3140 3139
3137 3141 3135
3140 3138 3141
3141 3137 3142
3141 3142 3140
3143 3132 3126
3143 3126 3144
3145 3132 3143
3145 3138 3132
3144 3126 3120
3146 3138 3145
3146 3141 3138
3144 3120 3147
3148 3141 3146
3148 3135 3141
3147 3120 3114
3149 3135 3148
3147 3114 3150
3149 3129 3135
3150 3114 3108
3151 3129 3149
3150 3108 3152
3151 3123 3129
3152 3108 3101
3153 3123 3151
3152 3101 3154
3153 3117 3123
3154 3101 3105
3155 3117 3153
3154 3105 3156
3155 3111 3117
3156 3105 3111
3156 3111 3155
3157 3158 3159
3157 3159 3160
3158 3157 3161
3161 3162 3158
3161 3163 3162
3163 3161 3164
3164 3165 3163
3164 3166 3165
3167 3164 3161
3167 3161 3157
3166 3164 3168
3167 3168 3164
3168 3169 3166
3168 3170 3169
3160 3171 3157
3171 3160 3172
3171 3172 3173
3167 3157 3174
3174 3157 3171
3175 3168 3167
3170 3168 3176
3175 3176 3168
3176 3177 3170
3176 3178 3177
3173 3179 3171
3174 3171 3179
3179 3173 3180
3179 3180 3181
3178 3176 3182
3175 3182 3176
3182 3183 3178
3182 3184 3183
3181 3185 3179
3174 3179 3185
3185 3181 3186
3185 3186 3187
3175 3188 3182
3184 3182 3188
3188 3189 3184
3188 3190 3189
3191 3188 3175
3187 3192 3185
3174 3185 3192
3192 3187 3193
3192 3193 3194
3190 3188 3195
3191 3195 3188
3195 3196 3190
3195 3197 3196
3174 3192 3198
3194 3198 3192
3174 3198 3191
3198 3194 3199
3198 3199 3200
3191 3201 3195
3197 3195 3201
3191 3198 3201
3200 3201 3198
3201 3202 3197
3201 3200 3202
3203 3204 3205
3203 3206 3204
3205 3207 3203
3207 3205 3208
3207 3208 3209
3209 3210 3207
3210 3209 3211
3210 3211 3212
3213 3207 3210
3213 3203 3207
3212 3214 3210
3213 3210 3214
3214 3212 3215
3214 3215 3216
3206 3203 3217
3217 3218 3206
3217 3219 3218
3213 3220 3203
3220 3217 3203
3221 3213 3214
3216 3222 3214
3221 3214 3222
3222 3216 3223
3222 3223 3224
3219 3217 3225
3220 3225 3217
3225 3226 3219
3225 3227 3226
3224 3228 3222
3221 3222 3228
3228 3224 3229
3228 3229 3230
3227 3225 3231
3220 3231 3225
3231 3232 3227
3231 3233 3232
3221 3228 3234
3230 3234 3228
3234 3230 3235
3234 3235 3236
3237 3221 3234
3233 3231 3238
3220 3238 3231
3238 3239 3233
3238 3240 3239
3236 3241 3234
3237 3234 3241
3241 3236 3242
3241 3242 3243
3220 3244 3238
3240 3238 3244
3220 3237 3244
3244 3245 3240
3244 3246 3245
3237 3241 3247
3243 3247 3241
3237 3247 3244
3246 3244 3247
3247 3243 3248
3247 3248 3246
3249 3250 3251
3249 3251 3252
3250 3249 3253
3253 3254 3250
3253 3255 3254
3255 3253 3256
3256 3257 3255
3256 3258 3257
3259 3256 3253
3259 3253 3249
3258 3256 3260
3259 3260 3256
3260 3261 3258
3260 3262 3261
3252 3263 3249
3263 3252 3264
3263 3264 3265
3259 3249 3266
3266 3249 3263
3267 3260 3259
3262 3260 3268
3267 3268 3260
3268 3269 3262
3268 3270 3269
3265 3271 3263
3266 3263 3271
3271 3265 3272
3271 3272 3273
3270 3268 3274
3267 3274 3268
3274 3275 3270
3274 3276 3275
3273 3277 3271
3266 3271 3277
3277 3273 3278
3277 3278 3279
3267 3280 3274
3276 3274 3280
3280 3281 3276
3280 3282 3281
3283 3280 3267
3279 3284 3277
3266 3277 3284
3284 3279 3285
3284 3285 3286
3282 3280 3287
3283 3287 3280
3287 3288 3282
3287 3289 3288
3266 3284 3290
3286 3290 3284
3266 3290 3283
3290 3286 3291
3290 3291 3292
3283 3293 3287
3289 3287 3293
3283 3290 3293
3292 3293 3290
3293 3294 3289
3293 3292 3294
3295 3296 3297
3295 3297 3298
3299 3296 3295
3298 3297 3300
3299 3301 3296
3298 3300 3302
3303 3301 3299
3302 3300 3304
3303 3305 3301
3302 3304 3306
3307 3305 3303
3306 3304 3308
3307 3309 3305
3306 3308 3310
3311 3309 3307
3310 3308 3312
3311 3313 3309
3310 3312 3314
3315 3313 3311
3314 3312 3316
3315 3317 3313
3314 3316 3318
3319 3317 3315
3318 3316 3320
3319 3321 3317
3318 3320 3322
3323 3321 3319
3322 3320 3324
3323 3325 3321
3322 3324 3326
3326 3325 3323
3326 3324 3325
3327 3328 3329
3327 3329 3330
3331 3328 3327
3330 3329 3332
3331 3333 3328
3330 3332 3334
3335 3333 3331
3334 3332 3336
3335 3337 3333
3334 3336 3338
3339 3337 3335
3338 3336 3340
3339 3341 3337
3338 3340 3342
3343 3341 3339
3342 3340 3344
3343 3345 3341
3342 3344 3346
3347 3345 3343
3346 3344 3348
3347 3349 3345
3346 3348 3350
3351 3349 3347
3350 3348 3352
3351 3353 3349
3350 3352 3354
3355 3353 3351
3354 3352 3356
3355 3357 3353
3354 3356 3358
3358 3357 3355
3358 3356 3357
3359 3360 3361
3359 3361 3362
3363 3360 3359
3362 3361 3364
3363 3365 3360
3362 3364 3366
3367 3365 3363
3366 3364 3368
3367 3369 3365
3366 3368 3370
3371 3369 3367
3370 3368 3372
3371 3373 3369
3370 3372 3374
3375 3373 3371
3374 3372 3376
3375 3377 3373
3374 3376 3378
3379 3377 3375
3378 3376 3380
3379 3381 3377
3378 3380 3382
3383 3381 3379
3382 3380 3384
3383 3385 3381
3382 3384 3386
3387 3385 3383
3386 3384 3388
3387 3389 3385
3386 3388 3390
3390 3389 3387
3390 3388 3389
3391 3392 3393
3391 3393 3394
3395 3392 3391
3394 3393 3396
3395 3397 3392
3394 3396 3398
3399 3397 3395
3398 3396 3400
3399 3401 3397
3398 3400 3402
3403 3401 3399
3402 3400 3404
3403 3405 3401
3402 3404 3406
3407 3405 3403
3406 3404 3408
3407 3409 3405
3406 3408 3410
3411 3409 3407
3410 3408 3412
3411 3413 3409
3410 3412 3414
3415 3413 3411
3414 3412 3416
3415 3417 3413
3414 3416 3418
3419 3417 3415
3418 3416 3420
3419 3421 3417
3418 3420 3422
3422 3421 3419
3422 3420 3421
3423 3424 3425
3423 3425 3426
3427 3424 3423
3426 3425 3428
3427 3429 3424
3426 3428 3430
3431 3429 3427
3430 3428 3432
3431 3433 3429
3430 3432 3434
3435 3433 3431
3434 3432 3436
3435 3437 3433
3434 3436 3438
3439 3437 3435
3438 3436 3440
3439 3441 3437
3438 3440 3442
3443 3441 3439
3442 3440 3444
3443 3445 3441
3442 3444 3446
3447 3445 3443
3446 3444 3448
3447 3449 3445
3446 3448 3450
3451 3449 3447
3450 3448 3452
3451 3453 3449
3450 3452 3454
3454 3453 3451
3454 3452 3453
3455 3456 3457
3455 3457 3458
3459 3456 3455
3458 3457 3460
3459 3461 3456
3458 3460 3462
3463 3461 3459
3462 3460 3464
3463 3465 3461
3462 3464 3466
3467 3465 3463
3466 3464 3468
3467 3469 3465
3466 3468 3470
3471 3469 3467
3470 3468 3472
3471 3473 3469
3470 3472 3474
3475 3473 3471
3474 3472 3476
3475 3477 3473
3474 3476 3478
3479 3477 3475
3478 3476 3480
3479 3481 3477
3478 3480 3482
3483 3481 3479
3482 3480 3484
3483 3485 3481
3482 3484 3486
3486 3485 3483
3486 3484 3485
3487 3488 3489
3487 3489 3490
3491 3488 3487
3490 3489 3492
3491 3493 3488
3490 3492 3494
3495 3493 3491
3494 3492 3496
3495 3497 3493
3494 3496 3498
3499 3497 3495
3498 3496 3500
3499 3501 3497
3498 3500 3502
3503 3501 3499
3502 3500 3504
3503 3505 3501
3502 3504 3506
3507 3505 3503
3506 3504 3508
3507 3509 3505
3506 3508 3510
3510 3509 3507
3510 3508 3509
3511 3512 3513
3511 3513 3514
3512 3515 3513
3516 3511 3514
3512 3517 3515
3516 3514 3518
3517 3519 3515
3520 3516 3518
3517 3521 3519
3520 3518 3522
3521 3523 3519
3524 3520 3522
3521 3525 3523
3524 3522 3526
3525 3527 3523
3528 3524 3526
3525 3529 3527
3528 3526 3530
3529 3531 3527
3532 3528 3530
3529 3533 3531
3532 3530 3534
3533 3532 3534
3533 3534 3531
