byte offset: 0
first index: 0
index count: 14529
topology: trianglelist
format: DXGI_FORMAT_R16_UINT

0 1 2
3 4 5
6 7 8
9 10 11
12 13 14
15 16 17
18 19 20
21 22 23
24 25 26
24 26 27
26 28 27
26 29 28
29 30 28
29 31 30
31 32 30
31 33 32
33 34 32
33 35 34
34 35 36
34 36 37
38 37 36
38 39 37
40 39 38
40 41 39
42 41 40
42 40 43
44 42 43
44 43 45
44 45 46
44 46 47
47 46 48
47 48 49
50 51 52
50 53 51
53 54 51
53 55 54
55 56 54
55 57 56
56 57 58
56 58 59
58 60 59
58 61 60
61 62 60
61 63 62
63 64 62
63 65 64
65 66 64
65 67 66
66 67 68
66 68 69
70 69 68
70 71 69
72 71 70
72 73 71
74 73 72
74 75 73
74 76 75
74 77 76
76 77 78
76 78 79
79 78 80
79 80 81
80 82 81
80 83 82
83 84 82
83 85 84
85 86 84
85 87 86
88 86 87
88 89 86
88 90 89
88 91 90
91 92 90
91 93 92
93 94 92
93 95 94
94 95 96
94 96 97
98 97 96
98 99 97
100 99 98
100 101 99
102 103 104
102 104 105
106 107 108
106 108 109
109 108 110
109 110 111
109 112 106
111 113 109
109 113 112
114 113 111
112 113 115
113 114 115
112 115 116
117 115 114
118 116 115
117 118 115
118 119 116
120 118 117
118 121 119
120 122 118
118 122 121
123 122 120
121 122 123
123 120 124
121 123 125
124 126 123
126 125 123
124 127 126
126 128 125
127 129 126
128 126 129
127 130 129
128 129 131
130 132 129
131 129 132
131 132 133
130 134 132
132 135 133
134 136 132
132 136 135
134 137 136
136 138 135
139 136 137
138 136 139
139 137 140
140 141 139
138 139 142
141 142 139
140 143 141
141 144 142
145 141 143
145 143 146
141 147 144
144 147 148
145 146 149
150 149 146
151 141 145
151 147 141
149 151 145
147 152 148
148 152 153
154 147 151
154 152 147
153 152 155
155 152 154
153 155 156
149 157 151
154 151 157
150 158 149
157 149 158
150 159 158
150 160 159
157 158 161
161 158 159
162 154 157
162 157 161
159 160 163
164 163 160
164 165 163
166 165 164
154 162 167
155 154 167
168 159 163
161 159 168
167 162 169
162 161 169
155 167 170
167 169 170
161 171 169
161 168 171
170 169 171
168 163 172
172 163 165
155 170 173
156 155 173
156 173 174
170 171 175
173 170 175
168 176 171
168 172 176
171 176 175
177 174 173
173 175 177
177 175 176
177 178 174
179 178 177
177 176 179
179 180 178
181 180 179
172 182 176
176 182 179
179 182 181
182 183 181
172 165 182
182 165 183
165 184 183
165 185 184
166 185 165
185 186 184
187 185 166
186 185 187
187 166 188
186 187 189
187 188 190
189 187 191
187 190 191
189 191 192
191 190 193
194 192 191
191 193 194
194 195 192
196 194 193
197 195 194
196 198 194
197 194 198
198 196 199
197 198 200
198 199 200
197 200 201
202 200 199
202 201 200
202 199 203
202 204 201
205 202 203
204 202 205
204 205 206
205 203 207
208 206 205
209 205 207
208 205 209
209 207 210
209 211 208
210 212 209
209 212 211
212 210 213
214 211 212
212 213 215
214 212 215
215 213 216
215 216 217
214 215 217
214 217 218
219 220 221
219 222 220
219 223 222
223 224 222
223 225 224
226 224 225
226 227 224
226 228 227
226 229 228
230 228 229
230 231 228
232 231 230
232 230 233
233 234 232
233 235 234
236 234 235
237 234 236
236 238 237
236 235 239
239 238 236
235 240 239
241 239 240
239 241 238
242 238 241
242 243 238
243 242 244
243 244 245
245 244 246
247 248 249
247 250 248
248 250 251
248 251 252
252 251 253
252 253 254
254 253 255
254 255 256
256 255 257
256 257 258
257 259 258
257 260 259
261 259 260
261 260 262
263 261 262
263 262 264
263 264 265
263 265 266
267 266 265
267 268 266
267 269 268
267 270 269
270 271 269
270 272 271
273 274 275
273 275 276
276 275 277
276 277 278
278 277 279
278 279 280
279 281 280
279 282 281
281 282 283
281 283 284
284 283 285
284 285 286
286 285 287
286 287 288
288 287 289
288 289 290
289 291 290
289 292 291
293 291 292
293 292 294
295 293 294
295 294 296
297 295 296
297 296 298
297 298 299
297 299 300
299 301 300
299 302 301
302 303 301
302 304 303
303 304 305
303 305 306
306 305 307
306 307 308
308 307 309
308 309 310
311 310 309
311 309 312
311 312 313
311 313 314
314 313 315
314 315 316
316 315 317
316 317 318
317 319 318
317 320 319
321 319 320
321 320 322
323 321 322
323 322 324
325 326 327
325 327 328
329 330 331
329 332 330
332 333 330
332 334 333
332 329 335
334 332 336
332 335 336
337 334 336
338 336 335
336 338 337
338 335 339
340 337 338
341 338 339
340 338 341
341 339 342
343 340 341
344 341 342
343 341 345
344 345 341
346 343 345
344 346 345
346 347 343
344 348 346
347 346 349
349 346 348
347 349 350
349 348 351
350 349 352
352 349 351
350 352 353
352 351 354
353 352 355
355 352 354
355 354 356
353 355 357
355 356 358
357 355 359
355 358 359
357 359 360
359 358 361
360 359 362
361 362 359
360 362 363
364 363 362
361 365 362
364 362 365
364 366 363
364 365 367
368 366 364
368 369 366
364 367 370
367 371 370
368 372 369
373 369 372
374 368 364
374 364 370
372 368 374
370 371 375
371 376 375
377 374 370
377 370 375
376 378 375
377 375 378
376 379 378
372 374 380
377 380 374
373 372 381
380 381 372
373 381 382
373 382 383
380 384 381
384 382 381
385 380 377
385 384 380
382 386 383
387 383 386
387 386 388
388 389 387
377 390 385
377 378 390
386 382 391
384 391 382
390 392 385
385 392 384
378 393 390
390 393 392
384 392 394
384 394 391
393 394 392
386 391 395
395 388 386
378 396 393
379 396 378
379 397 396
393 398 394
396 398 393
391 394 399
391 399 395
394 398 399
400 396 397
396 400 398
399 398 400
400 397 401
402 400 401
399 400 402
402 401 403
404 402 403
395 399 405
399 402 405
402 404 405
405 404 406
395 405 388
405 406 388
388 406 407
388 407 408
388 408 389
408 407 409
410 389 408
409 410 408
410 411 389
409 412 410
410 413 411
412 414 410
410 414 413
412 415 414
414 416 413
417 414 415
414 417 416
417 415 418
419 416 417
420 417 418
419 417 421
420 421 417
422 419 421
423 421 420
422 421 423
423 420 424
425 422 423
424 425 423
425 426 422
424 427 425
428 426 425
428 425 427
428 427 429
428 430 426
431 428 429
432 430 428
431 432 428
432 433 430
432 431 434
433 432 435
432 434 435
435 436 433
437 435 434
435 438 436
437 438 435
438 439 436
438 440 439
437 440 438
437 441 440
442 443 444
442 444 445
442 445 446
446 445 447
446 447 448
449 448 447
449 447 450
449 450 451
449 451 452
453 452 451
453 451 454
455 453 454
455 456 453
456 455 457
456 457 458
459 458 457
460 459 457
459 460 461
459 462 458
462 459 461
458 462 463
464 463 462
462 461 464
465 464 461
465 461 466
466 467 465
466 468 467
468 469 467
470 471 472
470 472 473
473 474 470
475 473 472
475 472 476
473 477 474
475 477 473
478 474 477
479 475 476
479 476 480
475 479 481
475 481 482
475 482 477
483 482 481
478 477 484
484 477 482
485 478 484
483 486 482
484 482 486
487 486 483
485 484 488
488 484 486
489 485 488
487 490 486
488 486 490
491 490 487
489 488 492
492 488 490
492 493 489
491 494 490
492 490 494
494 491 495
494 495 496
492 494 496
497 496 495
492 498 493
492 496 498
499 493 498
499 498 500
500 498 496
501 499 500
501 500 502
497 503 496
500 496 503
502 500 503
504 503 497
502 503 505
504 505 503
506 507 508
506 508 509
509 510 506
511 509 508
511 508 512
509 513 510
514 510 513
515 511 512
515 512 516
511 515 517
509 511 518
511 517 518
509 518 513
519 518 517
519 520 518
520 513 518
521 520 519
514 513 522
520 522 513
523 514 522
523 522 524
524 522 520
525 523 524
521 526 520
524 520 526
527 526 521
527 528 526
528 524 526
528 527 529
525 524 530
528 530 524
530 531 525
530 532 531
528 532 530
533 531 532
528 529 534
528 534 532
535 534 529
535 536 534
536 532 534
537 536 535
537 538 536
533 532 539
536 539 532
538 539 536
540 533 539
538 541 539
540 539 541
542 543 544
542 544 545
546 542 545
547 545 544
547 544 548
549 547 548
546 545 550
551 546 550
549 552 547
553 552 549
554 545 547
554 550 545
552 554 547
551 550 555
556 551 555
557 550 554
557 555 550
552 558 554
558 557 554
553 559 552
559 558 552
556 555 560
561 556 560
562 555 557
562 560 555
558 563 557
563 562 557
561 560 564
565 561 564
566 560 562
566 564 560
565 564 567
568 565 567
569 559 553
569 553 570
559 571 558
571 563 558
563 572 562
572 566 562
573 564 566
573 567 564
568 567 574
575 568 574
575 574 576
577 576 574
578 574 567
577 574 578
578 567 573
579 573 566
572 579 566
580 572 563
571 580 563
581 577 578
581 582 577
583 578 573
579 583 573
583 581 578
584 579 572
580 584 572
585 582 581
585 586 582
587 586 585
588 583 579
584 588 579
589 581 583
589 585 581
588 589 583
587 585 590
590 585 589
591 587 590
592 589 588
590 589 592
591 590 593
593 590 592
593 594 591
593 595 594
596 588 584
592 588 596
593 592 597
597 595 593
597 592 596
598 595 597
597 596 598
598 599 595
596 584 600
598 596 600
600 584 580
601 599 598
598 600 601
600 580 602
601 600 602
602 580 571
603 599 601
601 602 603
603 604 599
602 571 605
603 602 605
605 571 559
605 559 569
603 605 606
606 604 603
606 605 569
607 604 606
606 569 607
607 608 604
607 569 570
609 608 607
607 570 609
610 611 612
610 612 613
612 614 613
615 616 617
615 618 616
619 618 615
619 620 618
621 620 619
621 622 620
623 622 621
624 625 626
624 627 625
628 627 624
629 625 627
629 630 625
631 630 629
628 632 627
633 632 628
631 629 634
635 631 634
636 629 627
636 627 632
634 629 636
633 637 632
638 637 633
639 636 632
639 632 637
634 636 640
640 636 639
635 634 641
641 634 640
638 642 637
643 642 638
644 639 637
644 637 642
640 639 645
645 639 644
643 646 642
647 646 643
648 644 642
648 642 646
647 649 646
650 649 647
651 635 641
651 652 635
641 640 653
653 640 645
645 644 654
654 644 648
655 648 646
655 646 649
650 656 649
657 656 650
657 658 656
659 656 658
660 649 656
659 660 656
660 655 649
661 648 655
654 648 661
662 645 654
653 645 662
663 660 659
663 659 664
665 655 660
661 655 665
665 660 663
666 654 661
662 654 666
667 663 664
667 664 668
669 667 668
670 661 665
666 661 670
671 665 663
671 663 667
670 665 671
669 672 667
672 671 667
673 672 669
674 670 671
672 674 671
673 675 672
675 674 672
675 673 676
675 676 677
678 666 670
674 678 670
675 679 674
679 675 677
679 678 674
680 679 677
679 680 678
680 677 681
678 682 666
680 682 678
682 662 666
683 680 681
680 683 682
682 684 662
683 684 682
684 653 662
685 683 681
683 685 684
685 681 686
684 687 653
685 687 684
687 641 653
687 651 641
685 688 687
688 685 686
688 651 687
689 688 686
688 689 651
689 686 690
689 652 651
691 689 690
689 691 652
692 693 694
692 695 693
693 695 696
697 698 699
697 699 700
701 697 700
701 700 702
703 701 702
703 702 704
705 703 704
706 707 708
707 709 708
710 709 707
711 708 709
709 710 712
711 709 713
713 714 711
714 713 715
709 712 716
716 713 709
716 712 717
713 718 715
716 718 713
718 719 715
716 717 720
718 716 720
721 720 717
719 718 722
718 720 722
723 719 722
724 722 720
723 722 724
721 725 720
724 720 725
723 724 726
726 724 725
726 727 723
728 725 721
726 725 728
728 721 729
730 727 726
728 730 726
731 727 730
732 728 729
728 732 730
732 729 733
733 734 732
730 735 731
735 730 732
734 736 732
735 732 736
737 736 734
737 738 736
738 739 736
735 736 739
740 739 738
739 740 741
742 731 735
735 739 742
731 742 743
739 741 744
744 742 739
744 741 745
742 746 743
744 746 742
746 747 743
744 745 748
746 744 748
747 746 749
746 748 749
750 748 745
750 749 748
750 745 751
747 749 752
750 752 749
747 752 753
753 752 754
754 752 750
754 755 753
756 750 751
754 750 756
756 751 757
758 755 754
756 758 754
759 755 758
758 760 759
761 756 757
756 761 758
760 758 761
761 757 762
760 761 763
762 764 761
764 763 761
765 763 764
766 767 768
766 769 767
769 766 770
771 767 769
771 772 767
769 770 773
771 769 773
774 773 770
775 772 771
775 776 772
771 777 775
771 778 777
771 773 778
779 777 778
774 780 773
780 778 773
781 780 774
779 778 782
780 782 778
783 779 782
781 784 780
784 782 780
785 784 781
783 782 786
784 786 782
787 783 786
785 788 784
788 786 784
788 785 789
787 786 790
788 790 786
790 791 787
790 792 791
788 792 790
793 791 792
788 789 794
788 794 792
795 794 789
795 796 794
796 792 794
797 796 795
797 798 796
793 792 799
796 799 792
798 799 796
800 793 799
798 801 799
800 799 801
802 803 804
802 805 803
805 802 806
807 803 805
807 808 803
805 806 809
810 809 806
811 808 807
811 812 808
807 813 811
805 814 807
807 814 813
805 809 814
815 813 814
815 814 816
816 814 809
817 815 816
810 818 809
816 809 818
819 818 810
819 820 818
820 816 818
821 820 819
817 816 822
820 822 816
823 817 822
823 822 824
824 822 820
824 825 823
821 826 820
824 820 826
826 821 827
826 827 828
824 826 828
829 828 827
824 830 825
824 828 830
831 825 830
831 830 832
832 830 828
833 831 832
833 832 834
829 835 828
832 828 835
834 832 835
836 835 829
834 835 837
836 837 835
838 839 840
838 841 839
842 841 838
843 839 841
843 844 839
845 844 843
842 846 841
847 846 842
845 843 848
849 845 848
850 843 841
850 841 846
848 843 850
847 851 846
852 851 847
853 850 846
853 846 851
848 850 854
854 850 853
849 848 855
855 848 854
852 856 851
857 856 852
858 853 851
858 851 856
854 853 859
859 853 858
857 860 856
861 860 857
862 858 856
862 856 860
861 863 860
864 863 861
865 849 855
865 866 849
855 854 867
867 854 859
859 858 868
868 858 862
869 862 860
869 860 863
864 870 863
871 870 864
871 872 870
873 870 872
874 863 870
873 874 870
874 869 863
875 862 869
868 862 875
876 859 868
867 859 876
877 874 873
877 873 878
879 869 874
875 869 879
879 874 877
880 868 875
876 868 880
881 877 878
881 878 882
883 881 882
884 875 879
880 875 884
885 879 877
885 877 881
884 879 885
883 886 881
886 885 881
887 886 883
888 884 885
886 888 885
887 889 886
889 888 886
889 887 890
889 890 891
892 880 884
888 892 884
889 893 888
893 889 891
893 892 888
894 893 891
893 894 892
894 891 895
892 896 880
894 896 892
896 876 880
897 894 895
894 897 896
896 898 876
897 898 896
898 867 876
899 897 895
897 899 898
899 895 900
898 901 867
899 901 898
901 855 867
901 865 855
899 902 901
902 899 900
902 865 901
903 902 900
902 903 865
903 900 904
903 866 865
905 903 904
903 905 866
906 907 908
906 909 907
907 909 910
911 912 913
911 913 914
915 911 914
915 914 916
917 915 916
917 916 918
919 917 918
920 921 922
920 922 923
924 920 923
925 923 922
925 922 926
927 925 926
924 923 928
929 924 928
927 930 925
931 930 927
932 923 925
932 928 923
930 932 925
929 928 933
934 929 933
935 928 932
935 933 928
930 936 932
936 935 932
931 937 930
937 936 930
934 933 938
939 934 938
940 933 935
940 938 933
936 941 935
941 940 935
939 938 942
943 939 942
944 938 940
944 942 938
943 942 945
946 943 945
947 937 931
947 931 948
937 949 936
949 941 936
941 950 940
950 944 940
951 942 944
951 945 942
946 945 952
953 946 952
953 952 954
955 954 952
956 952 945
955 952 956
956 945 951
957 951 944
950 957 944
958 950 941
949 958 941
959 955 956
959 960 955
961 956 951
957 961 951
961 959 956
962 957 950
958 962 950
963 960 959
963 964 960
965 964 963
966 961 957
962 966 957
967 959 961
967 963 959
966 967 961
965 963 968
968 963 967
969 965 968
970 967 966
968 967 970
969 968 971
971 968 970
971 972 969
971 973 972
974 966 962
970 966 974
971 970 975
975 973 971
975 970 974
976 973 975
975 974 976
976 977 973
974 962 978
976 974 978
978 962 958
979 977 976
976 978 979
978 958 980
979 978 980
980 958 949
981 977 979
979 980 981
981 982 977
980 949 983
981 980 983
983 949 937
983 937 947
981 983 984
984 982 981
984 983 947
985 982 984
984 947 985
985 986 982
985 947 948
987 986 985
985 948 987
988 989 990
988 990 991
990 992 991
993 994 995
993 996 994
997 996 993
997 998 996
999 998 997
999 1000 998
1001 1000 999
1002 1003 1004
1004 1003 1005
1006 1004 1005
1007 1005 1003
1005 1008 1006
1007 1009 1005
1009 1007 1010
1010 1011 1009
1005 1012 1008
1012 1005 1009
1012 1013 1008
1009 1011 1014
1012 1009 1014
1014 1011 1015
1012 1016 1013
1014 1016 1012
1017 1013 1016
1015 1018 1014
1014 1018 1016
1019 1018 1015
1020 1016 1018
1019 1020 1018
1017 1016 1021
1020 1021 1016
1019 1022 1020
1022 1021 1020
1022 1019 1023
1024 1017 1021
1022 1024 1021
1024 1025 1017
1026 1022 1023
1024 1022 1026
1027 1026 1023
1028 1025 1024
1024 1026 1028
1028 1029 1025
1029 1028 1030
1026 1027 1031
1031 1028 1026
1030 1028 1032
1031 1032 1028
1033 1030 1032
1033 1032 1034
1034 1032 1035
1031 1035 1032
1036 1034 1035
1035 1037 1036
1038 1031 1027
1031 1038 1035
1027 1039 1038
1035 1040 1037
1040 1035 1038
1040 1041 1037
1038 1039 1042
1040 1038 1042
1042 1039 1043
1040 1044 1041
1042 1044 1040
1043 1045 1042
1042 1045 1044
1046 1041 1044
1046 1044 1045
1046 1047 1041
1043 1048 1045
1046 1045 1048
1043 1049 1048
1049 1050 1048
1050 1046 1048
1050 1049 1051
1052 1047 1046
1050 1052 1046
1052 1053 1047
1054 1050 1051
1052 1050 1054
1055 1054 1051
1054 1055 1056
1057 1053 1052
1052 1054 1057
1056 1057 1054
1057 1058 1053
1056 1059 1057
1058 1057 1060
1060 1057 1059
1061 1060 1059
1062 1063 1064
1062 1065 1063
1066 1065 1062
1065 1067 1063
1066 1068 1065
1069 1068 1066
1065 1070 1067
1068 1070 1065
1070 1071 1067
1069 1072 1068
1073 1072 1069
1070 1074 1071
1075 1071 1074
1075 1074 1076
1068 1077 1070
1077 1074 1070
1072 1077 1068
1076 1074 1078
1077 1078 1074
1076 1078 1079
1073 1080 1072
1081 1080 1073
1072 1082 1077
1082 1078 1077
1080 1082 1072
1079 1078 1083
1082 1083 1078
1079 1083 1084
1081 1085 1080
1086 1085 1081
1080 1087 1082
1087 1083 1082
1085 1087 1080
1084 1083 1088
1087 1088 1083
1084 1088 1089
1086 1090 1085
1091 1090 1086
1085 1092 1087
1092 1088 1087
1090 1092 1085
1089 1088 1093
1092 1093 1088
1089 1093 1094
1091 1095 1090
1096 1095 1091
1090 1097 1092
1097 1093 1092
1095 1097 1090
1094 1093 1098
1097 1098 1093
1094 1098 1099
1096 1100 1095
1101 1100 1096
1095 1102 1097
1102 1098 1097
1100 1102 1095
1099 1098 1103
1102 1103 1098
1099 1103 1104
1101 1105 1100
1106 1105 1101
1100 1107 1102
1107 1103 1102
1105 1107 1100
1104 1103 1108
1107 1108 1103
1104 1108 1109
1106 1110 1105
1111 1110 1106
1105 1112 1107
1112 1108 1107
1110 1112 1105
1109 1108 1113
1112 1113 1108
1109 1113 1114
1111 1115 1110
1116 1115 1111
1110 1117 1112
1117 1113 1112
1115 1117 1110
1114 1113 1118
1117 1118 1113
1114 1118 1119
1116 1120 1115
1121 1120 1116
1115 1122 1117
1122 1118 1117
1120 1122 1115
1119 1118 1123
1122 1123 1118
1119 1123 1124
1121 1125 1120
1126 1125 1121
1120 1127 1122
1127 1123 1122
1125 1127 1120
1124 1123 1128
1127 1128 1123
1124 1128 1129
1126 1130 1125
1131 1130 1126
1125 1132 1127
1132 1128 1127
1130 1132 1125
1129 1128 1133
1132 1133 1128
1129 1133 1134
1131 1135 1130
1136 1135 1131
1130 1137 1132
1137 1133 1132
1135 1137 1130
1134 1133 1138
1137 1138 1133
1134 1138 1139
1136 1140 1135
1141 1140 1136
1135 1142 1137
1142 1138 1137
1140 1142 1135
1139 1138 1143
1142 1143 1138
1139 1143 1144
1141 1145 1140
1146 1145 1141
1140 1147 1142
1147 1143 1142
1145 1147 1140
1144 1143 1148
1147 1148 1143
1144 1148 1149
1146 1150 1145
1151 1150 1146
1145 1152 1147
1152 1148 1147
1150 1152 1145
1149 1148 1153
1152 1153 1148
1149 1153 1154
1151 1155 1150
1156 1155 1151
1150 1157 1152
1157 1153 1152
1155 1157 1150
1154 1153 1158
1157 1158 1153
1154 1158 1159
1156 1160 1155
1161 1160 1156
1155 1162 1157
1162 1158 1157
1160 1162 1155
1159 1158 1163
1162 1163 1158
1159 1163 1164
1161 1165 1160
1166 1165 1161
1160 1167 1162
1167 1163 1162
1165 1167 1160
1164 1163 1168
1167 1168 1163
1164 1168 1169
1166 1170 1165
1171 1170 1166
1165 1172 1167
1172 1168 1167
1170 1172 1165
1169 1168 1173
1172 1173 1168
1169 1173 1174
1171 1175 1170
1176 1175 1171
1170 1177 1172
1177 1173 1172
1175 1177 1170
1174 1173 1178
1177 1178 1173
1174 1178 1179
1176 1180 1175
1181 1180 1176
1175 1182 1177
1182 1178 1177
1180 1182 1175
1179 1178 1183
1182 1183 1178
1179 1183 1184
1181 1185 1180
1186 1185 1181
1180 1187 1182
1187 1183 1182
1185 1187 1180
1184 1183 1188
1187 1188 1183
1184 1188 1189
1186 1190 1185
1191 1190 1186
1185 1192 1187
1192 1188 1187
1190 1192 1185
1189 1188 1193
1192 1193 1188
1189 1193 1194
1191 1195 1190
1196 1195 1191
1196 1197 1195
1190 1198 1192
1198 1193 1192
1195 1198 1190
1194 1193 1199
1198 1199 1193
1194 1199 1200
1199 1201 1200
1197 1202 1195
1195 1202 1198
1202 1199 1198
1197 1203 1202
1199 1204 1201
1202 1204 1199
1203 1204 1202
1204 1205 1201
1203 1206 1204
1204 1206 1205
1207 1208 1209
1207 1210 1208
1207 1211 1210
1207 1212 1211
1212 1213 1211
1212 1214 1213
1214 1215 1213
1214 1216 1215
1216 1217 1215
1216 1218 1217
1218 1219 1217
1218 1220 1219
1220 1221 1219
1220 1222 1221
1222 1223 1221
1222 1224 1223
1224 1225 1223
1224 1226 1225
1226 1227 1225
1226 1228 1227
1229 1227 1228
1229 1230 1227
1229 1231 1230
1229 1232 1231
1233 1231 1232
1233 1232 1234
1235 1233 1234
1235 1234 1236
1237 1235 1236
1237 1236 1238
1239 1237 1238
1239 1238 1240
1241 1239 1240
1241 1240 1242
1242 1243 1241
1242 1244 1243
1244 1245 1243
1244 1246 1245
1247 1245 1246
1247 1246 1248
1248 1249 1247
1248 1250 1249
1250 1251 1249
1250 1252 1251
1253 1251 1252
1253 1252 1254
1254 1255 1253
1254 1256 1255
1256 1257 1255
1256 1258 1257
1259 1257 1258
1259 1258 1260
1261 1259 1260
1261 1260 1262
1263 1261 1262
1263 1262 1264
1265 1263 1264
1266 1267 1268
1266 1269 1267
1269 1270 1267
1269 1271 1270
1271 1272 1270
1271 1273 1272
1273 1274 1272
1273 1275 1274
1274 1275 1276
1277 1278 1279
1277 1279 1280
1281 1280 1279
1282 1283 1284
1282 1285 1283
1285 1282 1286
1285 1287 1283
1285 1286 1288
1289 1288 1286
1285 1290 1287
1288 1290 1285
1290 1291 1287
1292 1288 1289
1292 1289 1293
1294 1292 1293
1288 1295 1290
1295 1288 1292
1290 1296 1291
1295 1296 1290
1297 1291 1296
1294 1298 1292
1299 1298 1294
1295 1292 1300
1300 1292 1298
1295 1301 1296
1301 1295 1300
1297 1296 1302
1302 1296 1301
1303 1297 1302
1303 1304 1297
1305 1304 1303
1305 1306 1304
1307 1306 1305
1307 1308 1306
1309 1308 1307
1309 1310 1308
1311 1309 1307
1312 1311 1307
1312 1307 1305
1313 1311 1312
1314 1305 1303
1312 1305 1314
1315 1303 1302
1314 1303 1315
1302 1301 1316
1315 1302 1316
1317 1313 1312
1317 1318 1313
1319 1318 1317
1320 1312 1314
1320 1314 1315
1320 1317 1312
1319 1317 1321
1321 1317 1320
1320 1315 1322
1322 1315 1316
1316 1301 1323
1301 1300 1323
1319 1321 1324
1319 1324 1325
1321 1320 1326
1326 1320 1322
1324 1321 1326
1322 1316 1327
1316 1323 1327
1323 1300 1328
1300 1298 1328
1329 1325 1324
1329 1330 1325
1327 1323 1331
1323 1328 1331
1328 1298 1332
1299 1332 1298
1331 1328 1333
1328 1332 1333
1299 1334 1332
1334 1333 1332
1299 1335 1334
1327 1331 1336
1331 1333 1336
1337 1334 1335
1337 1335 1338
1334 1339 1333
1336 1333 1339
1337 1339 1334
1327 1336 1340
1322 1327 1340
1338 1341 1337
1338 1342 1341
1343 1341 1342
1337 1344 1339
1341 1344 1337
1336 1339 1345
1340 1336 1345
1322 1340 1346
1326 1322 1346
1343 1347 1341
1347 1343 1348
1347 1348 1349
1347 1349 1350
1339 1351 1345
1339 1344 1351
1340 1345 1352
1352 1345 1351
1346 1340 1352
1353 1341 1347
1341 1353 1344
1350 1354 1347
1353 1347 1354
1350 1355 1354
1344 1356 1351
1344 1353 1356
1356 1352 1351
1357 1354 1355
1353 1354 1357
1353 1357 1356
1357 1355 1358
1359 1357 1358
1356 1357 1359
1359 1358 1360
1356 1361 1352
1356 1359 1361
1362 1359 1360
1361 1359 1362
1362 1360 1363
1361 1364 1352
1346 1352 1364
1365 1362 1363
1365 1363 1366
1361 1362 1367
1361 1367 1364
1367 1362 1365
1368 1365 1366
1368 1366 1369
1367 1365 1370
1370 1365 1368
1367 1371 1364
1367 1370 1371
1372 1346 1364
1372 1364 1371
1369 1373 1368
1369 1374 1373
1375 1368 1373
1370 1368 1375
1375 1373 1376
1377 1375 1376
1370 1375 1378
1377 1378 1375
1370 1378 1371
1378 1377 1330
1378 1330 1329
1329 1371 1378
1329 1372 1371
1324 1372 1329
1379 1346 1372
1324 1379 1372
1326 1346 1379
1324 1326 1379
1380 1381 1382
1380 1382 1383
1380 1383 1384
1380 1384 1385
1383 1386 1384
1387 1383 1382
1383 1387 1386
1387 1382 1388
1389 1386 1387
1390 1387 1388
1389 1387 1390
1390 1388 1391
1392 1389 1390
1390 1391 1393
1392 1390 1394
1390 1393 1394
1394 1395 1392
1394 1393 1396
1394 1397 1395
1394 1396 1397
1398 1395 1397
1397 1396 1399
1398 1397 1400
1397 1399 1400
1401 1398 1400
1401 1400 1402
1403 1400 1399
1403 1402 1400
1403 1399 1404
1402 1403 1405
1406 1407 1408
1407 1406 1409
1410 1409 1406
1410 1411 1409
1407 1409 1412
1407 1412 1413
1414 1412 1409
1415 1409 1411
1414 1409 1415
1415 1411 1416
1417 1414 1415
1418 1415 1416
1417 1415 1418
1418 1416 1419
1420 1417 1418
1421 1418 1419
1420 1418 1421
1421 1419 1422
1423 1421 1422
1421 1424 1420
1423 1425 1421
1421 1425 1424
1426 1425 1423
1427 1424 1425
1426 1427 1425
1427 1428 1424
1429 1427 1426
1427 1430 1428
1429 1431 1427
1427 1431 1430
1432 1433 1434
1432 1435 1433
1436 1435 1432
1436 1437 1435
1438 1437 1436
1438 1439 1437
1438 1440 1439
1438 1441 1440
1442 1440 1441
1442 1443 1440
1444 1443 1442
1444 1445 1443
1446 1445 1444
1446 1447 1445
1448 1449 1450
1448 1450 1451
1451 1450 1452
1451 1452 1453
1453 1452 1454
1453 1454 1455
1455 1454 1456
1455 1456 1457
1457 1456 1458
1457 1458 1459
1459 1458 1460
1459 1460 1461
1461 1460 1462
1461 1462 1463
1464 1465 1466
1464 1467 1465
1468 1467 1464
1468 1469 1467
1470 1469 1468
1470 1471 1469
1472 1471 1470
1472 1473 1471
1474 1473 1472
1474 1475 1473
1476 1475 1474
1476 1477 1475
1478 1477 1476
1478 1479 1477
1480 1481 1482
1480 1483 1481
1484 1483 1480
1484 1485 1483
1486 1485 1484
1486 1487 1485
1488 1487 1486
1488 1489 1487
1490 1489 1488
1490 1491 1489
1492 1491 1490
1492 1493 1491
1494 1493 1492
1494 1495 1493
1496 1497 1498
1496 1498 1499
1500 1501 1502
1500 1502 1503
1504 1500 1503
1502 1505 1503
1502 1506 1505
1503 1505 1507
1504 1503 1508
1503 1507 1508
1509 1504 1508
1510 1508 1507
1509 1508 1510
1510 1507 1511
1509 1510 1512
1511 1512 1510
1509 1512 1513
1513 1512 1514
1511 1515 1512
1515 1514 1512
1513 1514 1516
1517 1516 1514
1515 1518 1514
1517 1514 1519
1520 1514 1518
1520 1519 1514
1520 1518 1521
1519 1520 1522
1523 1524 1525
1523 1525 1526
1527 1523 1526
1526 1525 1528
1527 1526 1529
1526 1528 1530
1529 1526 1530
1530 1528 1531
1529 1530 1532
1530 1531 1533
1532 1530 1533
1533 1531 1534
1532 1533 1535
1533 1534 1536
1535 1533 1536
1535 1536 1537
1538 1537 1536
1536 1534 1539
1538 1536 1540
1536 1539 1540
1541 1538 1540
1541 1540 1542
1543 1540 1539
1543 1542 1540
1543 1539 1544
1542 1543 1545
1546 1547 1548
1546 1548 1549
1549 1548 1550
1549 1550 1551
1552 1551 1550
1552 1553 1551
1554 1553 1552
1554 1555 1553
1556 1555 1554
1556 1557 1555
1558 1557 1556
1558 1559 1557
1560 1559 1558
1560 1561 1559
1562 1561 1560
1562 1563 1561
1564 1565 1566
1564 1566 1567
1568 1569 1570
1568 1570 1571
1571 1570 1572
1571 1572 1573
1573 1572 1574
1573 1574 1575
1575 1574 1576
1575 1576 1577
1577 1576 1578
1577 1578 1579
1579 1578 1580
1579 1580 1581
1581 1580 1582
1581 1582 1583
1583 1582 1584
1583 1584 1585
1586 1587 1588
1586 1589 1587
1590 1589 1586
1590 1586 1591
1592 1590 1591
1592 1593 1590
1594 1593 1592
1594 1595 1593
1596 1595 1594
1596 1597 1595
1598 1597 1596
1598 1599 1597
1600 1599 1598
1600 1601 1599
1602 1601 1600
1602 1603 1601
1604 1605 1606
1604 1606 1607
1604 1607 1608
1604 1608 1609
1609 1608 1610
1609 1610 1611
1611 1610 1612
1611 1612 1613
1614 1613 1612
1614 1615 1613
1616 1615 1614
1616 1617 1615
1616 1618 1617
1616 1619 1618
1619 1620 1618
1619 1621 1620
1622 1623 1624
1622 1625 1623
1626 1625 1622
1626 1627 1625
1628 1627 1626
1628 1629 1627
1630 1629 1628
1630 1631 1629
1632 1631 1630
1632 1633 1631
1634 1633 1632
1634 1635 1633
1636 1637 1638
1636 1639 1637
1640 1639 1636
1640 1641 1639
1642 1641 1640
1642 1643 1641
1644 1643 1642
1644 1645 1643
1646 1645 1644
1646 1647 1645
1648 1647 1646
1648 1649 1647
1650 1651 1652
1650 1653 1651
1654 1653 1650
1651 1653 1655
1651 1655 1656
1655 1657 1656
1654 1658 1653
1659 1658 1654
1653 1660 1655
1653 1658 1660
1655 1661 1657
1660 1661 1655
1661 1662 1657
1659 1663 1658
1664 1663 1659
1658 1665 1660
1658 1663 1665
1660 1666 1661
1665 1666 1660
1661 1667 1662
1666 1667 1661
1667 1668 1662
1664 1669 1663
1670 1669 1664
1663 1671 1665
1663 1669 1671
1665 1672 1666
1671 1672 1665
1666 1673 1667
1672 1673 1666
1667 1674 1668
1673 1674 1667
1674 1675 1668
1670 1676 1669
1677 1676 1670
1669 1678 1671
1669 1676 1678
1671 1679 1672
1678 1679 1671
1672 1680 1673
1679 1680 1672
1673 1681 1674
1680 1681 1673
1674 1682 1675
1681 1682 1674
1682 1683 1675
1677 1684 1676
1685 1684 1677
1676 1686 1678
1676 1684 1686
1678 1687 1679
1686 1687 1678
1679 1688 1680
1687 1688 1679
1680 1689 1681
1688 1689 1680
1681 1690 1682
1689 1690 1681
1682 1691 1683
1690 1691 1682
1691 1692 1683
1691 1693 1692
1694 1693 1691
1690 1694 1691
1694 1695 1693
1689 1696 1690
1696 1694 1690
1688 1697 1689
1697 1696 1689
1687 1698 1688
1698 1697 1688
1699 1695 1694
1696 1699 1694
1697 1700 1696
1700 1699 1696
1701 1695 1699
1700 1701 1699
1701 1702 1695
1703 1702 1701
1704 1700 1697
1698 1704 1697
1705 1701 1700
1705 1703 1701
1704 1705 1700
1706 1698 1687
1686 1706 1687
1707 1704 1698
1706 1707 1698
1708 1705 1704
1707 1708 1704
1709 1703 1705
1708 1709 1705
1710 1706 1686
1684 1710 1686
1711 1707 1706
1710 1711 1706
1712 1703 1709
1712 1713 1703
1714 1708 1707
1711 1714 1707
1715 1709 1708
1715 1712 1709
1714 1715 1708
1684 1716 1710
1685 1716 1684
1717 1716 1685
1718 1711 1710
1716 1718 1710
1717 1719 1716
1716 1719 1718
1720 1719 1717
1721 1714 1711
1718 1721 1711
1722 1715 1714
1721 1722 1714
1723 1712 1715
1722 1723 1715
1720 1724 1719
1725 1724 1720
1719 1726 1718
1726 1721 1718
1719 1724 1726
1727 1722 1721
1726 1727 1721
1725 1728 1724
1729 1728 1725
1724 1730 1726
1730 1727 1726
1724 1728 1730
1727 1731 1722
1731 1723 1722
1723 1732 1712
1732 1713 1712
1729 1733 1728
1734 1733 1729
1728 1735 1730
1728 1733 1735
1730 1736 1727
1736 1731 1727
1735 1736 1730
1731 1737 1723
1737 1732 1723
1738 1713 1732
1737 1738 1732
1738 1739 1713
1734 1740 1733
1741 1740 1734
1733 1742 1735
1733 1740 1742
1735 1743 1736
1742 1743 1735
1736 1744 1731
1744 1737 1731
1743 1744 1736
1745 1738 1737
1744 1745 1737
1746 1739 1738
1745 1746 1738
1747 1739 1746
1741 1748 1740
1749 1748 1741
1740 1750 1742
1740 1748 1750
1742 1751 1743
1750 1751 1742
1743 1752 1744
1752 1745 1744
1751 1752 1743
1753 1746 1745
1752 1753 1745
1753 1747 1746
1749 1754 1748
1755 1754 1749
1748 1756 1750
1748 1754 1756
1750 1757 1751
1756 1757 1750
1751 1758 1752
1758 1753 1752
1757 1758 1751
1759 1747 1753
1758 1759 1753
1755 1760 1754
1761 1760 1755
1754 1762 1756
1754 1760 1762
1756 1763 1757
1762 1763 1756
1757 1764 1758
1764 1759 1758
1763 1764 1757
1765 1747 1759
1764 1765 1759
1765 1766 1747
1761 1767 1760
1768 1767 1761
1760 1769 1762
1760 1767 1769
1762 1770 1763
1769 1770 1762
1763 1771 1764
1771 1765 1764
1770 1771 1763
1772 1766 1765
1771 1772 1765
1772 1773 1766
1768 1774 1767
1775 1774 1768
1767 1776 1769
1767 1774 1776
1770 1777 1771
1777 1772 1771
1778 1773 1772
1777 1778 1772
1778 1779 1773
1780 1779 1778
1769 1781 1770
1781 1777 1770
1776 1781 1769
1782 1780 1778
1782 1778 1777
1781 1782 1777
1782 1783 1780
1784 1783 1782
1784 1782 1781
1776 1784 1781
1785 1784 1776
1774 1785 1776
1774 1786 1785
1775 1786 1774
1775 1787 1786
1787 1785 1786
1775 1788 1787
1787 1789 1785
1785 1789 1790
1788 1791 1787
1791 1789 1787
1788 1792 1791
1792 1793 1791
1792 1794 1793
1791 1795 1789
1793 1795 1791
1789 1796 1790
1789 1795 1796
1794 1797 1793
1794 1798 1797
1793 1799 1795
1797 1799 1793
1798 1800 1797
1798 1801 1800
1790 1796 1802
1790 1802 1803
1802 1804 1803
1795 1805 1796
1795 1799 1805
1797 1806 1799
1800 1806 1797
1801 1807 1800
1801 1808 1807
1796 1809 1802
1796 1805 1809
1802 1810 1804
1802 1809 1810
1804 1810 1811
1810 1812 1811
1810 1813 1812
1809 1813 1810
1813 1814 1812
1805 1815 1809
1809 1815 1813
1813 1816 1814
1815 1816 1813
1816 1817 1814
1805 1818 1815
1799 1818 1805
1799 1806 1818
1815 1819 1816
1818 1819 1815
1806 1820 1818
1818 1820 1819
1819 1821 1816
1816 1821 1817
1819 1822 1821
1820 1822 1819
1806 1823 1820
1800 1823 1806
1807 1823 1800
1821 1824 1817
1822 1824 1821
1823 1825 1820
1820 1825 1822
1807 1826 1823
1823 1826 1825
1825 1827 1822
1822 1827 1824
1824 1828 1817
1817 1828 1829
1824 1830 1828
1827 1830 1824
1828 1831 1829
1830 1831 1828
1831 1832 1829
1825 1833 1827
1826 1833 1825
1834 1826 1807
1808 1834 1807
1808 1835 1834
1827 1836 1830
1833 1836 1827
1830 1837 1831
1836 1837 1830
1831 1838 1832
1837 1838 1831
1834 1839 1826
1826 1839 1833
1835 1840 1834
1840 1839 1834
1835 1841 1840
1833 1842 1836
1839 1842 1833
1838 1843 1832
1843 1844 1832
1836 1845 1837
1842 1845 1836
1837 1846 1838
1846 1843 1838
1845 1846 1837
1841 1847 1840
1841 1848 1847
1840 1849 1839
1839 1849 1842
1847 1849 1840
1842 1850 1845
1849 1850 1842
1845 1851 1846
1850 1851 1845
1846 1852 1843
1851 1852 1846
1848 1853 1847
1848 1854 1853
1847 1855 1849
1849 1855 1850
1853 1855 1847
1850 1856 1851
1855 1856 1850
1854 1857 1853
1854 1858 1857
1853 1859 1855
1855 1859 1856
1857 1859 1853
1856 1860 1851
1851 1860 1852
1852 1861 1843
1843 1861 1844
1858 1862 1857
1858 1863 1862
1857 1864 1859
1862 1864 1857
1859 1865 1856
1856 1865 1860
1859 1864 1865
1860 1866 1852
1852 1866 1861
1861 1867 1844
1866 1867 1861
1863 1868 1862
1863 1869 1868
1862 1870 1864
1868 1870 1862
1864 1871 1865
1864 1870 1871
1865 1872 1860
1860 1872 1866
1865 1871 1872
1869 1873 1868
1869 1874 1873
1868 1875 1870
1873 1875 1868
1872 1876 1866
1866 1876 1867
1870 1877 1871
1870 1875 1877
1871 1878 1872
1872 1878 1876
1871 1877 1878
1874 1879 1873
1874 1880 1879
1873 1881 1875
1879 1881 1873
1875 1882 1877
1875 1881 1882
1877 1883 1878
1877 1882 1883
1878 1884 1876
1878 1883 1884
1876 1885 1867
1876 1884 1885
1880 1886 1879
1880 1887 1886
1879 1888 1881
1886 1888 1879
1881 1889 1882
1881 1888 1889
1882 1890 1883
1882 1889 1890
1883 1891 1884
1883 1890 1891
1887 1892 1886
1887 1893 1892
1886 1894 1888
1892 1894 1886
1888 1895 1889
1888 1894 1895
1889 1896 1890
1889 1895 1896
1893 1897 1892
1893 1898 1897
1897 1899 1892
1892 1899 1894
1897 1900 1899
1899 1900 1901
1894 1899 1902
1899 1901 1902
1894 1902 1895
1902 1901 1903
1895 1902 1904
1902 1903 1904
1895 1904 1896
1904 1903 1905
1904 1905 1906
1896 1904 1906
1906 1905 1907
1896 1906 1908
1890 1896 1908
1890 1908 1891
1906 1907 1909
1908 1906 1909
1909 1907 1910
1891 1908 1911
1908 1909 1911
1909 1910 1912
1911 1909 1912
1912 1910 1913
1912 1913 1914
1915 1912 1914
1911 1912 1915
1915 1914 1916
1891 1911 1917
1917 1911 1915
1884 1891 1917
1884 1917 1885
1917 1915 1918
1918 1915 1916
1885 1917 1918
1919 1918 1916
1885 1918 1919
1919 1916 1920
1867 1885 1919
1844 1919 1920
1867 1919 1844
1921 1922 1923
1921 1923 1924
1925 1921 1924
1925 1924 1926
1927 1925 1926
1927 1926 1928
1929 1927 1928
1929 1928 1930
1931 1929 1930
1931 1930 1932
1933 1931 1932
1933 1932 1934
1935 1933 1934
1935 1934 1936
1937 1935 1936
1937 1936 1938
1939 1937 1938
1939 1938 1940
1941 1939 1940
1941 1940 1942
1943 1941 1942
1943 1942 1944
1945 1943 1944
1945 1944 1946
1947 1945 1946
1947 1946 1948
1949 1947 1948
1949 1948 1950
1951 1949 1950
1951 1950 1952
1953 1951 1952
1953 1952 1954
1955 1953 1954
1955 1954 1956
1957 1955 1956
1957 1956 1958
1957 1958 1959
1957 1959 1960
1960 1959 1961
1960 1961 1962
1962 1961 1963
1962 1963 1964
1965 1964 1963
1965 1963 1966
1967 1965 1966
1967 1966 1968
1969 1967 1968
1969 1968 1970
1971 1969 1970
1971 1970 1972
1973 1971 1972
1973 1972 1974
1975 1973 1974
1975 1974 1976
1977 1975 1976
1977 1976 1978
1979 1977 1978
1979 1978 1980
1981 1979 1980
1981 1980 1982
1983 1981 1982
1983 1982 1984
1985 1983 1984
1985 1984 1986
1987 1985 1986
1987 1986 1988
1989 1987 1988
1989 1988 1990
1991 1989 1990
1991 1990 1992
1993 1991 1992
1993 1992 1994
1995 1996 1997
1995 1997 1998
1998 1997 1999
1998 1999 2000
2000 1999 2001
2000 2001 2002
2002 2001 2003
2004 2005 2006
2004 2007 2005
2007 2008 2005
2007 2009 2008
2009 2010 2008
2009 2011 2010
2011 2012 2010
2013 2014 2015
2013 2015 2016
2016 2015 2017
2016 2017 2018
2018 2017 2019
2018 2019 2020
2021 2022 2023
2021 2023 2024
2024 2023 2025
2024 2025 2026
2026 2025 2027
2026 2027 2028
2029 2030 2031
2029 2031 2032
2032 2031 2033
2032 2033 2034
2035 2034 2033
2035 2036 2034
2036 2035 2037
2036 2037 2038
2038 2037 2039
2038 2039 2040
2040 2039 2041
2040 2041 2042
2042 2041 2043
2042 2043 2044
2044 2043 2045
2044 2045 2046
2046 2045 2047
2046 2047 2048
2048 2047 2049
2048 2049 2050
2051 2052 2053
2054 2053 2052
2051 2053 2055
2055 2056 2051
2055 2057 2056
2057 2058 2056
2059 2057 2055
2053 2059 2055
2057 2060 2058
2059 2060 2057
2060 2061 2058
2054 2062 2053
2063 2062 2054
2060 2064 2061
2064 2065 2061
2066 2053 2062
2059 2053 2066
2063 2067 2062
2067 2066 2062
2068 2067 2063
2059 2069 2060
2069 2064 2060
2070 2059 2066
2067 2070 2066
2070 2069 2059
2068 2071 2067
2067 2071 2070
2072 2071 2068
2073 2070 2071
2072 2073 2071
2069 2070 2074
2073 2074 2070
2072 2075 2073
2075 2074 2073
2072 2076 2075
2069 2077 2064
2069 2074 2077
2075 2078 2074
2078 2077 2074
2077 2079 2064
2064 2079 2065
2078 2080 2077
2080 2079 2077
2065 2079 2081
2079 2082 2081
2065 2081 2083
2081 2082 2083
2080 2084 2079
2084 2082 2079
2085 2084 2080
2084 2085 2082
2080 2078 2086
2085 2080 2086
2083 2082 2087
2083 2087 2088
2078 2075 2089
2086 2078 2090
2090 2078 2089
2075 2091 2089
2091 2075 2076
2092 2091 2076
2092 2076 2093
2089 2091 2094
2090 2089 2095
2089 2094 2095
2091 2092 2096
2091 2096 2094
2095 2094 2097
2090 2095 2098
2098 2095 2097
2094 2096 2099
2097 2094 2099
2086 2090 2100
2101 2090 2098
2100 2090 2101
2102 2086 2100
2086 2102 2085
2103 2096 2092
2104 2096 2103
2096 2104 2099
2103 2092 2105
2099 2104 2106
2107 2105 2092
2108 2099 2106
2107 2092 2109
2110 2107 2109
2092 2093 2109
2108 2111 2099
2097 2099 2111
2112 2111 2108
2110 2109 2113
2093 2113 2109
2114 2110 2113
2115 2097 2111
2098 2097 2115
2112 2116 2111
2115 2111 2116
2112 2117 2116
2115 2116 2117
2112 2118 2117
2119 2098 2115
2101 2098 2119
2118 2120 2117
2118 2121 2120
2120 2121 2122
2115 2117 2123
2119 2115 2123
2123 2117 2120
2101 2119 2124
2124 2119 2123
2100 2101 2124
2123 2120 2125
2124 2123 2125
2120 2122 2126
2125 2120 2126
2100 2124 2127
2127 2124 2125
2122 2128 2126
2122 2129 2128
2125 2126 2130
2127 2125 2130
2130 2126 2128
2131 2100 2127
2131 2102 2100
2132 2127 2130
2130 2128 2132
2132 2131 2127
2133 2128 2129
2133 2129 2134
2128 2135 2132
2135 2131 2132
2128 2133 2135
2102 2131 2136
2135 2136 2131
2137 2133 2134
2137 2134 2138
2133 2139 2135
2139 2136 2135
2133 2137 2139
2102 2136 2140
2139 2140 2136
2102 2140 2085
2138 2141 2137
2138 2142 2141
2137 2143 2139
2143 2140 2139
2137 2141 2143
2144 2085 2140
2143 2144 2140
2082 2085 2144
2145 2141 2142
2145 2143 2141
2145 2142 2146
2147 2082 2144
2144 2143 2147
2145 2147 2143
2147 2087 2082
2146 2148 2145
2148 2147 2145
2087 2147 2148
2146 2149 2148
2087 2148 2150
2150 2148 2149
2088 2087 2150
2150 2149 2151
2088 2150 2152
2152 2150 2151
2152 2151 2153
2088 2152 2154
2152 2153 2155
2156 2154 2152
2152 2155 2156
2156 2157 2154
2156 2155 2158
2156 2159 2157
2156 2158 2160
2159 2156 2160
2161 2160 2158
2159 2160 2162
2163 2159 2162
2161 2164 2160
2162 2160 2164
2164 2161 2165
2163 2162 2166
2166 2167 2163
2162 2164 2168
2168 2166 2162
2164 2165 2169
2169 2168 2164
2166 2170 2167
2171 2167 2170
2172 2169 2165
2172 2165 2173
2169 2174 2168
2172 2174 2169
2168 2175 2166
2175 2170 2166
2174 2175 2168
2171 2170 2176
2177 2171 2176
2178 2172 2173
2178 2173 2179
2180 2178 2179
2172 2181 2174
2181 2172 2178
2175 2182 2170
2176 2170 2182
2174 2183 2175
2183 2174 2181
2183 2182 2175
2180 2184 2178
2184 2180 2185
2181 2178 2186
2184 2186 2178
2184 2185 2187
2188 2187 2185
2184 2189 2186
2187 2189 2184
2176 2182 2190
2183 2191 2182
2191 2190 2182
2183 2181 2192
2192 2191 2183
2181 2186 2193
2181 2193 2192
2194 2186 2189
2194 2193 2186
2187 2195 2189
2194 2189 2195
2188 2196 2187
2196 2195 2187
2192 2197 2191
2193 2197 2192
2198 2196 2188
2198 2188 2199
2196 2200 2195
2200 2196 2198
2197 2201 2191
2191 2201 2190
2202 2197 2193
2202 2193 2194
2197 2202 2201
2194 2195 2203
2203 2195 2200
2204 2202 2194
2204 2194 2203
2205 2201 2202
2205 2202 2204
2201 2206 2190
2201 2205 2206
2199 2207 2198
2199 2208 2207
2209 2190 2206
2209 2176 2190
2177 2176 2209
2177 2209 2210
2210 2209 2206
2177 2210 2211
2205 2212 2206
2210 2206 2212
2213 2211 2210
2212 2213 2210
2213 2214 2211
2205 2215 2212
2215 2205 2204
2208 2216 2207
2208 2217 2216
2218 2214 2213
2218 2219 2214
2212 2220 2213
2220 2212 2215
2215 2204 2221
2221 2204 2203
2213 2220 2222
2213 2222 2218
2220 2215 2223
2221 2223 2215
2222 2220 2223
2224 2219 2218
2224 2225 2219
2221 2203 2226
2203 2200 2226
2227 2218 2222
2227 2224 2218
2221 2228 2223
2228 2221 2226
2222 2223 2229
2227 2222 2229
2228 2229 2223
2225 2224 2230
2225 2230 2231
2093 2231 2230
2226 2200 2232
2200 2198 2232
2224 2233 2230
2224 2227 2233
2093 2230 2234
2234 2230 2233
2093 2234 2113
2113 2234 2235
2234 2233 2235
2226 2232 2236
2228 2226 2236
2237 2232 2198
2237 2198 2207
2232 2238 2236
2238 2228 2236
2232 2237 2238
2207 2239 2237
2207 2216 2239
2238 2240 2228
2228 2240 2229
2237 2241 2238
2241 2240 2238
2237 2239 2241
2229 2240 2242
2241 2242 2240
2243 2241 2239
2242 2241 2243
2216 2244 2239
2243 2239 2244
2229 2242 2245
2227 2229 2245
2246 2242 2243
2246 2245 2242
2227 2245 2246
2246 2243 2244
2227 2246 2233
2233 2246 2247
2246 2244 2247
2233 2247 2235
2216 2248 2244
2248 2216 2217
2248 2217 2249
2250 2248 2249
2251 2247 2244
2251 2244 2248
2250 2251 2248
2235 2247 2251
2114 2251 2250
2235 2251 2252
2114 2252 2251
2113 2235 2252
2114 2113 2252
2253 2254 2255
2256 2255 2254
2253 2257 2254
2257 2253 2258
2257 2258 2259
2259 2258 2260
2261 2257 2259
2254 2257 2261
2259 2260 2262
2261 2259 2262
2262 2260 2263
2256 2254 2264
2265 2256 2264
2262 2263 2266
2266 2263 2267
2268 2264 2254
2261 2268 2254
2265 2264 2269
2269 2264 2268
2270 2265 2269
2261 2262 2271
2271 2262 2266
2272 2268 2261
2269 2268 2272
2272 2261 2271
2270 2269 2273
2269 2272 2273
2274 2270 2273
2275 2273 2272
2274 2273 2275
2271 2276 2272
2275 2272 2276
2274 2275 2277
2277 2275 2276
2274 2277 2278
2271 2266 2279
2271 2279 2276
2277 2276 2280
2280 2276 2279
2279 2266 2281
2266 2267 2281
2280 2279 2282
2282 2279 2281
2267 2283 2281
2281 2283 2284
2267 2285 2283
2283 2285 2284
2282 2281 2286
2286 2281 2284
2287 2282 2286
2286 2284 2287
2282 2288 2280
2287 2288 2282
2285 2289 2284
2285 2290 2289
2280 2291 2277
2288 2292 2280
2292 2291 2280
2277 2291 2293
2293 2278 2277
2294 2278 2293
2294 2295 2278
2291 2296 2293
2292 2297 2291
2291 2297 2296
2293 2298 2294
2293 2296 2298
2297 2299 2296
2292 2300 2297
2300 2299 2297
2296 2301 2298
2299 2301 2296
2288 2302 2292
2303 2300 2292
2302 2303 2292
2304 2302 2288
2288 2287 2304
2305 2294 2298
2306 2305 2298
2298 2301 2306
2305 2307 2294
2301 2308 2306
2309 2294 2307
2310 2308 2301
2309 2311 2294
2312 2311 2309
2294 2311 2295
2310 2301 2313
2299 2313 2301
2314 2310 2313
2312 2315 2311
2295 2311 2315
2316 2315 2312
2317 2313 2299
2300 2317 2299
2314 2313 2318
2317 2318 2313
2314 2318 2319
2317 2319 2318
2314 2319 2320
2317 2300 2321
2303 2321 2300
2320 2319 2322
2320 2322 2323
2322 2324 2323
2317 2325 2319
2317 2321 2325
2325 2322 2319
2303 2326 2321
2325 2321 2326
2302 2326 2303
2325 2327 2322
2325 2326 2327
2322 2328 2324
2327 2328 2322
2302 2329 2326
2329 2327 2326
2324 2328 2330
2324 2330 2331
2327 2332 2328
2329 2332 2327
2332 2330 2328
2333 2329 2302
2333 2302 2304
2334 2332 2329
2332 2334 2330
2334 2329 2333
2335 2331 2330
2335 2336 2331
2330 2334 2337
2333 2337 2334
2330 2337 2335
2304 2338 2333
2333 2338 2337
2339 2336 2335
2339 2340 2336
2335 2337 2341
2341 2337 2338
2335 2341 2339
2304 2342 2338
2341 2338 2342
2304 2287 2342
2340 2339 2343
2340 2343 2344
2339 2341 2345
2345 2341 2342
2339 2345 2343
2346 2342 2287
2345 2342 2346
2284 2346 2287
2347 2344 2343
2347 2343 2345
2347 2348 2344
2349 2346 2284
2346 2349 2345
2347 2345 2349
2349 2284 2289
2348 2347 2350
2350 2347 2349
2289 2350 2349
2348 2350 2351
2289 2352 2350
2352 2351 2350
2290 2352 2289
2352 2353 2351
2290 2354 2352
2354 2353 2352
2354 2355 2353
2290 2356 2354
2354 2357 2355
2358 2354 2356
2354 2358 2357
2358 2356 2359
2358 2360 2357
2358 2359 2361
2358 2362 2360
2361 2362 2358
2363 2360 2362
2361 2364 2362
2365 2364 2361
2363 2362 2366
2364 2366 2362
2366 2367 2363
2365 2368 2364
2368 2365 2369
2364 2370 2366
2370 2364 2368
2366 2371 2367
2371 2366 2370
2368 2369 2372
2373 2372 2369
2374 2367 2371
2374 2375 2367
2371 2370 2376
2376 2374 2371
2370 2368 2377
2377 2368 2372
2376 2370 2377
2373 2378 2372
2379 2378 2373
2380 2375 2374
2380 2381 2375
2382 2381 2380
2376 2383 2374
2383 2380 2374
2377 2372 2384
2378 2384 2372
2376 2377 2385
2385 2383 2376
2385 2377 2384
2382 2380 2386
2386 2387 2382
2383 2388 2380
2386 2380 2388
2386 2389 2387
2390 2387 2389
2386 2388 2391
2389 2386 2391
2378 2392 2384
2385 2384 2393
2393 2384 2392
2385 2394 2383
2394 2385 2393
2395 2388 2383
2395 2383 2394
2388 2396 2391
2388 2395 2396
2389 2391 2397
2396 2397 2391
2390 2389 2398
2398 2389 2397
2394 2393 2399
2395 2394 2399
2400 2390 2398
2400 2401 2390
2398 2397 2402
2402 2400 2398
2399 2393 2403
2393 2392 2403
2404 2395 2399
2404 2396 2395
2399 2403 2404
2396 2405 2397
2405 2402 2397
2406 2396 2404
2406 2405 2396
2407 2404 2403
2407 2406 2404
2403 2392 2408
2403 2408 2407
2409 2408 2392
2409 2392 2378
2379 2409 2378
2379 2410 2409
2410 2408 2409
2379 2411 2410
2407 2408 2412
2410 2412 2408
2411 2413 2410
2412 2410 2413
2411 2414 2413
2415 2406 2407
2407 2412 2415
2416 2413 2414
2416 2414 2417
2412 2413 2418
2415 2412 2418
2415 2419 2406
2419 2405 2406
2413 2420 2418
2413 2416 2420
2415 2418 2421
2421 2419 2415
2421 2418 2420
2422 2416 2417
2422 2417 2423
2419 2424 2405
2405 2424 2402
2421 2425 2419
2425 2424 2419
2426 2420 2416
2426 2416 2422
2421 2420 2427
2427 2425 2421
2427 2420 2426
2423 2428 2422
2423 2429 2428
2428 2429 2295
2424 2430 2402
2402 2430 2400
2422 2428 2431
2422 2431 2426
2428 2295 2432
2431 2428 2432
2295 2315 2432
2433 2432 2315
2431 2432 2433
2424 2434 2430
2425 2434 2424
2430 2434 2435
2435 2434 2425
2436 2400 2430
2430 2435 2436
2435 2425 2437
2427 2437 2425
2438 2435 2437
2436 2435 2438
2436 2439 2400
2401 2400 2439
2401 2439 2440
2427 2441 2437
2438 2437 2441
2439 2436 2442
2436 2438 2442
2440 2439 2443
2439 2442 2443
2440 2443 2444
2445 2442 2438
2441 2445 2438
2427 2446 2441
2427 2426 2446
2441 2446 2447
2426 2447 2446
2441 2447 2445
2426 2431 2447
2445 2448 2442
2443 2442 2448
2447 2448 2445
2449 2444 2443
2443 2448 2449
2449 2450 2444
2451 2450 2449
2431 2452 2447
2447 2452 2448
2431 2433 2452
2451 2449 2453
2453 2449 2448
2453 2448 2452
2433 2453 2452
2453 2316 2451
2433 2454 2453
2453 2454 2316
2433 2315 2454
2316 2454 2315
2455 2456 2457
2455 2458 2456
2455 2459 2458
2459 2460 2458
2459 2461 2460
2461 2462 2460
2455 2457 2463
2464 2463 2457
2464 2457 2465
2455 2463 2466
2466 2463 2464
2467 2464 2465
2467 2465 2468
2469 2467 2468
2469 2468 2470
2469 2470 2471
2472 2464 2467
2466 2464 2472
2473 2467 2469
2472 2467 2473
2455 2466 2474
2475 2466 2472
2475 2474 2466
2476 2472 2473
2476 2475 2472
2477 2475 2476
2478 2455 2474
2478 2459 2455
2479 2474 2475
2479 2478 2474
2477 2479 2475
2480 2459 2478
2479 2480 2478
2480 2461 2459
2481 2476 2473
2473 2469 2481
2479 2482 2480
2477 2482 2479
2483 2461 2480
2482 2483 2480
2481 2484 2476
2484 2477 2476
2469 2485 2481
2485 2484 2481
2483 2486 2461
2487 2486 2483
2461 2486 2462
2487 2462 2486
2487 2488 2462
2487 2489 2488
2482 2490 2483
2487 2483 2490
2487 2491 2489
2491 2492 2489
2493 2490 2482
2477 2493 2482
2494 2487 2490
2494 2491 2487
2493 2494 2490
2491 2495 2492
2495 2496 2492
2497 2491 2494
2497 2494 2493
2497 2495 2491
2498 2493 2477
2497 2493 2498
2499 2495 2497
2499 2497 2498
2495 2500 2496
2499 2500 2495
2501 2496 2500
2501 2500 2499
2501 2502 2496
2501 2503 2502
2498 2477 2504
2484 2504 2477
2499 2498 2505
2501 2499 2505
2505 2498 2504
2501 2506 2503
2506 2507 2503
2508 2501 2505
2505 2504 2508
2508 2506 2501
2509 2504 2484
2509 2508 2504
2509 2506 2508
2485 2509 2484
2506 2510 2507
2509 2510 2506
2485 2510 2509
2510 2471 2507
2485 2511 2510
2510 2511 2471
2469 2511 2485
2469 2471 2511
2512 2513 2514
2515 2513 2512
2514 2513 2516
2514 2516 2517
2517 2516 2518
2519 2517 2518
2519 2518 2520
2519 2520 2521
2521 2520 2522
2521 2522 2523
2523 2522 2524
2524 2525 2523
2524 2526 2525
2525 2526 2527
2527 2526 2528
2527 2528 2529
2529 2528 2515
2515 2528 2530
2513 2515 2530
2531 2528 2526
2530 2528 2531
2513 2530 2532
2533 2513 2532
2532 2530 2534
2513 2533 2516
2535 2534 2530
2535 2530 2531
2516 2533 2536
2536 2518 2516
2537 2535 2531
2538 2518 2536
2537 2531 2539
2531 2526 2539
2540 2537 2539
2538 2541 2518
2542 2541 2538
2541 2520 2518
2543 2541 2542
2544 2541 2543
2540 2539 2545
2539 2526 2545
2546 2540 2545
2546 2545 2547
2548 2545 2526
2547 2545 2548
2547 2548 2549
2548 2550 2549
2548 2526 2524
2548 2551 2550
2524 2551 2548
2552 2550 2551
2524 2553 2551
2553 2524 2522
2552 2551 2554
2554 2551 2553
2555 2552 2554
2553 2522 2556
2556 2522 2520
2555 2554 2557
2558 2555 2557
2554 2553 2559
2559 2553 2556
2559 2557 2554
2558 2557 2560
2561 2558 2560
2559 2562 2557
2562 2560 2557
2561 2560 2563
2564 2561 2563
2565 2556 2520
2565 2520 2541
2541 2544 2565
2559 2556 2566
2562 2559 2566
2567 2556 2565
2567 2566 2556
2544 2567 2565
2562 2568 2560
2568 2563 2560
2562 2566 2569
2569 2566 2567
2568 2562 2569
2564 2563 2570
2571 2564 2570
2568 2572 2563
2572 2570 2563
2568 2569 2573
2572 2568 2573
2569 2567 2574
2573 2569 2574
2571 2570 2575
2575 2576 2571
2575 2577 2576
2572 2578 2570
2578 2575 2570
2579 2577 2575
2578 2579 2575
2579 2580 2577
2572 2573 2581
2578 2572 2581
2579 2578 2582
2578 2581 2582
2583 2580 2579
2579 2582 2583
2583 2584 2580
2581 2573 2585
2573 2574 2585
2582 2581 2586
2581 2585 2586
2583 2582 2587
2582 2586 2587
2588 2584 2583
2583 2587 2588
2588 2589 2584
2590 2589 2588
2590 2591 2589
2590 2592 2591
2588 2587 2593
2588 2593 2590
2590 2594 2592
2594 2590 2593
2594 2595 2592
2587 2586 2596
2587 2596 2593
2586 2585 2597
2586 2597 2596
2594 2593 2598
2598 2593 2596
2594 2599 2595
2599 2594 2598
2599 2600 2595
2598 2596 2601
2601 2596 2597
2585 2602 2597
2585 2574 2602
2599 2598 2603
2603 2598 2601
2599 2604 2600
2604 2599 2603
2604 2605 2600
2601 2597 2606
2606 2597 2602
2574 2607 2602
2574 2567 2607
2544 2607 2567
2603 2601 2608
2608 2601 2606
2604 2603 2609
2609 2603 2608
2604 2610 2605
2610 2604 2609
2610 2611 2605
2610 2612 2611
2612 2610 2613
2610 2609 2613
2612 2613 2614
2609 2608 2615
2613 2609 2615
2614 2613 2616
2613 2615 2616
2614 2616 2617
2608 2606 2618
2615 2608 2618
2617 2616 2619
2617 2619 2620
2616 2615 2621
2615 2618 2621
2616 2621 2619
2618 2606 2622
2606 2602 2622
2622 2602 2607
2620 2619 2623
2620 2623 2624
2619 2621 2625
2619 2625 2623
2621 2618 2626
2618 2622 2626
2621 2626 2625
2622 2607 2627
2626 2622 2627
2627 2607 2544
2624 2623 2628
2624 2628 2629
2628 2630 2629
2623 2625 2631
2623 2631 2628
2625 2626 2632
2626 2627 2632
2625 2632 2631
2627 2544 2633
2632 2627 2633
2628 2634 2630
2634 2628 2631
2632 2635 2631
2634 2631 2635
2636 2630 2634
2636 2637 2630
2638 2637 2636
2639 2633 2544
2544 2543 2639
2543 2640 2639
2640 2641 2639
2632 2633 2642
2632 2642 2635
2643 2634 2635
2643 2636 2634
2636 2643 2644
2638 2636 2645
2636 2644 2645
2646 2638 2645
2646 2645 2647
2647 2645 2648
2648 2645 2644
2647 2648 2649
2649 2648 2650
2650 2648 2644
2649 2650 2651
2652 2642 2633
2652 2633 2639
2651 2650 2653
2651 2653 2654
2655 2654 2653
2650 2644 2656
2653 2650 2656
2657 2655 2653
2658 2655 2657
2642 2652 2659
2635 2642 2659
2635 2659 2643
2639 2660 2652
2641 2660 2639
2641 2661 2660
2662 2661 2658
2657 2662 2658
2661 2662 2660
2663 2653 2656
2657 2653 2663
2664 2663 2656
2663 2665 2657
2666 2664 2656
2665 2667 2657
2667 2662 2657
2666 2656 2644
2667 2668 2662
2668 2660 2662
2669 2666 2644
2670 2660 2668
2643 2669 2644
2670 2652 2660
2643 2671 2669
2670 2672 2652
2671 2643 2659
2672 2659 2652
2672 2671 2659
2673 2674 2675
2673 2675 2676
2673 2676 2677
2677 2676 2678
2677 2678 2679
2679 2678 2680
2673 2681 2674
2682 2674 2681
2682 2683 2674
2673 2684 2681
2684 2682 2681
2685 2683 2682
2685 2686 2683
2687 2686 2685
2687 2688 2686
2687 2689 2688
2690 2685 2682
2684 2690 2682
2691 2687 2685
2690 2691 2685
2673 2692 2684
2693 2690 2684
2693 2684 2692
2694 2691 2690
2694 2690 2693
2695 2694 2693
2696 2692 2673
2696 2673 2677
2697 2693 2692
2697 2692 2696
2695 2693 2697
2698 2696 2677
2697 2696 2698
2698 2677 2679
2699 2691 2694
2691 2699 2687
2697 2698 2700
2695 2697 2700
2701 2698 2679
2700 2698 2701
2699 2694 2702
2702 2694 2695
2687 2699 2703
2703 2699 2702
2701 2679 2704
2705 2701 2704
2679 2680 2704
2705 2704 2680
2705 2680 2706
2705 2706 2707
2700 2701 2708
2705 2708 2701
2705 2707 2709
2709 2707 2710
2711 2700 2708
2695 2700 2711
2712 2708 2705
2712 2705 2709
2711 2708 2712
2709 2710 2713
2713 2710 2714
2715 2712 2709
2715 2711 2712
2715 2709 2713
2716 2695 2711
2715 2716 2711
2717 2715 2713
2717 2716 2715
2713 2714 2718
2717 2713 2718
2719 2718 2714
2719 2717 2718
2719 2714 2720
2719 2720 2721
2716 2722 2695
2702 2695 2722
2717 2723 2716
2719 2723 2717
2723 2722 2716
2719 2721 2724
2724 2721 2725
2726 2723 2719
2723 2726 2722
2726 2719 2724
2727 2702 2722
2727 2722 2726
2727 2726 2724
2703 2702 2727
2724 2725 2728
2727 2724 2728
2703 2727 2728
2728 2725 2689
2703 2728 2729
2728 2689 2729
2687 2703 2729
2687 2729 2689
2730 2731 2732
2733 2730 2732
2731 2734 2732
2731 2735 2734
2735 2736 2734
2737 2736 2735
2737 2738 2736
2737 2739 2738
2739 2740 2738
2739 2741 2740
2741 2742 2740
2742 2741 2743
2742 2743 2744
2743 2745 2744
2745 2746 2744
2745 2747 2746
2747 2733 2746
2733 2748 2746
2732 2748 2733
2749 2744 2746
2748 2749 2746
2732 2750 2748
2751 2750 2732
2750 2752 2748
2732 2734 2751
2753 2748 2752
2753 2749 2748
2734 2754 2751
2754 2734 2736
2755 2749 2753
2756 2754 2736
2755 2757 2749
2749 2757 2744
2758 2757 2755
2756 2736 2759
2760 2756 2759
2759 2736 2738
2761 2760 2759
2762 2761 2759
2758 2763 2757
2757 2763 2744
2764 2763 2758
2764 2765 2763
2766 2744 2763
2765 2766 2763
2765 2767 2766
2766 2767 2768
2766 2742 2744
2766 2768 2769
2742 2766 2769
2770 2769 2768
2742 2769 2771
2771 2740 2742
2770 2772 2769
2772 2771 2769
2773 2772 2770
2771 2774 2740
2774 2738 2740
2773 2775 2772
2776 2775 2773
2772 2777 2771
2777 2774 2771
2777 2772 2775
2776 2778 2775
2779 2778 2776
2777 2775 2780
2780 2775 2778
2779 2781 2778
2782 2781 2779
2783 2738 2774
2783 2759 2738
2759 2783 2762
2777 2784 2774
2780 2784 2777
2785 2783 2774
2785 2774 2784
2762 2783 2785
2780 2778 2786
2786 2778 2781
2780 2787 2784
2787 2785 2784
2786 2787 2780
2782 2788 2781
2789 2788 2782
2786 2781 2790
2790 2781 2788
2786 2791 2787
2790 2791 2786
2787 2792 2785
2791 2792 2787
2789 2793 2788
2793 2789 2794
2793 2794 2795
2790 2788 2796
2796 2788 2793
2797 2793 2795
2796 2793 2797
2797 2795 2798
2790 2799 2791
2796 2799 2790
2797 2800 2796
2796 2800 2799
2801 2797 2798
2797 2801 2800
2801 2798 2802
2799 2803 2791
2791 2803 2792
2800 2804 2799
2799 2804 2803
2801 2805 2800
2800 2805 2804
2806 2801 2802
2801 2806 2805
2806 2802 2807
2808 2806 2807
2808 2807 2809
2808 2809 2810
2806 2811 2805
2806 2808 2811
2808 2810 2812
2812 2811 2808
2812 2810 2813
2805 2814 2804
2805 2811 2814
2804 2815 2803
2804 2814 2815
2812 2816 2811
2816 2814 2811
2812 2813 2817
2817 2816 2812
2817 2813 2818
2816 2819 2814
2819 2815 2814
2803 2815 2820
2803 2820 2792
2817 2821 2816
2821 2819 2816
2817 2818 2822
2822 2821 2817
2822 2818 2823
2819 2824 2815
2824 2820 2815
2792 2820 2825
2792 2825 2785
2762 2785 2825
2821 2826 2819
2826 2824 2819
2822 2827 2821
2827 2826 2821
2822 2823 2828
2828 2827 2822
2828 2823 2829
2828 2829 2830
2830 2831 2828
2828 2831 2827
2830 2832 2831
2827 2833 2826
2831 2833 2827
2832 2834 2831
2831 2834 2833
2832 2835 2834
2826 2836 2824
2833 2836 2826
2835 2837 2834
2835 2838 2837
2834 2839 2833
2833 2839 2836
2834 2837 2839
2836 2840 2824
2824 2840 2820
2840 2825 2820
2838 2841 2837
2838 2842 2841
2837 2843 2839
2837 2841 2843
2839 2844 2836
2836 2844 2840
2839 2843 2844
2840 2845 2825
2844 2845 2840
2845 2762 2825
2842 2846 2841
2842 2847 2846
2846 2847 2848
2841 2849 2843
2841 2846 2849
2843 2850 2844
2844 2850 2845
2843 2849 2850
2845 2851 2762
2850 2851 2845
2846 2848 2852
2852 2849 2846
2850 2849 2853
2852 2853 2849
2854 2852 2848
2854 2848 2855
2856 2854 2855
2857 2762 2851
2762 2857 2761
2761 2857 2858
2858 2857 2859
2850 2860 2851
2850 2853 2860
2861 2853 2852
2861 2852 2854
2854 2862 2861
2856 2863 2854
2854 2863 2862
2864 2863 2856
2864 2865 2863
2865 2866 2863
2866 2862 2863
2865 2867 2866
2867 2868 2866
2868 2862 2866
2867 2869 2868
2870 2851 2860
2870 2857 2851
2869 2871 2868
2869 2872 2871
2873 2871 2872
2868 2874 2862
2871 2874 2868
2875 2871 2873
2876 2875 2873
2860 2877 2870
2853 2877 2860
2853 2861 2877
2857 2870 2878
2859 2857 2878
2859 2878 2879
2880 2876 2879
2875 2876 2880
2879 2878 2880
2881 2874 2871
2875 2881 2871
2882 2874 2881
2881 2875 2883
2884 2874 2882
2883 2875 2885
2885 2875 2880
2884 2862 2874
2885 2880 2886
2886 2880 2878
2887 2862 2884
2888 2886 2878
2861 2862 2887
2888 2878 2870
2861 2887 2889
2888 2870 2890
2889 2877 2861
2890 2870 2877
2890 2877 2889
2891 2892 2893
2892 2894 2893
2891 2893 2895
2895 2893 2896
2893 2897 2896
2894 2897 2893
2897 2894 2898
2899 2897 2898
2900 2891 2895
2899 2901 2897
2896 2897 2901
2902 2901 2899
2902 2903 2901
2896 2901 2903
2903 2902 2904
2903 2904 2905
2896 2903 2905
2905 2904 2906
2907 2905 2906
2908 2905 2907
2896 2905 2908
2908 2907 2909
2910 2908 2909
2896 2908 2910
2910 2909 2911
2900 2910 2911
2900 2895 2912
2895 2896 2912
2900 2912 2910
2912 2896 2910
2913 2914 2915
2914 2916 2915
2914 2917 2916
2917 2918 2916
2913 2919 2914
2914 2920 2917
2914 2919 2920
2921 2919 2913
2920 2919 2921
2921 2913 2922
2923 2921 2922
2917 2924 2918
2924 2917 2920
2923 2925 2921
2920 2921 2925
2926 2925 2923
2926 2923 2927
2928 2920 2925
2928 2925 2926
2924 2920 2928
2929 2926 2927
2929 2928 2926
2929 2927 2930
2931 2918 2924
2931 2932 2918
2933 2932 2931
2934 2924 2928
2929 2934 2928
2934 2931 2924
2935 2929 2930
2935 2934 2929
2935 2930 2936
2935 2936 2933
2937 2931 2934
2935 2937 2934
2935 2933 2937
2933 2931 2937
2938 2939 2940
2941 2939 2938
2941 2938 2942
2943 2941 2942
2944 2941 2943
2945 2941 2944
2946 2941 2945
2940 2939 2947
2946 2948 2941
2948 2939 2941
2949 2948 2946
2947 2939 2950
2948 2950 2939
2947 2950 2951
2952 2951 2950
2952 2950 2953
2953 2950 2948
2954 2952 2953
2953 2955 2954
2949 2956 2948
2953 2948 2956
2955 2953 2956
2957 2956 2949
2955 2956 2958
2959 2956 2957
2958 2956 2959
2960 2961 2962
2960 2962 2963
2960 2963 2964
2964 2963 2965
2964 2965 2966
2966 2965 2967
2960 2968 2961
2969 2961 2968
2969 2970 2961
2960 2971 2968
2971 2969 2968
2972 2970 2969
2972 2973 2970
2974 2973 2972
2974 2975 2973
2974 2976 2975
2977 2972 2969
2971 2977 2969
2978 2974 2972
2977 2978 2972
2960 2979 2971
2971 2980 2977
2971 2979 2980
2977 2981 2978
2977 2980 2981
2980 2982 2981
2983 2979 2960
2983 2960 2964
2979 2984 2980
2979 2983 2984
2980 2984 2982
2985 2983 2964
2985 2984 2983
2985 2964 2966
2981 2986 2978
2978 2986 2974
2985 2987 2984
2987 2982 2984
2988 2985 2966
2988 2987 2985
2981 2989 2986
2982 2989 2981
2974 2986 2990
2989 2990 2986
2988 2966 2991
2992 2988 2991
2966 2967 2991
2992 2991 2967
2992 2967 2993
2992 2993 2994
2988 2995 2987
2992 2995 2988
2992 2994 2996
2996 2994 2997
2995 2998 2987
2987 2998 2982
2999 2995 2992
2999 2992 2996
2995 2999 2998
2996 2997 3000
3000 2997 3001
3002 2999 2996
2998 2999 3002
3002 2996 3000
2982 2998 3003
2998 3002 3003
3004 3002 3000
3003 3002 3004
3000 3001 3005
3004 3000 3005
3006 3005 3001
3006 3004 3005
3006 3001 3007
3006 3007 3008
2982 3003 3009
2982 3009 2989
3003 3004 3010
3006 3010 3004
3009 3003 3010
3006 3008 3011
3011 3008 3012
3013 3010 3006
3009 3010 3013
3013 3006 3011
3009 3014 2989
3009 3013 3014
3014 3013 3011
2989 3014 2990
3011 3012 3015
3014 3011 3015
2990 3014 3015
3015 3012 2976
2990 3015 3016
3015 2976 3016
2974 2990 3016
2974 3016 2976
3017 3018 3019
3017 3019 3020
3021 3019 3018
3019 3021 3022
3021 3018 3023
3021 3023 3024
3020 3019 3025
3019 3022 3025
3020 3025 3026
3025 3027 3026
3021 3024 3028
3022 3021 3028
3028 3024 3029
3028 3029 3030
3025 3031 3027
3031 3025 3022
3032 3027 3031
3032 3031 3033
3034 3028 3030
3022 3028 3034
3034 3030 3035
3034 3035 3036
3033 3031 3037
3031 3022 3037
3033 3037 3038
3037 3039 3038
3022 3034 3040
3034 3036 3040
3022 3040 3037
3037 3040 3039
3040 3036 3041
3040 3041 3039
3042 3043 3044
3042 3045 3043
3044 3043 3046
3043 3047 3046
3044 3046 3048
3046 3049 3048
3045 3050 3043
3043 3050 3047
3045 3051 3050
3052 3050 3051
3046 3053 3049
3047 3053 3046
3053 3054 3049
3053 3055 3054
3052 3056 3050
3056 3047 3050
3057 3056 3052
3057 3058 3056
3059 3055 3053
3047 3059 3053
3059 3060 3055
3059 3061 3060
3058 3062 3056
3056 3062 3047
3058 3063 3062
3062 3063 3064
3047 3065 3059
3059 3065 3061
3047 3062 3065
3062 3064 3065
3065 3066 3061
3065 3064 3066
3067 3068 3069
3069 3068 3070
3067 3069 3071
3071 3069 3072
3067 3071 3073
3069 3070 3074
3072 3069 3074
3075 3074 3070
3073 3071 3076
3076 3077 3073
3077 3076 3078
3079 3074 3075
3075 3080 3079
3081 3079 3080
3071 3082 3076
3071 3072 3082
3078 3076 3083
3076 3082 3083
3083 3084 3078
3085 3084 3083
3083 3086 3085
3083 3082 3086
3085 3086 3087
3088 3087 3086
3086 3082 3089
3086 3089 3088
3072 3089 3082
3088 3089 3090
3091 3090 3089
3072 3091 3089
3091 3092 3090
3093 3092 3091
3093 3091 3094
3094 3091 3072
3093 3094 3095
3094 3072 3096
3072 3074 3096
3079 3096 3074
3095 3094 3097
3094 3096 3097
3097 3098 3095
3098 3097 3099
3100 3096 3079
3097 3096 3100
3099 3097 3100
3100 3079 3081
3100 3101 3099
3081 3101 3100
3102 3103 3104
3103 3105 3104
3102 3106 3103
3107 3103 3106
3106 3102 3108
3106 3108 3109
3110 3106 3109
3103 3111 3105
3111 3103 3107
3111 3112 3105
3111 3113 3112
3111 3114 3113
3110 3115 3106
3107 3106 3115
3115 3110 3116
3111 3117 3114
3111 3107 3117
3117 3118 3114
3119 3115 3116
3107 3115 3119
3119 3116 3120
3119 3120 3121
3119 3121 3122
3118 3117 3123
3123 3117 3107
3118 3123 3124
3123 3125 3124
3123 3126 3125
3127 3119 3122
3107 3119 3127
3123 3107 3127
3126 3123 3127
3127 3122 3128
3126 3127 3128
3129 3130 3131
3131 3130 3132
3131 3132 3133
3133 3132 3134
3133 3134 3135
3135 3134 3136
3135 3136 3137
3137 3136 3138
3139 3133 3135
3137 3139 3135
3137 3138 3140
3140 3138 3141
3142 3137 3140
3142 3139 3137
3140 3141 3143
3143 3142 3140
3143 3141 3144
3139 3145 3133
3145 3131 3133
3146 3139 3142
3146 3145 3139
3143 3147 3142
3146 3142 3147
3143 3144 3148
3147 3143 3148
3148 3144 3149
3131 3145 3150
3146 3150 3145
3146 3147 3151
3151 3147 3148
3146 3151 3150
3148 3149 3152
3151 3148 3152
3152 3149 3153
3154 3151 3152
3152 3153 3154
3150 3151 3154
3154 3153 3129
3131 3150 3155
3150 3154 3155
3129 3131 3155
3154 3129 3155
3156 3157 3158
3159 3157 3156
3159 3156 3160
3161 3159 3160
3161 3160 3162
3163 3161 3162
3163 3162 3164
3165 3163 3164
3166 3162 3160
3164 3162 3166
3165 3164 3167
3168 3165 3167
3169 3167 3164
3169 3164 3166
3168 3167 3170
3169 3170 3167
3171 3168 3170
3166 3160 3172
3172 3160 3156
3173 3169 3166
3173 3166 3172
3171 3170 3174
3175 3171 3174
3169 3176 3170
3173 3176 3169
3176 3174 3170
3177 3172 3156
3173 3172 3177
3173 3178 3176
3178 3174 3176
3173 3177 3178
3175 3174 3179
3178 3179 3174
3180 3175 3179
3181 3179 3178
3180 3179 3181
3177 3181 3178
3158 3180 3181
3177 3156 3182
3156 3158 3182
3177 3182 3181
3158 3181 3182
3183 3184 3185
3183 3186 3184
3183 3187 3186
3187 3188 3186
3187 3189 3188
3189 3190 3188
3183 3185 3191
3192 3191 3185
3192 3185 3193
3183 3191 3194
3194 3191 3192
3195 3192 3193
3195 3193 3196
3197 3195 3196
3197 3196 3198
3197 3198 3199
3200 3192 3195
3194 3192 3200
3201 3195 3197
3200 3195 3201
3183 3194 3202
3194 3200 3203
3194 3203 3202
3200 3201 3204
3200 3204 3203
3203 3204 3205
3206 3183 3202
3206 3187 3183
3202 3203 3207
3202 3207 3206
3203 3205 3207
3208 3187 3206
3208 3206 3207
3208 3189 3187
3204 3201 3209
3201 3197 3209
3208 3207 3210
3210 3207 3205
3211 3189 3208
3211 3208 3210
3204 3209 3212
3205 3204 3212
3197 3213 3209
3212 3209 3213
3211 3214 3189
3215 3214 3211
3189 3214 3190
3215 3190 3214
3215 3216 3190
3215 3217 3216
3211 3210 3218
3215 3211 3218
3215 3219 3217
3219 3220 3217
3218 3210 3221
3210 3205 3221
3222 3215 3218
3222 3219 3215
3218 3221 3222
3219 3223 3220
3223 3224 3220
3225 3219 3222
3221 3225 3222
3225 3223 3219
3205 3226 3221
3221 3226 3225
3227 3223 3225
3226 3227 3225
3223 3228 3224
3227 3228 3223
3229 3224 3228
3229 3228 3227
3229 3230 3224
3229 3231 3230
3205 3232 3226
3205 3212 3232
3226 3233 3227
3229 3227 3233
3232 3233 3226
3229 3234 3231
3234 3235 3231
3236 3229 3233
3232 3236 3233
3236 3234 3229
3232 3212 3237
3232 3237 3236
3237 3234 3236
3212 3213 3237
3234 3238 3235
3237 3238 3234
3213 3238 3237
3238 3199 3235
3213 3239 3238
3238 3239 3199
3197 3239 3213
3197 3199 3239
3240 3241 3242
3240 3243 3241
3242 3241 3244
3241 3245 3244
3242 3244 3246
3244 3247 3246
3243 3248 3241
3241 3248 3245
3243 3249 3248
3250 3248 3249
3244 3251 3247
3245 3251 3244
3251 3252 3247
3251 3253 3252
3250 3254 3248
3254 3245 3248
3255 3254 3250
3255 3256 3254
3257 3253 3251
3245 3257 3251
3257 3258 3253
3257 3259 3258
3256 3260 3254
3254 3260 3245
3256 3261 3260
3260 3261 3262
3245 3263 3257
3257 3263 3259
3245 3260 3263
3260 3262 3263
3263 3264 3259
3263 3262 3264
3265 3266 3267
3265 3267 3268
3269 3267 3266
3267 3269 3270
3269 3266 3271
3269 3271 3272
3268 3267 3273
3267 3270 3273
3268 3273 3274
3273 3275 3274
3269 3272 3276
3270 3269 3276
3276 3272 3277
3276 3277 3278
3273 3279 3275
3279 3273 3270
3280 3275 3279
3280 3279 3281
3282 3276 3278
3270 3276 3282
3282 3278 3283
3282 3283 3284
3281 3279 3285
3279 3270 3285
3281 3285 3286
3285 3287 3286
3270 3282 3288
3282 3284 3288
3270 3288 3285
3285 3288 3287
3288 3284 3289
3288 3289 3287
3290 3291 3292
3291 3293 3292
3290 3294 3291
3294 3295 3291
3290 3296 3294
3291 3297 3293
3295 3297 3291
3298 3293 3297
3296 3299 3294
3299 3296 3300
3300 3301 3299
3302 3298 3297
3298 3302 3303
3304 3303 3302
3294 3299 3305
3294 3305 3295
3301 3306 3299
3299 3306 3305
3306 3301 3307
3308 3306 3307
3306 3308 3309
3306 3309 3305
3308 3310 3309
3311 3309 3310
3309 3312 3305
3309 3311 3312
3295 3305 3312
3311 3313 3312
3314 3312 3313
3295 3312 3314
3314 3313 3315
3316 3314 3315
3316 3317 3314
3317 3295 3314
3316 3318 3317
3317 3319 3295
3295 3319 3297
3302 3297 3319
3318 3320 3317
3317 3320 3319
3320 3318 3321
3321 3322 3320
3323 3302 3319
3320 3323 3319
3322 3323 3320
3323 3304 3302
3323 3322 3324
3304 3323 3324
3325 3326 3327
3327 3326 3328
3325 3327 3329
3330 3329 3327
3329 3331 3325
3329 3332 3331
3333 3332 3329
3327 3328 3334
3334 3330 3327
3334 3328 3335
3334 3335 3336
3334 3336 3337
3333 3329 3338
3330 3338 3329
3338 3339 3333
3334 3337 3340
3334 3340 3330
3340 3337 3341
3342 3339 3338
3330 3342 3338
3342 3343 3339
3342 3344 3343
3342 3345 3344
3341 3346 3340
3346 3330 3340
3341 3347 3346
3346 3347 3348
3346 3348 3349
3350 3345 3342
3330 3350 3342
3346 3350 3330
3349 3350 3346
3350 3351 3345
3349 3351 3350
3352 3353 3354
3353 3355 3354
3353 3356 3355
3356 3357 3355
3356 3358 3357
3358 3359 3357
3358 3360 3359
3360 3361 3359
3362 3358 3356
3360 3358 3362
3360 3363 3361
3363 3364 3361
3365 3363 3360
3365 3360 3362
3363 3366 3364
3366 3363 3365
3366 3367 3364
3362 3356 3368
3368 3356 3353
3369 3365 3362
3369 3362 3368
3366 3365 3370
3369 3370 3365
3366 3371 3367
3370 3371 3366
3371 3372 3367
3353 3373 3368
3369 3368 3373
3369 3374 3370
3374 3371 3370
3369 3373 3374
3371 3375 3372
3374 3375 3371
3375 3376 3372
3377 3375 3374
3375 3377 3376
3373 3377 3374
3377 3352 3376
3353 3378 3373
3373 3378 3377
3352 3378 3353
3377 3378 3352
3379 3380 3381
3382 3379 3381
3382 3383 3379
3384 3383 3382
3384 3385 3383
3386 3385 3384
3386 3387 3385
3388 3387 3386
3389 3383 3385
3387 3389 3385
3388 3390 3387
3391 3390 3388
3392 3387 3390
3392 3389 3387
3391 3393 3390
3392 3390 3393
3394 3393 3391
3389 3395 3383
3395 3379 3383
3396 3389 3392
3396 3395 3389
3394 3397 3393
3398 3397 3394
3392 3393 3399
3396 3392 3399
3399 3393 3397
3400 3379 3395
3396 3400 3395
3396 3399 3401
3401 3399 3397
3396 3401 3400
3398 3402 3397
3401 3397 3402
3403 3402 3398
3404 3401 3402
3403 3404 3402
3400 3401 3404
3380 3404 3403
3400 3405 3379
3379 3405 3380
3400 3404 3405
3380 3405 3404
3406 3407 3408
3406 3408 3409
3410 3407 3406
3409 3408 3411
3410 3412 3407
3409 3411 3413
3414 3412 3410
3413 3411 3415
3414 3416 3412
3413 3415 3417
3418 3416 3414
3417 3415 3419
3418 3420 3416
3417 3419 3421
3422 3420 3418
3421 3419 3423
3422 3424 3420
3421 3423 3425
3426 3424 3422
3425 3423 3427
3426 3428 3424
3425 3427 3429
3430 3428 3426
3429 3427 3431
3430 3432 3428
3429 3431 3433
3433 3432 3430
3433 3431 3432
3434 3435 3436
3434 3436 3437
3438 3435 3434
3437 3436 3439
3438 3440 3435
3437 3439 3441
3442 3440 3438
3441 3439 3443
3442 3444 3440
3441 3443 3445
3446 3444 3442
3445 3443 3447
3446 3448 3444
3445 3447 3449
3450 3448 3446
3449 3447 3451
3450 3452 3448
3449 3451 3453
3454 3452 3450
3453 3451 3455
3454 3456 3452
3453 3455 3457
3458 3456 3454
3457 3455 3459
3458 3460 3456
3457 3459 3461
3461 3460 3458
3461 3459 3460
