byte offset: 0
first index: 0
index count: 4446
topology: trianglelist
format: DXGI_FORMAT_R16_UINT

0 1 2
0 2 3
4 0 3
3 2 5
4 3 6
7 4 6
3 5 8
6 3 8
8 5 9
7 6 10
11 7 10
6 8 12
10 6 12
8 9 13
12 8 13
13 9 14
11 10 15
16 11 15
10 12 17
15 10 17
12 13 18
17 12 18
13 14 19
18 13 19
19 14 20
16 15 21
22 16 21
15 17 23
21 15 23
17 18 24
23 17 24
18 19 25
24 18 25
19 20 26
25 19 26
26 20 27
26 27 28
28 27 29
25 26 30
30 26 28
24 25 31
31 25 30
23 24 32
32 24 31
21 23 33
33 23 32
28 29 34
34 29 35
30 28 36
36 28 34
31 30 37
37 30 36
32 31 38
38 31 37
34 35 39
39 35 40
36 34 41
41 34 39
37 36 42
42 36 41
39 40 43
43 40 44
41 39 45
45 39 43
43 44 46
46 44 47
48 32 38
33 32 48
38 37 49
49 37 42
42 41 50
50 41 45
45 43 51
51 43 46
46 47 52
52 47 53
48 38 54
54 38 49
49 42 55
55 42 50
50 45 56
56 45 51
51 46 57
57 46 52
52 53 58
58 53 59
58 59 60
61 52 58
57 52 61
62 58 60
61 58 62
62 60 63
64 51 57
56 51 64
65 50 56
55 50 65
66 57 61
64 57 66
67 61 62
66 61 67
68 62 63
67 62 68
68 63 69
70 56 64
65 56 70
71 64 66
70 64 71
72 66 67
71 66 72
73 67 68
72 67 73
74 68 69
73 68 74
74 69 75
76 74 75
76 75 77
78 73 74
78 74 76
79 72 73
79 73 78
80 71 72
80 72 79
81 70 71
81 71 80
82 76 77
82 77 83
84 82 83
84 83 85
86 84 85
86 85 87
88 78 76
88 76 82
89 79 78
89 78 88
90 80 79
90 79 89
91 88 82
91 82 84
92 89 88
92 88 91
93 86 87
93 87 94
95 80 90
95 81 80
96 90 89
96 89 92
97 92 91
84 97 91
97 98 92
98 96 92
84 99 97
84 100 99
84 86 100
86 101 100
102 101 86
103 102 86
103 86 93
98 104 96
105 103 93
104 106 96
106 90 96
104 107 106
106 95 90
105 93 108
108 93 94
108 94 109
110 105 108
107 111 106
111 95 106
107 112 111
112 113 111
114 108 109
110 108 114
114 109 115
114 115 116
110 114 117
114 116 117
110 117 118
117 116 119
118 117 120
117 119 120
118 120 121
121 120 122
120 119 123
120 123 122
121 122 124
124 122 125
122 123 126
122 126 127
122 128 125
127 128 122
127 129 128
127 126 130
127 131 129
127 130 132
132 130 133
127 134 131
134 127 132
132 133 135
135 133 136
131 134 137
131 137 138
134 132 139
139 132 135
137 134 139
135 136 140
140 136 141
138 137 142
138 142 143
137 139 144
142 137 144
139 135 145
145 135 140
144 139 145
140 141 146
146 141 147
143 142 148
143 148 149
142 144 150
148 142 150
144 145 151
150 144 151
145 140 152
152 140 146
151 145 152
146 147 153
153 147 154
149 148 155
149 155 156
156 155 157
148 150 158
155 148 158
150 151 159
158 150 159
151 152 160
159 151 160
152 146 161
161 146 153
160 152 161
153 154 162
162 154 163
155 164 157
164 165 157
165 164 166
167 165 166
168 167 166
161 153 169
169 153 162
160 161 170
170 161 169
162 163 171
171 163 172
164 155 173
155 158 173
169 162 174
174 162 171
171 172 175
175 172 176
177 160 170
159 160 177
158 159 178
173 158 178
178 159 177
164 173 179
166 164 179
173 178 180
179 173 180
178 177 181
180 178 181
177 170 182
181 177 182
175 176 183
183 176 184
182 170 185
170 169 185
185 169 174
183 184 186
186 184 187
186 187 188
188 187 189
188 189 190
190 189 191
190 191 192
192 191 193
182 185 194
185 174 195
194 185 195
196 182 194
181 182 196
195 174 197
174 171 197
197 171 175
197 175 198
198 175 183
195 197 199
199 197 198
194 195 200
200 195 199
198 183 201
201 183 186
199 198 202
202 198 201
201 186 203
203 186 188
196 194 204
204 194 200
200 199 205
205 199 202
202 201 206
206 201 203
203 188 207
207 188 190
206 203 208
208 203 207
209 206 208
210 202 206
205 202 210
210 206 209
211 200 205
204 200 211
207 190 212
212 190 192
213 205 210
211 205 213
208 207 214
214 207 212
208 214 215
208 215 216
208 216 217
214 212 218
208 217 219
218 212 220
212 192 220
218 220 221
222 208 219
223 222 219
219 224 223
224 225 223
225 226 223
209 208 222
226 227 223
228 223 227
228 227 229
228 229 230
228 230 231
232 222 223
232 209 222
232 223 228
221 220 233
221 233 234
235 234 233
220 236 233
220 192 236
192 193 236
235 233 237
237 233 236
238 235 237
239 236 193
237 236 239
239 193 240
238 237 241
241 237 239
242 238 241
243 239 240
241 239 243
243 240 244
242 241 245
245 241 243
246 243 244
245 243 246
246 244 247
248 242 245
248 249 242
248 250 249
248 251 250
248 252 251
253 246 247
253 247 254
255 245 246
248 245 255
255 246 253
256 253 254
256 254 257
258 255 253
258 253 256
259 256 257
259 257 260
261 259 260
261 260 262
263 259 261
264 256 259
263 264 259
264 258 256
265 264 263
265 266 264
266 258 264
267 266 265
268 255 258
266 268 258
268 248 255
267 269 266
269 268 266
270 269 267
271 248 268
269 271 268
270 272 269
272 271 269
273 272 270
271 274 248
274 252 248
275 252 274
252 275 276
276 275 277
277 275 278
278 275 279
280 279 275
280 281 279
280 282 281
280 283 282
284 274 271
284 275 274
272 284 271
284 280 275
285 284 272
273 285 272
286 285 273
285 287 284
284 287 280
286 288 285
288 287 285
289 288 286
290 283 280
290 291 283
292 280 287
288 292 287
292 290 280
289 293 288
293 292 288
294 293 289
295 291 290
295 296 291
297 290 292
293 297 292
297 295 290
294 298 293
298 297 293
299 298 294
300 296 295
300 301 296
302 295 297
298 302 297
302 300 295
299 303 298
303 302 298
304 303 299
305 300 302
303 305 302
304 306 303
306 305 303
307 306 304
308 301 300
305 308 300
308 309 301
309 310 301
309 311 310
309 312 311
309 313 312
307 314 306
315 314 307
315 316 314
306 317 305
317 308 305
314 317 306
316 318 314
314 318 317
316 319 318
317 320 308
318 320 317
320 309 308
319 321 318
318 321 320
319 322 321
309 323 313
313 323 324
323 325 324
320 326 309
321 326 320
326 323 309
322 327 321
321 327 326
322 328 327
323 329 325
329 330 325
326 331 323
327 331 326
331 329 323
328 332 327
327 332 331
328 333 332
331 334 329
332 334 331
333 335 332
332 335 334
333 336 335
329 337 330
334 337 329
336 338 335
336 339 338
340 338 339
335 341 334
335 338 341
334 341 337
340 342 338
342 341 338
343 342 340
344 330 337
344 345 330
346 337 341
342 346 341
346 344 337
343 347 342
347 346 342
348 347 343
349 345 344
349 350 345
351 350 349
352 351 349
352 353 351
352 354 353
352 355 354
352 356 355
357 344 346
347 357 346
357 349 344
348 358 347
358 357 347
359 358 348
360 349 357
358 360 357
360 352 349
359 361 358
361 360 358
362 361 359
363 352 360
361 363 360
362 364 361
364 363 361
365 364 362
363 366 352
366 356 352
365 367 364
368 367 365
364 369 363
369 366 363
367 369 364
366 370 356
370 371 356
368 372 367
373 372 368
367 374 369
372 374 367
369 375 366
375 370 366
374 375 369
370 376 371
376 377 371
373 378 372
379 378 373
372 380 374
378 380 372
374 381 375
380 381 374
375 382 370
382 376 370
381 382 375
376 383 377
383 231 377
383 228 231
379 384 378
385 384 379
378 386 380
384 386 378
380 387 381
386 387 380
381 388 382
387 388 381
382 389 376
389 383 376
388 389 382
390 228 383
389 390 383
385 391 384
392 391 385
384 393 386
391 393 384
386 394 387
393 394 386
387 395 388
394 395 387
388 396 389
396 390 389
395 396 388
390 397 228
232 228 397
392 398 391
399 398 392
391 400 393
398 400 391
393 401 394
400 401 393
394 402 395
401 402 394
395 403 396
402 403 395
396 404 390
404 397 390
403 404 396
399 405 398
406 405 399
398 407 400
405 407 398
400 408 401
407 408 400
401 409 402
408 409 401
404 410 397
410 232 397
402 411 403
409 411 402
403 412 404
412 410 404
411 412 403
410 413 232
413 209 232
413 210 209
213 210 413
414 413 410
412 414 410
414 213 413
411 415 412
415 414 412
416 213 414
415 416 414
416 211 213
409 417 411
417 415 411
418 416 415
417 418 415
419 211 416
418 419 416
419 204 211
420 417 409
408 420 409
421 418 417
420 421 417
422 419 418
421 422 418
423 204 419
422 423 419
423 196 204
424 420 408
407 424 408
425 421 420
424 425 420
426 422 421
425 426 421
427 423 422
426 427 422
428 196 423
427 428 423
428 181 196
180 181 428
429 180 428
429 428 427
179 180 429
430 424 407
405 430 407
431 425 424
430 431 424
432 426 425
431 432 425
433 427 426
433 429 427
432 433 426
434 179 429
434 429 433
166 179 434
435 433 432
435 434 433
436 435 432
436 432 431
437 430 405
406 437 405
438 431 430
438 436 431
437 438 430
439 436 438
435 436 439
439 438 440
440 438 437
440 437 441
442 441 437
442 437 406
435 439 443
442 406 444
406 445 444
406 446 445
435 443 447
448 446 406
448 449 446
450 449 448
451 435 447
450 448 452
450 452 453
452 454 453
452 455 454
452 456 455
457 435 451
457 458 435
458 434 435
458 166 434
459 458 457
459 166 458
459 457 460
459 460 461
459 461 462
459 462 463
459 464 166
464 168 166
465 168 464
466 465 464
467 466 464
467 468 466
469 464 459
469 467 464
470 468 467
470 471 468
472 467 469
472 470 467
473 471 470
473 474 471
473 475 474
476 473 470
476 470 472
473 477 475
476 477 473
477 478 475
477 479 478
479 480 478
476 481 477
481 479 477
482 476 472
482 481 476
482 472 483
483 472 469
483 469 484
484 469 459
485 484 459
459 486 485
482 487 481
459 488 486
487 489 481
481 489 479
487 490 489
459 491 488
488 491 492
491 493 492
491 459 463
491 494 493
495 491 463
491 495 494
495 463 496
494 495 497
497 495 496
497 496 456
494 497 498
452 497 456
498 497 452
498 452 499
452 500 499
452 501 500
452 502 501
503 502 452
503 504 502
505 504 503
505 506 504
507 506 505
507 508 506
507 509 508
507 510 509
510 511 509
510 512 511
512 513 511
512 514 513
514 515 513
514 516 515
514 517 516
518 517 514
518 514 519
520 518 519
514 521 519
514 522 521
514 523 522
514 524 523
525 524 514
525 514 526
525 526 527
526 528 527
526 22 528
22 529 528
22 530 529
519 521 531
532 530 22
519 531 533
520 519 533
533 531 534
532 22 535
532 535 536
22 21 535
537 536 535
535 21 33
538 520 533
533 534 538
538 539 520
538 540 539
541 540 538
537 535 542
535 33 542
542 33 48
543 537 542
538 534 544
544 541 538
544 534 545
544 546 541
544 545 547
544 548 546
544 547 549
548 544 490
490 544 489
544 549 550
542 48 551
543 542 551
551 48 54
552 543 551
551 54 552
552 553 543
552 554 553
555 554 552
550 555 552
489 544 556
489 556 479
479 556 480
480 556 557
544 558 556
556 558 559
557 556 559
559 558 560
560 558 561
544 550 562
550 552 562
544 562 558
562 552 563
562 563 558
561 558 564
564 113 561
111 113 564
558 565 564
558 563 565
564 566 111
564 565 566
111 566 95
566 81 95
566 567 81
565 567 566
567 70 81
567 65 70
565 568 567
568 65 567
563 568 565
568 55 65
563 569 568
569 55 568
552 569 563
569 49 55
552 54 569
54 49 569
570 571 572
573 571 570
573 570 574
575 573 574
575 574 576
577 575 576
577 576 578
579 577 578
579 578 580
581 579 580
581 580 582
583 581 582
583 582 584
585 583 584
585 584 586
587 585 586
587 586 588
589 587 588
589 588 590
591 589 590
591 590 592
593 591 592
593 592 594
595 593 594
595 594 596
597 595 596
597 596 598
599 597 598
599 598 600
601 599 600
601 600 602
603 601 602
603 602 604
605 603 604
606 607 608
607 609 608
607 610 609
610 611 609
610 612 611
612 613 611
612 614 613
614 615 613
614 616 615
616 617 615
616 618 617
618 619 617
618 620 619
620 621 619
620 622 621
622 623 621
622 624 623
624 625 623
624 626 625
626 627 625
626 628 627
628 629 627
628 630 629
630 631 629
630 632 631
632 633 631
632 634 633
634 635 633
634 636 635
636 637 635
636 638 637
638 639 637
638 640 639
639 640 641
642 643 644
644 643 645
644 645 646
645 647 646
644 646 648
644 648 649
649 648 650
649 650 651
650 652 651
646 653 648
648 653 650
647 654 646
646 654 653
655 650 653
654 655 653
656 652 650
655 656 650
657 652 656
655 657 656
658 652 657
659 658 657
647 660 654
661 660 647
654 662 655
660 662 654
659 657 663
664 659 663
655 665 657
665 663 657
662 665 655
664 663 666
666 663 665
667 664 666
661 668 660
669 668 661
666 665 670
662 670 665
667 666 671
671 666 670
671 672 667
660 673 662
668 673 660
674 670 662
671 670 674
674 662 673
671 675 672
674 675 671
675 676 672
669 677 668
678 677 669
678 679 677
668 680 673
677 680 668
673 681 674
674 681 675
673 680 681
675 682 676
681 682 675
682 683 676
682 684 683
679 685 677
677 685 680
679 686 685
685 686 687
681 688 682
688 684 682
680 688 681
680 685 688
688 687 684
685 687 688
689 690 691
690 692 691
690 693 692
692 693 694
690 695 693
690 696 695
696 697 695
696 698 697
697 698 699
693 695 700
695 697 700
694 693 701
693 700 701
702 700 697
701 700 702
703 697 699
702 697 703
704 703 699
702 703 704
705 704 699
706 704 705
694 701 707
708 694 707
701 702 709
707 701 709
706 710 704
711 710 706
702 704 712
712 704 710
709 702 712
711 713 710
713 712 710
714 713 711
708 707 715
716 708 715
713 717 712
709 712 717
714 718 713
718 717 713
718 714 719
707 709 720
715 707 720
721 709 717
718 721 717
721 720 709
718 719 722
721 718 722
722 719 723
716 715 724
725 716 724
725 724 726
715 720 727
724 715 727
720 721 728
721 722 728
720 728 727
722 723 729
728 722 729
729 723 730
729 730 731
726 724 732
724 727 732
726 732 733
732 734 733
728 729 735
735 729 731
727 728 735
727 735 732
735 731 734
732 735 734
736 737 738
739 736 738
739 738 740
741 739 740
741 740 742
742 743 741
742 744 743
743 744 745
743 745 746
745 747 746
745 748 747
749 747 748
749 750 747
751 750 749
751 752 750
753 752 751
753 754 752
754 753 755
756 757 758
756 758 759
756 760 757
756 759 761
760 762 757
761 759 763
760 764 762
761 763 765
764 766 762
765 763 767
764 768 766
765 767 769
768 770 766
769 767 771
768 772 770
769 771 773
772 774 770
773 771 775
772 776 774
773 775 777
776 778 774
777 775 779
776 780 778
777 779 781
780 782 778
781 779 783
780 784 782
781 783 785
784 786 782
785 783 787
784 788 786
785 787 789
788 790 786
789 787 791
788 792 790
789 791 793
792 794 790
793 791 795
792 796 794
793 795 797
796 798 794
797 795 799
796 800 798
797 799 801
800 802 798
801 799 803
800 804 802
801 803 805
804 806 802
805 803 807
804 808 806
805 807 809
808 810 806
809 807 811
808 812 810
809 811 813
812 814 810
813 811 815
812 816 814
813 815 817
816 818 814
817 815 819
816 820 818
817 819 821
820 822 818
821 819 823
820 824 822
821 823 825
824 826 822
825 823 827
824 828 826
825 827 829
828 830 826
829 827 831
828 832 830
829 831 833
832 834 830
833 831 835
832 836 834
833 835 837
836 838 834
837 835 839
836 840 838
837 839 841
840 842 838
841 839 843
840 844 842
841 843 845
844 846 842
845 843 847
844 848 846
845 847 849
848 850 846
849 847 850
848 851 850
849 850 851
852 853 854
855 854 853
852 856 853
855 853 857
858 856 852
858 859 856
860 855 857
860 857 861
858 862 859
858 863 862
864 862 863
864 865 862
866 865 864
866 867 865
868 867 866
868 869 867
870 869 868
870 871 869
872 871 870
872 873 871
874 873 872
874 875 873
876 875 874
876 877 875
876 878 877
876 879 878
879 880 878
879 881 880
881 882 880
881 883 882
883 884 882
883 885 884
885 886 884
885 887 886
887 888 886
887 889 888
889 890 888
889 891 890
890 891 860
890 860 861
892 893 894
895 892 894
893 892 896
895 897 892
896 892 898
892 897 899
898 892 900
892 899 901
892 902 900
901 903 892
892 903 902
901 904 903
903 905 902
904 906 903
903 906 905
904 907 906
906 908 905
907 909 906
906 910 908
911 906 909
906 912 910
913 906 911
906 914 912
915 906 913
916 914 906
906 915 916
917 918 919
920 918 917
919 921 917
920 917 922
921 923 917
917 924 922
923 925 917
917 926 924
917 925 927
926 917 928
917 927 928
926 928 929
928 927 930
929 928 931
928 930 931
929 931 932
931 930 933
932 931 934
931 933 935
936 934 931
931 935 937
938 936 931
931 937 939
940 938 931
941 931 939
931 941 940
942 943 944
942 944 945
942 946 943
946 947 943
942 945 948
948 945 949
950 946 942
950 942 948
946 951 947
951 952 947
951 953 952
951 954 953
955 954 951
955 956 954
955 957 956
955 958 957
959 951 946
950 959 946
959 955 951
960 958 955
960 961 958
960 962 961
960 963 962
960 964 963
960 965 964
966 965 960
967 966 960
968 960 955
967 960 968
968 955 959
969 967 968
970 968 959
969 968 970
970 959 950
969 970 971
969 971 972
970 950 973
970 973 971
971 973 974
950 948 973
972 971 975
971 974 975
972 975 976
976 975 977
975 978 977
975 979 978
975 980 979
975 981 980
975 982 981
975 974 982
974 983 982
974 984 983
974 985 984
973 948 986
973 986 974
974 986 985
948 949 986
986 987 985
986 949 988
986 988 987
989 990 991
989 991 992
989 993 990
993 994 990
993 995 994
995 996 994
995 997 996
995 998 997
989 992 999
999 992 1000
999 1000 1001
1001 1000 1002
1001 1002 1003
1001 1003 1004
1005 993 989
1005 989 999
1006 995 993
1005 1006 993
995 1007 998
1007 1008 998
1007 1009 1008
1005 999 1010
1010 999 1001
1001 1004 1011
1011 1004 1012
1011 1012 1013
1014 1007 995
1006 1014 995
1015 1009 1007
1014 1015 1007
1015 1016 1009
1017 1006 1005
1017 1005 1010
1010 1001 1018
1018 1001 1011
1019 1011 1013
1018 1011 1019
1019 1013 1020
1021 1014 1006
1017 1021 1006
1022 1015 1014
1021 1022 1014
1023 1016 1015
1022 1023 1015
1023 1024 1016
1017 1010 1025
1025 1010 1018
1026 1018 1019
1025 1018 1026
1027 1019 1020
1026 1019 1027
1027 1020 1028
1029 1021 1017
1029 1017 1025
1030 1022 1021
1029 1030 1021
1031 1023 1022
1030 1031 1022
1032 1025 1026
1029 1025 1032
1033 1026 1027
1032 1026 1033
1034 1027 1028
1033 1027 1034
1034 1028 1035
1036 1030 1029
1036 1029 1032
1037 1032 1033
1036 1032 1037
1038 1033 1034
1037 1033 1038
1039 1034 1035
1038 1034 1039
1039 1035 1040
1041 1038 1039
1042 1038 1041
1042 1037 1038
1039 1040 1043
1044 1039 1043
1041 1039 1044
1044 1043 1045
1044 1045 1046
1047 1044 1046
1041 1044 1047
1041 1047 1048
1041 1048 1049
1050 1041 1049
1051 1041 1050
1051 1042 1041
1052 1042 1051
1053 1037 1042
1052 1053 1042
1053 1036 1037
1052 1054 1053
1052 1055 1054
1055 1056 1054
1055 1057 1056
1057 1058 1056
1056 1058 1059
1056 1059 1060
1053 1061 1036
1053 1054 1061
1036 1061 1030
1061 1031 1030
1054 1062 1061
1061 1062 1031
1054 1056 1062
1056 1060 1063
1060 1064 1063
1063 1064 1065
1063 1065 1066
1056 1063 1067
1063 1066 1067
1056 1067 1062
1067 1066 1068
1067 1068 1069
1062 1070 1031
1062 1067 1070
1067 1069 1070
1031 1070 1023
1070 1069 1024
1070 1024 1023
