byte offset: 0
first index: 0
index count: 11403
topology: trianglelist
format: DXGI_FORMAT_R16_UINT

0 1 2
1 3 4
1 5 3
5 6 3
5 7 6
7 8 6
7 9 8
9 10 8
9 11 10
11 12 10
11 13 12
12 13 14
12 14 15
16 15 14
16 14 17
17 18 16
17 19 18
19 20 21
22 18 23
24 4 25
26 27 28
29 30 28
31 32 33
34 35 36
37 38 36
39 40 41
39 42 43
44 45 46
47 48 46
49 50 51
52 49 53
52 53 54
55 56 54
56 57 49
58 57 56
59 57 58
49 57 60
60 57 61
62 63 64
65 66 67
68 69 70
71 72 73
74 75 76
77 78 79
80 81 82
83 84 85
86 87 88
89 90 91
92 93 94
95 96 97
98 99 100
101 102 103
104 105 106
107 108 109
110 111 112
113 114 115
116 117 118
119 120 121
122 123 124
125 126 127
128 129 130
131 132 133
134 135 136
137 138 139
140 141 142
143 144 145
146 147 148
149 150 151
152 153 154
155 156 157
158 159 160
161 162 163
164 165 166
167 168 169
167 170 171
172 173 174
175 176 174
177 178 179
180 179 181
182 183 184
185 186 187
188 189 190
191 192 193
194 195 196
196 197 198
199 200 201
202 199 203
199 204 205
199 205 206
199 207 208
199 209 207
210 211 199
212 213 210
212 210 214
212 214 215
216 217 218
218 219 220
218 221 222
218 222 223
224 218 225
224 226 218
218 227 228
228 229 230
228 231 229
228 232 231
233 234 235
236 235 237
238 239 240
241 242 243
244 245 246
247 248 249
250 251 252
252 253 254
255 256 257
258 255 259
255 260 261
255 261 262
255 263 264
255 265 263
266 267 255
268 269 266
268 266 270
268 270 271
272 273 274
274 275 276
274 277 278
274 278 279
280 274 281
280 282 274
274 283 284
284 285 286
284 287 285
284 288 287
289 290 291
292 293 294
295 296 297
298 299 296
298 296 300
301 302 303
304 305 306
307 308 305
307 309 308
310 311 312
313 314 315
316 317 318
319 320 321
322 323 324
325 326 323
325 323 327
328 329 330
331 332 333
334 335 332
334 336 335
337 338 339
340 341 342
343 344 345
346 347 348
349 350 351
352 353 350
352 350 354
355 356 357
358 359 360
361 362 359
361 363 362
364 365 366
367 368 369
370 371 372
373 374 375
376 377 378
379 380 377
379 377 381
382 383 384
385 386 387
388 389 386
388 390 389
391 392 393
394 395 396
397 398 399
400 401 402
403 404 405
406 407 408
409 410 411
412 413 414
415 416 417
418 419 420
421 422 423
424 425 426
427 428 429
430 431 432
433 434 435
436 437 438
439 440 441
442 443 444
445 446 447
448 449 445
448 445 450
451 452 453
454 455 456
457 458 456
456 459 460
460 459 461
460 462 456
460 461 462
463 462 461
463 461 464
465 456 462
466 456 465
466 467 456
467 466 468
469 456 467
469 467 470
467 468 470
469 470 471
466 465 472
468 466 472
473 472 465
473 474 472
465 462 475
465 475 476
462 477 475
478 477 462
468 472 479
479 472 480
479 480 481
479 481 482
479 482 483
468 479 483
468 483 484
485 468 484
484 486 485
485 470 468
485 487 470
485 486 487
488 470 487
484 483 489
484 489 486
490 489 483
490 483 491
489 492 486
489 493 492
489 494 493
495 492 493
496 495 493
496 493 497
492 498 486
498 499 486
500 499 498
492 500 498
492 501 500
501 502 500
493 503 504
505 506 492
507 486 508
509 510 486
500 511 512
500 513 514
515 516 517
518 519 520
521 522 523
524 525 526
527 528 529
530 531 527
532 530 533
530 534 535
534 536 537
538 539 535
538 540 539
541 542 543
544 545 470
546 547 548
549 547 550
547 551 552
551 547 553
551 553 554
553 547 555
553 555 556
556 557 553
556 558 557
553 557 559
553 559 560
561 562 563
564 565 475
566 567 475
566 475 568
461 569 570
571 461 572
573 574 575
573 576 577
578 579 580
581 582 583
584 585 586
587 588 589
590 591 592
593 594 595
596 597 593
593 598 599
600 601 593
601 602 593
601 603 602
593 602 604
593 604 605
606 604 602
606 607 604
608 606 602
608 602 609
610 593 611
610 611 612
613 614 615
616 617 618
619 620 621
622 623 624
625 626 627
628 629 630
631 632 633
634 635 636
637 638 639
640 641 642
643 644 645
646 647 648
649 650 651
652 653 654
655 656 657
655 658 659
655 660 658
660 655 661
662 661 655
663 661 662
663 664 661
660 661 664
663 662 665
662 655 666
665 662 666
666 655 667
666 667 668
665 666 669
669 666 670
666 671 670
669 670 672
663 665 673
669 673 665
664 674 660
675 660 674
675 676 660
663 677 664
664 677 674
669 678 673
673 678 679
680 678 669
680 681 678
678 682 679
678 683 682
663 673 684
673 679 684
663 684 685
685 684 679
663 686 677
663 685 687
663 687 686
677 686 688
677 688 674
687 685 689
685 679 689
686 687 690
686 690 688
687 689 690
674 688 691
674 691 692
689 679 693
689 693 694
690 689 695
690 695 696
688 690 697
688 697 698
674 699 700
689 701 702
690 703 704
688 705 706
660 707 708
679 709 710
679 711 712
678 713 714
669 715 716
717 718 719
720 721 722
723 724 725
726 727 728
729 730 731
729 732 730
733 730 732
733 732 734
735 733 734
735 736 733
737 738 739
737 740 738
740 741 738
740 742 741
741 742 743
741 743 744
745 746 747
745 747 748
749 750 751
749 751 752
753 754 755
753 756 754
756 757 754
757 758 754
759 754 758
759 760 754
761 762 763
761 763 764
764 765 766
764 766 767
767 768 769
767 769 770
770 771 772
770 772 773
773 774 775
773 775 776
776 777 778
776 778 779
779 780 781
779 781 782
782 783 784
782 784 785
785 786 787
785 787 788
788 789 790
788 790 791
791 792 793
791 793 794
794 795 796
794 796 797
797 798 799
797 799 800
800 801 802
800 802 803
803 804 805
803 805 806
806 807 808
806 808 809
809 810 811
809 811 812
812 813 814
812 814 815
815 816 817
815 817 818
818 819 820
818 820 821
821 822 823
821 823 824
824 825 826
824 826 827
827 828 829
827 829 830
830 831 832
830 832 833
833 834 835
833 835 836
836 837 838
836 838 839
839 840 841
839 841 842
842 843 844
842 844 845
845 846 847
845 847 848
848 849 850
848 850 851
851 852 853
851 853 854
854 855 856
854 856 857
857 858 859
857 859 860
860 861 862
860 862 863
863 864 865
863 865 866
866 867 868
866 868 869
869 870 871
869 871 872
872 873 874
872 874 875
875 876 877
875 877 878
878 879 880
878 880 881
881 882 883
881 883 884
884 883 885
884 885 886
886 887 888
886 888 889
889 890 891
889 891 892
892 893 894
892 894 895
895 896 897
895 897 898
898 899 900
898 900 901
901 902 903
901 903 904
904 905 906
904 906 907
907 908 909
907 909 910
910 911 912
910 912 913
913 914 915
913 915 916
916 917 918
916 918 919
919 920 921
919 921 922
922 923 924
922 924 925
926 927 928
926 928 929
930 931 932
930 932 933
934 932 935
934 935 936
937 935 938
937 938 939
940 938 941
940 941 942
943 941 944
943 944 945
946 944 947
946 947 948
949 947 950
949 950 951
951 950 952
951 952 953
954 952 955
954 955 956
957 955 958
957 958 959
960 958 961
960 961 962
963 961 964
963 964 965
966 964 967
966 967 968
969 967 970
969 970 971
972 970 973
972 973 974
975 973 976
975 976 977
978 976 979
978 979 980
981 979 982
981 982 983
984 982 985
984 985 986
987 985 988
987 988 989
990 988 991
990 991 992
993 991 994
993 994 995
996 994 997
996 997 998
999 997 1000
999 1000 1001
1002 1000 1003
1002 1003 1004
1005 1003 1006
1005 1006 1007
1008 1006 1009
1008 1009 1010
1011 1009 1012
1011 1012 1013
1014 1012 1015
1014 1015 1016
1017 1015 1018
1017 1018 1019
1020 1018 1021
1020 1021 1022
1023 1021 1024
1023 1024 1025
1026 1024 1027
1026 1027 1028
1029 1027 1030
1029 1030 1031
1032 1030 1033
1032 1033 1034
1035 1033 1036
1035 1036 1037
1038 1036 1039
1038 1039 1040
1041 1039 1042
1041 1042 1043
1044 1042 1045
1044 1045 1046
1047 1045 1048
1047 1048 1049
1050 1048 1051
1050 1051 1052
1053 1051 1054
1053 1054 1055
1056 1054 1057
1056 1057 1058
1059 1057 1060
1059 1060 1061
1062 1060 1063
1062 1063 1064
1065 1063 1066
1065 1066 1067
1068 1066 1069
1068 1069 1070
1071 1069 1072
1071 1072 1073
1074 1072 1075
1074 1075 1076
1077 1075 1078
1077 1078 1079
1080 1078 1081
1080 1081 1082
1083 1081 1084
1083 1084 1085
1086 1084 1087
1086 1087 1088
1089 1087 1090
1089 1090 1091
1092 1090 1093
1092 1093 1094
1095 1096 1097
1095 1097 1098
1099 1100 1101
1099 1101 1102
1103 1104 1105
1103 1105 1106
1107 1108 1109
1107 1109 1110
1111 1112 1113
1111 1113 1114
1115 1116 1117
1115 1117 1118
1119 1120 1121
1119 1121 1122
1123 1124 1125
1123 1125 1126
1127 1128 1129
1127 1129 1130
1131 1132 1133
1131 1133 1134
1135 1136 1137
1135 1137 1138
1139 1140 1141
1139 1141 1142
1143 1144 1145
1143 1145 1146
1147 1148 1149
1147 1149 1150
1151 1152 1153
1151 1153 1154
1155 1156 1157
1155 1157 1158
1159 1160 1161
1159 1161 1162
1163 1164 1165
1163 1165 1166
1167 1168 1169
1167 1169 1170
1171 1172 1173
1171 1173 1174
1175 1176 1177
1175 1177 1178
1179 1180 1181
1179 1181 1182
1183 1184 1185
1183 1185 1186
1187 1188 1189
1187 1189 1190
1191 1192 1193
1191 1193 1194
1195 1196 1197
1195 1197 1198
1199 1200 1201
1199 1201 1202
1203 1204 1205
1203 1205 1206
1207 1208 1209
1207 1209 1210
1211 1212 1213
1211 1213 1214
1215 1216 1217
1215 1217 1218
1219 1220 1221
1219 1221 1222
1223 1224 1225
1223 1225 1226
1227 1228 1229
1227 1229 1230
1231 1232 1233
1231 1233 1234
1235 1236 1237
1235 1237 1238
1239 1240 1241
1239 1241 1242
1243 1244 1245
1243 1245 1246
1247 1248 1249
1247 1249 1250
1251 1252 1253
1251 1253 1254
1255 1256 1257
1255 1257 1258
1259 1260 1261
1259 1261 1262
1263 1264 1265
1263 1265 1266
1267 1268 1269
1267 1269 1270
1271 1272 1273
1271 1273 1274
1275 1276 1277
1275 1277 1278
1279 1280 1281
1279 1281 1282
1283 1284 1285
1283 1285 1286
1287 1288 1289
1287 1289 1290
1291 1292 1293
1291 1293 1294
1295 1296 1297
1295 1297 1298
1299 1300 1301
1299 1301 1302
1303 1304 1305
1303 1305 1306
1307 1308 1309
1307 1309 1310
1311 1312 1313
1311 1313 1314
1315 1316 1317
1315 1317 1318
1319 1320 1321
1319 1321 1322
1323 1324 1325
1323 1325 1326
1327 1328 1329
1327 1329 1330
1331 1332 1333
1331 1333 1334
1335 1336 1337
1335 1337 1338
1339 1340 1341
1339 1341 1342
1343 1344 1345
1343 1345 1346
1347 1348 1349
1347 1349 1350
1351 1352 1353
1351 1354 1352
1354 1351 1355
1356 1357 1358
1359 1356 1358
1359 1358 1360
1361 1362 1363
1361 1363 1364
1365 1366 1367
1365 1367 1368
1369 1370 1371
1369 1372 1370
1372 1373 1370
1372 1374 1373
1374 1375 1373
1374 1376 1375
1376 1377 1375
1376 1378 1377
1379 1380 1381
1379 1381 1382
1383 1384 1385
1383 1385 1386
1387 1388 1389
1387 1389 1390
1391 1387 1390
1391 1390 1392
1393 1391 1392
1393 1392 1394
1395 1393 1394
1395 1394 1396
1397 1398 1399
1397 1399 1400
1397 1400 1401
1401 1400 1402
1401 1403 1397
1401 1404 1403
1404 1405 1403
1406 1397 1403
1407 1406 1403
1408 1409 1410
1408 1410 1411
1412 1413 1414
1412 1414 1415
1416 1412 1415
1416 1415 1417
1418 1416 1417
1418 1417 1419
1420 1418 1419
1420 1419 1421
1422 1420 1421
1422 1421 1423
1424 1422 1423
1424 1423 1425
1426 1427 1428
1426 1428 1429
1430 1426 1429
1430 1429 1431
1432 1430 1431
1432 1431 1433
1434 1432 1433
1434 1433 1435
1436 1434 1435
1436 1435 1437
1438 1436 1437
1438 1437 1439
1440 1441 1442
1440 1443 1441
1444 1443 1440
1444 1445 1443
1446 1445 1444
1446 1447 1445
1448 1447 1446
1448 1449 1447
1450 1449 1448
1450 1451 1449
1452 1451 1450
1452 1453 1451
1454 1455 1456
1454 1457 1455
1458 1457 1454
1458 1459 1457
1460 1459 1458
1460 1461 1459
1462 1461 1460
1462 1463 1461
1464 1463 1462
1464 1465 1463
1466 1465 1464
1466 1467 1465
1468 1469 1470
1468 1470 1471
1472 1468 1471
1472 1471 1473
1474 1472 1473
1474 1473 1475
1474 1475 1476
1474 1476 1477
1478 1477 1476
1478 1476 1479
1480 1478 1479
1480 1479 1481
1482 1483 1484
1482 1485 1483
1483 1485 1486
1483 1486 1487
1487 1486 1488
1487 1488 1489
1489 1488 1490
1489 1490 1491
1491 1490 1492
1491 1492 1493
1493 1492 1494
1493 1494 1495
1495 1494 1496
1495 1496 1497
1497 1496 1498
1497 1498 1499
1500 1501 1502
1503 1501 1500
1504 1501 1503
1505 1501 1504
1506 1501 1505
1507 1501 1506
1508 1509 1510
1510 1509 1511
1511 1509 1512
1512 1509 1513
1513 1509 1514
1514 1509 1515
1516 1517 1518
1516 1518 1519
1516 1519 1520
1516 1520 1521
1521 1520 1522
1521 1522 1523
1524 1523 1522
1524 1522 1525
1526 1524 1525
1526 1525 1527
1528 1526 1527
1528 1529 1526
1529 1528 1530
1529 1530 1531
1532 1531 1530
1532 1530 1533
1534 1535 1536
1534 1537 1535
1538 1537 1534
1538 1539 1537
1540 1539 1538
1540 1538 1541
1542 1540 1541
1542 1541 1543
1544 1542 1543
1544 1545 1542
1546 1545 1544
1546 1547 1545
1548 1547 1546
1548 1546 1549
1550 1548 1549
1550 1551 1548
1552 1553 1554
1554 1553 1555
1555 1553 1556
1556 1553 1557
1557 1553 1558
1558 1553 1559
1560 1561 1562
1563 1561 1560
1564 1561 1563
1565 1561 1564
1566 1561 1565
1567 1561 1566
1568 1569 1570
1568 1571 1569
1572 1569 1571
1572 1571 1573
1574 1572 1573
1574 1575 1572
1576 1575 1574
1576 1577 1575
1578 1577 1576
1578 1579 1577
1580 1579 1578
1580 1581 1579
1582 1583 1584
1585 1584 1583
1586 1584 1585
1587 1584 1586
1588 1589 1590
1591 1590 1589
1592 1591 1589
1593 1592 1589
1594 1595 1596
1594 1596 1597
1597 1598 1594
1597 1599 1598
1600 1598 1599
1600 1599 1601
1602 1600 1601
1602 1601 1603
1604 1602 1603
1604 1603 1605
1606 1604 1605
1606 1605 1607
1608 1609 1610
1611 1610 1609
1612 1611 1609
1613 1612 1609
1614 1615 1616
1614 1616 1617
1617 1618 1614
1617 1619 1618
1619 1620 1618
1619 1621 1620
1622 1620 1621
1622 1621 1623
1624 1622 1623
1624 1625 1622
1625 1624 1626
1625 1626 1627
1628 1627 1626
1628 1626 1629
1630 1628 1629
1630 1629 1631
1632 1630 1631
1632 1631 1633
1634 1632 1633
1634 1633 1635
1636 1637 1638
1639 1637 1636
1640 1637 1639
1641 1637 1640
1642 1637 1641
1643 1637 1642
1644 1637 1643
1645 1637 1644
1646 1647 1648
1648 1647 1649
1649 1647 1650
1650 1647 1651
1651 1647 1652
1652 1647 1653
1653 1647 1654
1654 1647 1655
1656 1657 1658
1656 1658 1659
1660 1661 1662
1660 1662 1663
1664 1665 1666
1664 1666 1667
1668 1669 1670
1668 1670 1671
1672 1673 1674
1672 1674 1675
1676 1677 1678
1676 1678 1679
1680 1681 1682
1680 1682 1683
1684 1685 1686
1684 1686 1687
1688 1689 1690
1688 1690 1691
1692 1693 1688
1692 1694 1693
1692 1695 1696
1692 1697 1695
1698 1699 1697
1698 1700 1699
1701 1702 1698
1701 1703 1702
1701 1704 1705
1701 1706 1704
1706 1707 1708
1706 1709 1707
1710 1711 1709
1710 1712 1711
1713 1714 1715
1714 1716 1715
1716 1717 1715
1717 1718 1715
1718 1719 1715
1719 1720 1715
1721 1722 1723
1723 1722 1724
1724 1722 1725
1725 1722 1726
1726 1722 1727
1728 1729 1730
1731 1729 1728
1732 1729 1731
1733 1729 1732
1734 1729 1733
1735 1736 1737
1738 1736 1735
1739 1736 1738
1740 1736 1739
1741 1736 1740
1742 1736 1741
1743 1744 1745
1743 1745 1746
1747 1743 1746
1747 1748 1743
1747 1749 1748
1747 1750 1749
1751 1749 1750
1751 1750 1752
1753 1751 1752
1753 1752 1754
1755 1753 1754
1755 1754 1756
1757 1755 1756
1757 1758 1755
1759 1758 1757
1759 1760 1758
1761 1762 1763
1761 1763 1764
1763 1765 1764
1763 1766 1765
1767 1765 1766
1767 1768 1765
1768 1767 1769
1770 1768 1769
1771 1770 1769
1769 1767 1772
1772 1773 1769
1774 1775 1776
1774 1776 1777
1778 1779 1780
1778 1780 1781
1782 1783 1784
1782 1784 1785
1786 1785 1784
1786 1787 1785
1786 1788 1787
1786 1789 1788
1790 1788 1789
1789 1791 1790
1791 1792 1790
1793 1788 1790
1794 1793 1790
1795 1796 1797
1795 1798 1796
1798 1795 1799
1800 1801 1802
1800 1802 1803
1800 1803 1804
1805 1806 1807
1805 1808 1806
1808 1805 1809
1808 1809 1810
1810 1809 1811
1808 1810 1812
1813 1812 1810
1813 1810 1814
1810 1815 1814
1810 1816 1815
1810 1817 1816
1810 1818 1817
1818 1810 1819
1820 1819 1810
1818 1819 1821
1822 1818 1821
1822 1823 1818
1824 1825 1826
1824 1826 1827
1827 1826 1828
1828 1826 1829
1828 1829 1830
1829 1826 1831
1832 1829 1831
1832 1833 1829
1829 1833 1834
1829 1834 1835
1829 1835 1836
1836 1837 1829
1829 1837 1838
1829 1838 1839
1838 1837 1840
1840 1837 1841
1840 1841 1842
1843 1844 1845
1843 1845 1846
1847 1848 1849
1847 1849 1850
1851 1852 1853
1851 1853 1854
1854 1855 1851
1854 1856 1855
1856 1857 1855
1856 1858 1857
1858 1859 1857
1858 1860 1859
1861 1862 1863
1861 1863 1864
1865 1866 1867
1865 1867 1868
1869 1870 1871
1869 1872 1870
1873 1872 1869
1873 1874 1872
1875 1874 1873
1875 1876 1874
1877 1876 1875
1877 1878 1876
1879 1880 1881
1879 1881 1882
1883 1884 1885
1883 1885 1886
1887 1883 1886
1887 1886 1888
1889 1887 1888
1889 1888 1890
1891 1889 1890
1891 1890 1892
1893 1891 1892
1893 1892 1894
1895 1893 1894
1895 1894 1896
1897 1898 1899
1899 1898 1900
1900 1898 1901
1901 1898 1902
1903 1904 1905
1903 1905 1906
1906 1905 1907
1906 1907 1908
1908 1907 1909
1908 1909 1910
1910 1909 1911
1910 1911 1912
1912 1911 1913
1912 1913 1914
1914 1913 1915
1914 1915 1916
1917 1918 1919
1919 1918 1920
1920 1918 1921
1921 1918 1922
1923 1924 1925
1923 1925 1926
1927 1923 1926
1928 1923 1927
1929 1923 1928
1929 1930 1923
1927 1926 1931
1928 1927 1932
1933 1928 1932
1934 1928 1933
1934 1935 1928
1926 1936 1931
1927 1931 1937
1931 1936 1938
1931 1938 1937
1939 1937 1938
1927 1937 1940
1939 1940 1937
1941 1927 1940
1941 1932 1927
1939 1941 1940
1942 1932 1941
1939 1942 1941
1942 1943 1932
1933 1932 1943
1944 1943 1942
1939 1944 1942
1945 1933 1943
1944 1945 1943
1926 1946 1936
1926 1947 1946
1926 1948 1947
1946 1949 1936
1938 1936 1949
1939 1938 1950
1938 1949 1950
1939 1951 1944
1939 1950 1951
1952 1944 1951
1950 1952 1951
1952 1945 1944
1950 1949 1952
1953 1945 1952
1949 1953 1952
1945 1954 1933
1953 1954 1945
1955 1933 1954
1955 1956 1933
1957 1954 1953
1957 1958 1954
1949 1959 1953
1946 1959 1949
1960 1953 1959
1946 1960 1959
1960 1961 1953
1946 1962 1960
1963 1964 1965
1963 1965 1966
1966 1965 1967
1968 1963 1966
1968 1969 1963
1966 1967 1970
1968 1966 1970
1967 1971 1970
1967 1972 1971
1973 1969 1968
1973 1974 1969
1975 1974 1973
1968 1970 1976
1973 1968 1976
1977 1976 1970
1977 1970 1978
1975 1973 1979
1980 1975 1979
1973 1976 1981
1979 1973 1981
1982 1981 1976
1982 1976 1983
1980 1979 1984
1985 1980 1984
1979 1981 1986
1984 1979 1986
1987 1986 1981
1987 1988 1986
1984 1986 1989
1990 1989 1986
1990 1991 1989
1992 1984 1989
1993 1992 1989
1993 1994 1992
1985 1984 1995
1992 1995 1984
1996 1985 1995
1996 1995 1992
1996 1997 1985
1998 1997 1996
1998 1996 1999
2000 1999 1996
1996 1992 2001
2000 1996 2001
2002 2001 1992
2002 2003 2001
2004 2000 2001
2004 2001 2005
2006 2007 2008
2006 2008 2009
2009 2008 2010
2010 2008 2011
2012 2013 2014
2012 2014 2015
2015 2014 2016
2015 2016 2017
2017 2016 2018
2017 2018 2019
2019 2018 2020
2019 2020 2021
2020 2022 2021
2020 2023 2022
2022 2023 2024
2022 2024 2025
2026 2027 2028
2028 2027 2029
2029 2027 2030
2030 2027 2031
2032 2033 2034
2032 2034 2035
2036 2032 2035
2035 2034 2037
2035 2037 2038
2036 2035 2038
2037 2039 2038
2036 2038 2039
2037 2040 2039
2040 2041 2039
2036 2039 2041
2040 2042 2041
2041 2042 2043
2041 2043 2044
2036 2041 2044
2045 2044 2043
2036 2044 2045
2045 2043 2046
2045 2046 2047
2036 2045 2048
2045 2047 2048
2036 2048 2049
2048 2047 2050
2048 2050 2049
2051 2052 2053
2051 2054 2052
2054 2055 2056
2054 2056 2057
2058 2059 2052
2058 2060 2059
2061 2062 2058
2061 2063 2062
2064 2057 2065
2064 2065 2066
2064 2067 2068
2064 2068 2069
2069 2070 2071
2069 2071 2072
2072 2073 2074
2072 2074 2075
2076 2077 2078
2076 2078 2079
2080 2079 2078
2081 2080 2078
2082 2081 2078
2083 2082 2078
2084 2085 2086
2084 2086 2087
2087 2086 2088
2087 2088 2089
2089 2088 2090
2089 2090 2091
2091 2090 2092
2091 2092 2093
2094 2093 2092
2094 2092 2095
2094 2095 2096
2094 2096 2097
2098 2099 2100
2098 2100 2101
2102 2098 2101
2101 2100 2103
2101 2103 2104
2102 2101 2104
2103 2105 2104
2102 2104 2105
2103 2106 2105
2106 2107 2105
2102 2105 2107
2106 2108 2107
2107 2108 2109
2107 2109 2110
2102 2107 2110
2111 2110 2109
2102 2110 2111
2111 2109 2112
2111 2112 2113
2102 2111 2114
2111 2113 2114
2102 2114 2115
2114 2113 2116
2114 2116 2115
2117 2118 2119
2117 2120 2118
2120 2121 2122
2120 2122 2123
2124 2125 2118
2124 2126 2125
2127 2128 2124
2127 2129 2128
2130 2123 2131
2130 2131 2132
2130 2133 2134
2130 2134 2135
2135 2136 2137
2135 2137 2138
2138 2139 2140
2138 2140 2141
2142 2143 2144
2142 2144 2145
2146 2145 2144
2147 2146 2144
2148 2147 2144
2149 2148 2144
2150 2151 2152
2150 2152 2153
2153 2152 2154
2153 2154 2155
2155 2154 2156
2155 2156 2157
2157 2156 2158
2157 2158 2159
2160 2159 2158
2160 2158 2161
2160 2161 2162
2160 2162 2163
2164 2165 2166
2164 2166 2167
2168 2164 2167
2167 2166 2169
2167 2169 2170
2168 2167 2170
2169 2171 2170
2168 2170 2171
2169 2172 2171
2172 2173 2171
2168 2171 2173
2172 2174 2173
2173 2174 2175
2173 2175 2176
2168 2173 2176
2177 2176 2175
2168 2176 2177
2177 2175 2178
2177 2178 2179
2168 2177 2180
2177 2179 2180
2168 2180 2181
2180 2179 2182
2180 2182 2181
2183 2184 2185
2183 2186 2184
2186 2187 2188
2186 2188 2189
2190 2191 2184
2190 2192 2191
2193 2194 2190
2193 2195 2194
2196 2189 2197
2196 2197 2198
2196 2199 2200
2196 2200 2201
2201 2202 2203
2201 2203 2204
2204 2205 2206
2204 2206 2207
2208 2209 2210
2208 2210 2211
2212 2211 2210
2213 2212 2210
2214 2213 2210
2215 2214 2210
2216 2217 2218
2216 2218 2219
2219 2218 2220
2219 2220 2221
2221 2220 2222
2221 2222 2223
2223 2222 2224
2223 2224 2225
2226 2225 2224
2226 2224 2227
2226 2227 2228
2226 2228 2229
2230 2231 2232
2230 2232 2233
2234 2235 2236
2234 2236 2237
2238 2239 2240
2238 2240 2241
2242 2243 2244
2242 2244 2245
2246 2247 2248
2246 2249 2250
2249 2248 2251
2249 2251 2252
2251 2253 2252
2251 2254 2253
2255 2253 2254
2255 2254 2256
2255 2257 2258
2256 2259 2257
2260 2261 2262
2260 2262 2263
2264 2265 2266
2264 2266 2267
2268 2269 2270
2268 2271 2269
2269 2271 2272
2269 2272 2273
2272 2274 2273
2272 2275 2274
2276 2277 2278
2276 2279 2277
2279 2280 2277
2279 2281 2280
2281 2282 2280
2281 2283 2282
2284 2285 2286
2284 2286 2287
2288 2284 2287
2288 2289 2284
2290 2291 2292
2290 2292 2293
2294 2295 2296
2294 2296 2297
2298 2299 2300
2298 2300 2301
2298 2302 2303
2298 2303 2304
2305 2306 2307
2305 2307 2308
2308 2309 2310
2308 2310 2311
2312 2313 2314
2312 2314 2315
2316 2317 2314
2316 2314 2318
2319 2320 2321
2319 2321 2322
2323 2324 2322
2323 2325 2324
2326 2327 2328
2326 2328 2329
2330 2331 2332
2330 2332 2333
2334 2335 2336
2334 2337 2335
2337 2334 2338
2337 2338 2339
2340 2341 2342
2340 2342 2343
2344 2345 2346
2344 2346 2347
2348 2349 2350
2348 2351 2349
2352 2351 2353
2352 2353 2354
2355 2356 2357
2355 2357 2358
2359 2360 2361
2359 2361 2362
2363 2364 2362
2363 2365 2364
2366 2365 2367
2366 2367 2368
2369 2370 2371
2369 2371 2372
2373 2374 2375
2373 2376 2374
2377 2376 2378
2377 2378 2379
2380 2379 2381
2380 2381 2382
2383 2384 2382
2383 2385 2384
2386 2385 2387
2386 2387 2388
2389 2390 2391
2389 2391 2392
2393 2394 2395
2393 2395 2396
2397 2398 2399
2397 2399 2400
2401 2402 2403
2401 2403 2404
2405 2406 2407
2405 2408 2409
2408 2407 2410
2408 2410 2411
2410 2412 2411
2410 2413 2412
2414 2412 2413
2414 2413 2415
2414 2416 2417
2415 2418 2416
2419 2420 2421
2419 2421 2422
2423 2424 2425
2423 2425 2426
2427 2428 2429
2427 2429 2430
2431 2432 2433
2431 2433 2434
2435 2436 2437
2435 2437 2438
2439 2440 2441
2439 2441 2442
2443 2444 2445
2443 2445 2446
2447 2448 2449
2447 2449 2450
2451 2452 2453
2451 2453 2454
2455 2456 2457
2455 2457 2458
2459 2460 2461
2459 2461 2462
2463 2464 2465
2463 2465 2466
2467 2468 2469
2467 2469 2470
2471 2472 2473
2471 2473 2474
2474 2475 2476
2474 2476 2477
2477 2478 2479
2477 2479 2480
2480 2481 2482
2480 2482 2483
2483 2484 2485
2483 2485 2486
2487 2488 2486
2487 2489 2488
2490 2491 2488
2490 2492 2491
2493 2494 2495
2493 2495 2496
2497 2498 2499
2497 2499 2500
2501 2502 2503
2501 2503 2504
2505 2506 2507
2505 2507 2508
2509 2510 2511
2509 2511 2512
2513 2514 2515
2513 2515 2516
2517 2518 2519
2517 2519 2520
2521 2522 2523
2521 2523 2524
2525 2526 2527
2525 2527 2528
2529 2530 2531
2529 2531 2532
2533 2534 2535
2533 2535 2536
2537 2538 2539
2537 2539 2540
2541 2542 2543
2541 2543 2544
2545 2546 2547
2545 2547 2548
2549 2550 2551
2549 2551 2552
2553 2554 2555
2553 2555 2556
2557 2558 2559
2557 2559 2560
2561 2562 2563
2561 2563 2564
2565 2566 2567
2565 2567 2568
2569 2570 2571
2569 2571 2572
2572 2573 2574
2572 2574 2575
2575 2576 2577
2575 2577 2578
2578 2579 2580
2578 2580 2581
2581 2582 2583
2581 2583 2584
2585 2586 2584
2585 2587 2586
2588 2589 2586
2588 2590 2589
2591 2592 2593
2591 2593 2594
2595 2596 2597
2595 2597 2598
2599 2600 2601
2599 2601 2602
2603 2604 2605
2603 2605 2606
2607 2608 2609
2607 2609 2610
2611 2612 2613
2611 2613 2614
2615 2616 2617
2615 2617 2618
2619 2620 2621
2619 2621 2622
2623 2624 2625
2623 2625 2626
2627 2628 2629
2627 2629 2630
2631 2632 2633
2631 2633 2634
2635 2636 2637
2635 2637 2638
2639 2640 2641
2639 2641 2642
2643 2644 2645
2643 2645 2646
2647 2648 2649
2647 2649 2650
2651 2652 2653
2651 2653 2654
2655 2656 2657
2655 2657 2658
2659 2660 2661
2659 2661 2662
2663 2664 2665
2663 2665 2666
2667 2668 2669
2667 2669 2670
2670 2671 2672
2670 2672 2673
2673 2674 2675
2673 2675 2676
2676 2677 2678
2676 2678 2679
2679 2680 2681
2679 2681 2682
2683 2684 2682
2683 2685 2684
2686 2687 2684
2686 2688 2687
2689 2690 2691
2689 2691 2692
2693 2694 2695
2693 2695 2696
2697 2698 2699
2697 2699 2700
2701 2702 2703
2701 2703 2704
2705 2706 2707
2705 2707 2708
2709 2710 2711
2709 2711 2712
2713 2714 2715
2713 2715 2716
2717 2718 2719
2717 2719 2720
2721 2722 2723
2721 2723 2724
2725 2726 2727
2725 2727 2728
2729 2730 2731
2729 2731 2732
2733 2734 2735
2733 2735 2736
2737 2738 2739
2737 2739 2740
2741 2742 2743
2741 2743 2744
2745 2746 2747
2745 2747 2748
2749 2750 2751
2749 2751 2752
2753 2754 2755
2753 2755 2756
2757 2758 2759
2757 2759 2760
2761 2762 2763
2761 2763 2764
2765 2766 2767
2765 2767 2768
2768 2769 2770
2768 2770 2771
2771 2772 2773
2771 2773 2774
2774 2775 2776
2774 2776 2777
2777 2778 2779
2777 2779 2780
2781 2782 2780
2781 2783 2782
2784 2785 2782
2784 2786 2785
2787 2788 2789
2787 2789 2790
2791 2792 2793
2791 2793 2794
2795 2796 2797
2795 2797 2798
2799 2800 2801
2799 2801 2802
2803 2804 2805
2803 2805 2806
2807 2808 2809
2807 2809 2810
2811 2812 2813
2811 2813 2814
2815 2816 2817
2815 2817 2818
2819 2820 2821
2819 2821 2822
2823 2824 2825
2823 2825 2826
2827 2828 2829
2827 2829 2830
2831 2832 2833
2831 2833 2834
2835 2836 2837
2835 2837 2838
2839 2840 2841
2839 2841 2842
2843 2844 2845
2843 2845 2846
2847 2848 2849
2847 2849 2850
2851 2852 2853
2851 2853 2854
2855 2856 2857
2855 2857 2858
2859 2860 2861
2859 2861 2862
2863 2864 2865
2863 2865 2866
2867 2868 2869
2867 2869 2870
2871 2872 2873
2871 2873 2874
2875 2876 2877
2875 2877 2878
2878 2877 2879
2878 2879 2880
2881 2882 2883
2881 2883 2884
2885 2886 2887
2885 2887 2888
2889 2890 2891
2889 2891 2892
2892 2891 2893
2892 2893 2894
2895 2896 2897
2895 2897 2898
2899 2900 2901
2899 2901 2902
2903 2904 2905
2903 2905 2906
2907 2908 2909
2907 2909 2910
2911 2912 2913
2911 2913 2914
2915 2916 2917
2915 2917 2918
2919 2920 2921
2919 2922 2920
2922 2919 2923
2922 2923 2924
2924 2923 2925
2926 2925 2923
2926 2923 2919
2926 2919 2927
2919 2928 2927
2919 2929 2928
2930 2926 2927
2930 2925 2926
2930 2927 2931
2931 2927 2932
2931 2932 2933
2930 2934 2925
2931 2934 2930
2931 2935 2934
2931 2936 2935
2931 2937 2936
2935 2938 2934
2938 2925 2934
2935 2939 2938
2940 2939 2935
2940 2941 2939
2942 2938 2939
2942 2925 2938
2942 2939 2943
2943 2939 2944
2943 2944 2945
2946 2925 2942
2946 2942 2943
2947 2925 2946
2924 2925 2947
2946 2943 2948
2949 2948 2943
2949 2950 2948
2948 2951 2946
2948 2952 2951
2948 2953 2952
2947 2946 2954
2946 2951 2954
2951 2955 2954
2951 2956 2955
2951 2957 2956
2958 2954 2955
2955 2959 2958
2955 2960 2959
2961 2947 2954
2958 2961 2954
2961 2962 2947
2963 2947 2962
2924 2947 2963
2958 2964 2961
2965 2964 2958
2965 2958 2966
2967 2961 2964
2967 2962 2961
2967 2964 2968
2969 2968 2964
2969 2970 2968
2924 2963 2971
2924 2971 2972
2972 2922 2924
2922 2972 2973
2922 2973 2974
2975 2972 2971
2975 2976 2972
2963 2962 2977
2962 2967 2978
2977 2962 2978
2968 2979 2967
2968 2980 2979
2968 2981 2980
2982 2978 2967
2982 2967 2979
2977 2978 2983
2983 2978 2984
2985 2978 2982
2982 2979 2986
2987 2986 2979
2987 2988 2986
2986 2989 2982
2985 2982 2989
2990 2989 2986
2990 2991 2989
2985 2989 2992
2992 2989 2993
2992 2993 2994
2992 2995 2985
2996 2995 2992
2996 2992 2997
2998 2978 2985
2998 2985 2995
2998 2995 2999
3000 2999 2995
3000 2995 3001
2999 3002 2998
3003 3002 2999
3003 3004 3002
2998 3002 3005
2998 3005 2978
3005 3002 3006
2978 3005 3006
3006 3002 3007
3006 3007 3008
2978 3006 3009
3010 3009 3006
3010 3011 3009
3012 2978 3009
3013 3012 3009
3013 3009 3014
3012 3015 2978
2984 2978 3015
3012 3016 3015
3017 3016 3012
3017 3018 3016
2984 3015 3019
3015 3016 3019
3016 3020 3019
2984 3019 3020
3016 3021 3020
3016 3022 3021
2984 3020 3023
3020 3024 3023
3020 3025 3024
3023 3026 2984
3027 3026 3023
3027 3023 3028
3029 2984 3026
3029 3026 3030
3029 3030 3031
3029 2983 2984
3029 3032 2983
3033 3032 3029
3033 3034 3032
2977 2983 3032
2977 3032 3035
3035 3032 3036
3035 3036 3037
3035 3038 2977
3039 3038 3035
3039 3040 3038
2963 2977 3038
2963 3038 3041
3041 2971 2963
3042 3041 3038
3042 3038 3043
2971 3041 3044
2971 3044 3045
3046 3047 3048
3046 3049 3047
3050 3049 3046
3046 3051 3050
3052 3051 3046
3052 3053 3051
3054 3050 3051
3054 3051 3055
3055 3051 3056
3055 3056 3057
3055 3058 3054
3058 3055 3059
3058 3059 3060
3054 3061 3050
3054 3058 3062
3054 3062 3061
3062 3058 3063
3061 3062 3063
3063 3058 3064
3063 3064 3065
3050 3061 3066
3050 3066 3049
3061 3063 3067
3068 3067 3063
3068 3069 3067
3070 3061 3067
3066 3061 3071
3072 3070 3067
3072 3067 3073
3074 3049 3066
3049 3074 3075
3049 3075 3076
3066 3077 3074
3066 3071 3077
3074 3077 3078
3074 3078 3079
3080 3077 3071
3081 3077 3080
3081 3080 3082
3071 3083 3080
3080 3083 3084
3080 3084 3085
3071 3086 3083
3071 3087 3086
3087 3071 3061
3088 3083 3086
3089 3083 3088
3089 3090 3083
3086 3087 3091
3088 3086 3092
3086 3091 3092
3093 3087 3061
3094 3091 3087
3094 3087 3093
3088 3092 3095
3088 3095 3096
3088 3096 3097
3098 3095 3092
3099 3095 3098
3099 3100 3095
3101 3098 3092
3091 3101 3092
3091 3102 3101
3103 3102 3091
3103 3091 3094
3104 3098 3101
3105 3098 3104
3105 3104 3106
3101 3107 3104
3107 3108 3104
3107 3109 3108
3101 3110 3107
3101 3102 3110
3110 3111 3107
3111 3112 3107
3111 3113 3112
3110 3102 3114
3110 3114 3111
3115 3111 3114
3111 3115 3116
3111 3116 3117
3114 3102 3118
3115 3114 3118
3119 3118 3102
3119 3115 3118
3119 3102 3120
3120 3102 3121
3103 3121 3102
3119 3122 3115
3115 3122 3123
3115 3123 3124
3119 3125 3122
3119 3120 3125
3125 3126 3122
3125 3127 3126
3120 3128 3125
3120 3121 3128
3129 3125 3128
3129 3128 3130
3131 3128 3121
3131 3121 3103
3128 3131 3132
3128 3132 3133
3134 3131 3103
3135 3131 3134
3135 3136 3131
3103 3137 3134
3103 3094 3137
3134 3137 3138
3134 3138 3139
3140 3137 3094
3141 3137 3140
3141 3142 3137
3094 3143 3140
3144 3140 3143
3144 3143 3145
3094 3093 3143
3146 3143 3093
3143 3146 3147
3143 3147 3148
3093 3149 3146
3146 3149 3150
3146 3150 3151
3093 3152 3149
3093 3061 3152
3153 3149 3152
3149 3153 3154
3149 3154 3155
3152 3061 3156
3153 3152 3156
3157 3156 3061
3157 3061 3158
3070 3158 3061
3158 3159 3157
3070 3159 3158
3070 3160 3159
3070 3161 3160
3159 3162 3157
3156 3157 3162
3159 3163 3162
3159 3164 3163
3156 3162 3165
3165 3162 3166
3165 3166 3167
3153 3156 3168
3165 3168 3156
3169 3153 3168
3169 3170 3153
3171 3168 3165
3171 3165 3172
3173 3174 3175
3173 3176 3174
3176 3177 3174
3176 3178 3177
3179 3177 3178
3179 3180 3177
3176 3181 3178
3181 3182 3178
3181 3183 3182
3176 3184 3181
3185 3184 3176
3185 3186 3184
3187 3181 3184
3184 3188 3187
3184 3189 3188
3187 3190 3181
3190 3191 3181
3190 3192 3191
3187 3193 3190
3194 3190 3193
3194 3195 3190
3187 3196 3193
3187 3197 3196
3187 3198 3197
3199 3193 3196
3200 3193 3199
3200 3199 3201
3199 3196 3202
3203 3199 3202
3203 3204 3199
3203 3205 3204
3196 3206 3202
3196 3207 3206
3203 3202 3208
3209 3208 3202
3209 3210 3208
3211 3203 3208
3208 3212 3211
3208 3213 3212
3211 3214 3203
3215 3203 3214
3215 3216 3203
3214 3211 3217
3218 3217 3211
3218 3219 3217
3217 3219 3220
3217 3220 3221
3214 3217 3222
3222 3217 3221
3222 3223 3214
3222 3224 3223
3225 3224 3222
3222 3221 3225
3225 3221 3226
3225 3227 3224
3226 3221 3228
3226 3228 3229
3225 3226 3230
3230 3231 3225
3230 3232 3231
3226 3233 3230
3230 3233 3234
3230 3234 3235
3226 3236 3233
3226 3237 3236
3226 3238 3237
3239 3233 3236
3240 3239 3236
3240 3241 3239
3239 3242 3233
3233 3242 3243
3233 3243 3244
3245 3242 3239
3245 3239 3246
3247 3246 3239
3247 3248 3246
3246 3248 3249
3250 3242 3245
3250 3251 3242
3252 3250 3245
3246 3252 3245
3252 3253 3250
3246 3249 3254
3246 3254 3252
3249 3255 3254
3255 3252 3254
3249 3256 3255
3257 3253 3252
3255 3257 3252
3255 3258 3257
3257 3259 3253
3258 3260 3257
3258 3261 3260
3255 3262 3258
3263 3262 3255
3263 3264 3262
3258 3262 3265
3266 3265 3262
3266 3267 3265
3258 3265 3268
3269 3258 3268
3269 3270 3258
3271 3272 3273
3271 3273 3274
3273 3275 3274
3273 3276 3275
3275 3276 3277
3275 3277 3278
3279 3276 3273
3273 3280 3279
3273 3281 3280
3279 3282 3276
3276 3282 3283
3276 3283 3284
3285 3282 3279
3286 3285 3279
3286 3287 3285
3287 3288 3285
3287 3289 3288
3285 3290 3282
3290 3285 3288
3291 3282 3290
3291 3292 3282
3290 3293 3291
3290 3294 3293
3290 3288 3294
3295 3293 3294
3295 3294 3296
3288 3296 3294
3297 3288 3289
3288 3297 3296
3297 3289 3298
3296 3297 3299
3299 3297 3300
3299 3300 3301
3296 3299 3302
3296 3302 3303
3296 3303 3304
3299 3305 3302
3302 3305 3306
3302 3306 3307
3299 3308 3305
3308 3299 3309
3308 3309 3310
3311 3305 3308
3312 3305 3311
3312 3313 3305
3311 3308 3314
3308 3315 3314
3308 3316 3315
3311 3314 3317
3317 3314 3318
3317 3318 3319
3320 3317 3319
3320 3319 3321
3311 3317 3322
3320 3322 3317
3311 3322 3323
3311 3323 3324
3323 3322 3325
3320 3325 3322
3323 3325 3326
3327 3325 3320
3328 3327 3320
3328 3329 3327
3327 3330 3325
3330 3331 3325
3330 3332 3331
3327 3333 3330
3334 3330 3333
3334 3335 3330
3327 3336 3333
3337 3336 3327
3337 3338 3336
3336 3339 3333
3339 3340 3333
3339 3341 3340
3336 3342 3339
3336 3343 3342
3336 3344 3343
3345 3339 3342
3346 3339 3345
3346 3347 3339
3345 3342 3348
3349 3348 3342
3349 3350 3348
3351 3345 3348
3345 3351 3352
3345 3352 3353
3351 3348 3354
3355 3354 3348
3355 3348 3356
3351 3354 3357
3354 3358 3357
3354 3359 3358
3351 3357 3360
3360 3361 3351
3360 3362 3361
3357 3363 3360
3364 3360 3363
3364 3363 3365
3357 3366 3363
3367 3366 3357
3367 3368 3366
3369 3370 3371
3369 3371 3372
3373 3374 3375
3373 3375 472
3376 3377 3378
3376 3379 3377
3380 3381 3379
3380 3379 3382
3383 3384 3385
3383 3385 3386
3387 3388 3389
3387 3389 3390
3391 3392 3393
3391 3393 3394
3395 3396 3397
3395 3397 3398
3399 3400 3398
3399 3398 3401
3402 3401 3403
3402 3403 3404
3405 3406 3407
3405 3407 3408
3409 3410 3411
3409 3411 3412
3413 3414 3415
3413 3415 3416
3417 3418 3419
3417 3419 3420
3421 3422 3423
3421 3423 3424
3425 3426 3427
3425 3427 3428
3425 3428 3429
3429 3428 3430
3431 3425 3429
3431 3429 3432
3433 3431 3432
3433 3432 3434
3435 3433 3434
3435 3434 3436
3437 3435 3436
3437 3436 3438
3439 3437 3438
3437 3439 3440
3439 3438 3441
3441 3438 3442
3443 3444 3445
3443 3446 3444
3447 3446 3443
3447 3443 3448
3447 3449 3446
3447 3450 3449
3448 3443 3451
3448 3451 3452
3446 3449 3453
3446 3453 3454
3449 3455 3453
3449 3456 3455
3456 3449 3450
3456 3450 3457
3458 3451 3443
3458 3443 3459
3460 3451 3458
3460 3461 3451
3461 3452 3451
3461 3462 3452
3463 3462 3461
3463 3461 3464
3464 3461 3465
3464 3465 3466
3467 3463 3464
3468 3464 3466
3467 3464 3468
3468 3466 3469
3468 3469 3470
3468 3470 3471
3471 3467 3468
3471 3472 3467
3473 3472 3471
3473 3471 3474
3474 3471 3475
3476 3473 3474
3474 3475 3477
3476 3474 3478
3478 3474 3477
3478 3477 3479
3480 3476 3478
3480 3478 3481
3482 3481 3478
3482 3478 3483
3484 3480 3481
3484 3485 3480
3486 3484 3481
3486 3481 3487
3484 3486 3488
3484 3488 3489
3485 3484 3489
3485 3489 3490
3490 3489 3491
3489 3492 3491
3489 3493 3492
3490 3491 3494
3494 3491 3495
3494 3495 3496
3497 3490 3494
3498 3497 3494
3498 3494 3499
3497 3457 3490
3500 3490 3457
3501 3490 3500
3502 3490 3501
3502 3501 3503
3503 3504 3502
3502 3504 3505
3505 3504 3506
3505 3506 3507
3505 3507 3457
3500 3457 3507
3457 3497 3508
3508 3456 3457
3497 3509 3508
3497 3510 3509
3456 3508 3511
3456 3511 3512
3513 3514 3515
3513 3515 3516
3517 3518 3519
3517 3519 3520
3521 3520 3522
3521 3522 3523
3524 3525 3526
3524 3526 3527
3528 3529 3530
3528 3530 3531
3532 3533 3534
3532 3534 3535
3536 3537 3538
3536 3538 3539
3540 3541 3542
3540 3542 3543
3544 3545 3546
3544 3546 3547
3548 3549 3550
3548 3550 3551
3552 3553 3554
3552 3554 3555
3556 3557 3558
3556 3558 3559
3560 3561 3562
3560 3562 3563
3564 3565 3566
3564 3566 3567
3568 3569 3570
3568 3570 3571
3572 3573 3574
3572 3574 3575
3576 3577 3578
3576 3578 3579
3580 3581 3582
3580 483 3581
3583 3584 3585
3583 3585 3586
3587 3588 3589
3587 3589 3590
3591 3592 3593
3591 3593 3594
3595 3596 3597
3595 3597 3598
3599 3600 3601
3599 3601 3602
3603 3604 3605
3603 3605 3606
3607 3608 3609
3607 3610 3608
3611 3612 3610
3611 3613 3612
3614 3615 3616
3614 3617 3615
3614 3618 3617
3619 3618 3614
3619 3614 3620
3619 3620 3621
3617 3618 3622
3617 3622 3623
3624 3622 3618
3624 3625 3622
3626 3618 3619
3627 3626 3619
3627 3619 3628
3629 3618 3626
3629 3626 3630
3629 3630 3631
3632 3618 3629
3624 3618 3632
3632 3629 3633
3632 3633 3634
3624 3632 3635
3624 3635 3636
3637 3638 3639
3637 3639 3640
3641 3642 3643
3641 3643 3644
3644 3643 3645
3644 3645 3646
3647 3648 3649
3647 3649 3650
3651 3652 3653
3651 3653 3654
3655 3656 3657
3655 3657 3658
3659 3660 3661
3659 3661 3662
3663 3664 3665
3663 3665 3666
3667 3668 3669
3667 3669 3670
3671 3670 3669
3671 3672 3670
3673 3672 3671
3673 3674 3672
3675 3674 3673
3676 3675 3673
3676 3673 3677
3676 3677 3678
3677 3679 3678
3677 3680 3679
3680 3681 3679
3680 3682 3681
3683 3681 3682
3683 3682 3684
3685 3686 3687
3685 3687 3688
3689 3690 3691
3689 3691 3692
3693 3694 3695
3696 3694 3693
3697 3694 3696
3698 3694 3697
3699 3694 3698
3700 3694 3699
3701 3702 3703
3704 3702 3701
3705 3702 3704
3706 3702 3705
3707 3702 3706
3708 3702 3707
3709 3710 3711
3709 3711 3712
3712 3711 3713
3712 3713 3714
3714 3713 3715
3714 3715 3716
3716 3715 3717
3716 3717 3718
3718 3717 3719
3718 3719 3720
3720 3719 3721
3720 3721 3722
3722 3721 3723
3722 3723 3724
3724 3723 3725
3724 3725 3726
3727 3728 3729
3727 3729 3730
3730 3729 3731
3730 3731 3732
3732 3731 3733
3732 3733 3734
3734 3733 3735
3734 3735 3736
3736 3735 3737
3736 3737 3738
3738 3737 3739
3738 3739 3740
3740 3739 3741
3740 3741 3742
3742 3741 3743
3742 3743 3744
3745 3746 3747
3745 3747 3748
3748 3747 3749
3748 3749 3750
3750 3749 3751
3750 3751 3752
3752 3751 3753
3752 3753 3754
3754 3753 3755
3754 3755 3756
3756 3755 3757
3756 3757 3758
3758 3757 3759
3758 3759 3760
3760 3759 3761
3760 3761 3762
3763 3764 3765
3766 3764 3763
3767 3764 3766
3768 3764 3767
3769 3764 3768
3764 3769 3770
3771 3772 3773
3771 3773 3774
3771 3774 3775
3771 3775 3776
3777 3778 3779
3777 3780 3778
3777 3781 3780
3777 3782 3781
3783 3784 3785
3783 3786 3784
3786 3787 3784
3786 3788 3787
3788 3789 3787
3788 3790 3789
3790 3791 3789
3790 3792 3791
3792 3793 3791
3792 3794 3793
3794 3795 3793
3794 3796 3795
3797 3798 3799
3797 3799 3800
3801 3797 3800
3801 3800 3802
3803 3801 3802
3803 3802 3804
3805 3803 3804
3805 3804 3806
3807 3805 3806
3807 3806 3808
3809 3807 3808
3809 3808 3810
3811 3812 3813
3811 3814 3812
3815 3814 3811
3814 3816 3812
3815 3817 3814
3818 3817 3815
3814 3819 3816
3817 3819 3814
3819 3820 3816
3818 3821 3817
3822 3821 3818
3817 3823 3819
3821 3823 3817
3819 3824 3820
3823 3824 3819
3824 3825 3820
3822 3826 3821
3827 3826 3822
3821 3828 3823
3826 3828 3821
3823 3829 3824
3828 3829 3823
3824 3830 3825
3829 3830 3824
3830 3831 3825
3827 3832 3826
3832 3827 3833
3826 3834 3828
3832 3834 3826
3828 3835 3829
3834 3835 3828
3829 3836 3830
3835 3836 3829
3830 3837 3831
3836 3837 3830
3837 3838 3831
3837 3839 3838
3840 3839 3837
3836 3840 3837
3840 3841 3839
3835 3842 3836
3842 3840 3836
3843 3841 3840
3842 3843 3840
3843 3844 3841
3834 3845 3835
3845 3842 3835
3846 3844 3843
3846 3847 3844
3848 3843 3842
3845 3848 3842
3848 3846 3843
3849 3845 3834
3832 3849 3834
3850 3847 3846
3850 3851 3847
3852 3846 3848
3852 3850 3846
3853 3848 3845
3849 3853 3845
3853 3852 3848
3849 3832 3854
3832 3833 3854
3851 3850 3855
3851 3855 3856
3857 3856 3855
3853 3849 3858
3849 3854 3858
3850 3852 3859
3850 3859 3855
3857 3855 3860
3860 3855 3859
3861 3857 3860
3852 3853 3862
3852 3862 3859
3853 3858 3862
3863 3854 3833
3863 3833 3864
3861 3860 3865
3866 3861 3865
3860 3859 3867
3867 3859 3862
3865 3860 3867
3868 3862 3858
3867 3862 3868
3869 3858 3854
3869 3854 3863
3868 3858 3869
3870 3863 3864
3870 3864 3871
3866 3865 3872
3873 3866 3872
3865 3867 3874
3874 3867 3868
3872 3865 3874
3875 3868 3869
3874 3868 3875
3876 3869 3863
3876 3863 3870
3875 3869 3876
3877 3870 3871
3877 3871 3878
3872 3874 3879
3879 3874 3875
3873 3872 3880
3880 3872 3879
3881 3875 3876
3879 3875 3881
3882 3876 3870
3882 3870 3877
3881 3876 3882
3883 3877 3878
3883 3878 3884
3885 3883 3884
3885 3886 3883
3887 3877 3883
3886 3887 3883
3887 3882 3877
3886 3888 3887
3889 3882 3887
3888 3889 3887
3889 3881 3882
3888 3890 3889
3891 3879 3881
3891 3881 3889
3890 3891 3889
3890 3892 3891
3880 3879 3891
3892 3880 3891
3892 3893 3880
3893 3873 3880
3893 3894 3873
3895 3896 3897
3895 3898 3896
3898 3895 3899
3895 3900 3899
3895 3901 3900
3901 3902 3900
3901 3903 3902
3904 3902 3903
3904 3903 3905
3905 3906 3904
3905 3907 3906
3908 3906 3907
3907 3909 3908
3907 3910 3909
3911 3912 3913
3911 3914 3912
3915 3914 3911
3915 3916 3914
3917 3916 3915
3917 3918 3916
3917 3919 3918
3920 3918 3919
3921 3918 3920
3921 3920 3922
3923 3921 3922
3923 3924 3921
3925 3924 3923
3925 3926 3924
3927 3928 3929
3927 3930 3928
3931 3930 3927
3931 3932 3930
3933 3932 3931
3933 3934 3932
3933 3935 3934
3936 3934 3935
3937 3934 3936
3937 3936 3938
3939 3937 3938
3939 3940 3937
3941 3940 3939
3941 3942 3940
3943 3944 3945
3943 3946 3944
3946 3943 3947
3943 3948 3947
3943 3949 3948
3949 3950 3948
3949 3951 3950
3952 3950 3951
3952 3951 3953
3953 3954 3952
3953 3955 3954
3956 3954 3955
3955 3957 3956
3955 3958 3957
3959 3960 3961
3959 3962 3960
3963 3962 3959
3963 3964 3962
3965 3964 3963
3965 3966 3964
3965 3967 3966
3968 3966 3967
3969 3966 3968
3969 3968 3970
3971 3969 3970
3971 3972 3969
3973 3972 3971
3973 3974 3972
3975 3976 3977
3975 3978 3976
3979 3978 3975
3979 3980 3978
3981 3980 3979
3981 3982 3980
3981 3983 3982
3984 3982 3983
3985 3982 3984
3985 3984 3986
3987 3985 3986
3987 3988 3985
3989 3988 3987
3989 3990 3988
3991 3992 3993
3991 3994 3992
3994 3991 3995
3991 3996 3995
3991 3997 3996
3997 3998 3996
3997 3999 3998
4000 3998 3999
4000 3999 4001
4001 4002 4000
4001 4003 4002
4004 4002 4003
4003 4005 4004
4003 4006 4005
4007 4008 4009
4007 4010 4008
4011 4010 4007
4011 4012 4010
4013 4012 4011
4013 4014 4012
4013 4015 4014
4016 4014 4015
4017 4014 4016
4017 4016 4018
4019 4017 4018
4019 4020 4017
4021 4020 4019
4021 4022 4020
4023 4024 4025
4023 4026 4024
4027 4026 4023
4027 4028 4026
4029 4028 4027
4029 4030 4028
4029 4031 4030
4032 4030 4031
4033 4030 4032
4033 4032 4034
4035 4033 4034
4035 4036 4033
4037 4036 4035
4037 4038 4036
4039 4040 4041
4039 4042 4040
4039 4043 4042
4039 4044 4043
4045 4044 4039
4045 4039 4046
4045 4046 4047
4042 4043 4048
4043 4044 4049
4048 4043 4050
4043 4049 4050
4045 4051 4044
4044 4052 4049
4044 4051 4052
4042 4048 4053
4054 4053 4048
4042 4053 4055
4042 4055 4056
4054 4057 4053
4054 4058 4057
4050 4049 4059
4049 4052 4060
4049 4060 4059
4048 4050 4061
4054 4048 4062
4061 4062 4048
4050 4059 4063
4063 4061 4050
4064 4059 4060
4064 4065 4059
4065 4063 4059
4066 4064 4060
4065 4067 4063
4066 4060 4068
4052 4068 4060
4069 4066 4068
4067 4070 4063
4063 4070 4061
4067 4071 4070
4071 4072 4070
4061 4070 4072
4071 4073 4072
4052 4074 4068
4051 4074 4052
4069 4068 4075
4075 4068 4074
4076 4069 4075
4061 4072 4077
4061 4077 4062
4073 4078 4072
4077 4072 4078
4073 4079 4078
4076 4075 4080
4081 4076 4080
4075 4074 4082
4082 4080 4075
4083 4062 4077
4054 4062 4083
4079 4084 4078
4079 4085 4084
4077 4078 4086
4083 4077 4086
4086 4078 4084
4081 4080 4087
4088 4081 4087
4082 4074 4089
4051 4089 4074
4082 4090 4080
4090 4087 4080
4088 4087 4091
4092 4088 4091
4093 4089 4051
4093 4051 4045
4045 4094 4093
4045 4095 4094
4082 4089 4096
4096 4090 4082
4097 4089 4093
4097 4096 4089
4097 4093 4098
4097 4098 4099
4090 4100 4087
4100 4091 4087
4096 4101 4090
4101 4100 4090
4102 4096 4097
4102 4101 4096
4097 4103 4102
4097 4104 4103
4105 4101 4102
4105 4102 4106
4105 4106 4107
4101 4108 4100
4105 4108 4101
4100 4109 4091
4108 4109 4100
4110 4108 4105
4110 4105 4111
4110 4111 4112
4113 4091 4109
4092 4091 4113
4114 4092 4113
4114 4113 4115
4116 4114 4115
4110 4117 4108
4108 4117 4109
4110 4118 4117
4118 4109 4117
4113 4109 4119
4115 4113 4119
4118 4119 4109
4116 4115 4120
4121 4116 4120
4115 4119 4122
4118 4122 4119
4121 4120 4123
4124 4121 4123
4125 4120 4115
4125 4115 4122
4123 4120 4125
4110 4126 4118
4126 4110 4127
4126 4127 4128
4118 4129 4122
4125 4122 4129
4130 4118 4126
4130 4129 4118
4126 4131 4130
4126 4132 4131
4133 4129 4130
4133 4130 4134
4133 4134 4135
4125 4129 4136
4133 4136 4129
4137 4125 4136
4123 4125 4137
4138 4136 4133
4138 4133 4139
4138 4139 4140
4137 4136 4141
4138 4141 4136
4142 4123 4137
4141 4142 4137
4143 4141 4138
4143 4138 4144
4143 4144 4145
4143 4146 4141
4141 4146 4142
4142 4147 4123
4124 4123 4147
4148 4124 4147
4149 4147 4142
4146 4149 4142
4148 4147 4150
4149 4150 4147
4151 4148 4150
4151 4150 4152
4149 4152 4150
4153 4151 4152
4154 4146 4143
4154 4143 4155
4154 4155 4156
4146 4157 4149
4154 4157 4146
4153 4152 4158
4159 4153 4158
4149 4160 4152
4157 4160 4149
4158 4152 4160
4161 4157 4154
4157 4161 4160
4159 4158 4162
4085 4159 4162
4085 4162 4084
4158 4160 4163
4162 4158 4163
4161 4163 4160
4084 4162 4164
4162 4163 4164
4165 4164 4163
4084 4164 4166
4165 4166 4164
4086 4084 4166
4086 4166 4167
4165 4167 4166
4086 4167 4083
4168 4083 4167
4054 4083 4168
4054 4168 4169
4054 4169 4170
4168 4167 4171
4171 4167 4165
4171 4172 4168
4171 4173 4172
4165 4163 4174
4165 4174 4175
4161 4174 4163
4175 4174 4161
4171 4165 4176
4165 4175 4176
4171 4176 4177
4171 4177 4178
4175 4179 4176
4175 4180 4179
4175 4161 4181
4161 4154 4181
4181 4154 4182
4181 4182 4183
4175 4181 4184
4175 4184 4185
4186 4187 4188
4186 4188 4189
4190 4188 4191
4190 4191 4192
4193 4191 4194
4193 4194 4195
4196 4194 4197
4196 4197 4198
4199 4197 4200
4199 4200 4201
4202 4200 4203
4202 4203 4204
4205 4206 4203
4205 4207 4206
4208 4209 4210
4208 4210 4211
4212 4213 4214
4212 4214 4215
4216 4217 4218
4216 4219 4217
4219 4220 4217
4219 4221 4220
4221 4222 4220
4221 4223 4222
4223 4224 4222
4223 4225 4224
4225 4226 4224
4225 4227 4226
4227 4228 4226
4227 4229 4228
4229 4230 4228
4229 4231 4230
4232 4233 4234
4232 4234 4235
4236 4234 4237
4236 4237 4238
4239 4237 4240
4239 4240 4241
4242 4240 4243
4242 4243 4244
4245 4243 4246
4245 4246 4247
4248 4246 4249
4248 4249 4250
4251 4252 4249
4251 4253 4252
4254 4255 4256
4254 4256 4257
4258 4259 4260
4258 4260 4261
4262 4263 4264
4262 4265 4263
4265 4266 4263
4265 4267 4266
4267 4268 4266
4267 4269 4268
4269 4270 4268
4269 4271 4270
4271 4272 4270
4271 4273 4272
4273 4274 4272
4273 4275 4274
4275 4276 4274
4275 4277 4276
4278 4279 4280
4278 4280 4281
4282 4280 4283
4282 4283 4284
4285 4283 4286
4285 4286 4287
4288 4286 4289
4288 4289 4290
4291 4289 4292
4291 4292 4293
4294 4292 4295
4294 4295 4296
4297 4298 4295
4297 4299 4298
4300 4301 4302
4300 4302 4303
4304 4305 4306
4304 4306 4307
4308 4309 4310
4308 4311 4309
4311 4312 4309
4311 4313 4312
4313 4314 4312
4313 4315 4314
4315 4316 4314
4315 4317 4316
4317 4318 4316
4317 4319 4318
4319 4320 4318
4319 4321 4320
4321 4322 4320
4321 4323 4322
4324 4325 4326
4324 4327 4325
4328 4327 4324
4328 4324 4329
4330 4331 4332
4330 4332 4333
4334 4335 4336
4334 4337 4335
4338 4337 4334
4338 4339 4337
4340 4339 4338
4340 4338 4341
4342 4340 4341
4342 4343 4340
4344 4343 4342
4344 4342 4345
4346 4344 4345
4346 4347 4344
4348 4347 4346
4348 4346 4349
4350 4348 4349
4350 4351 4348
4351 4350 4352
4351 4352 4353
4354 4353 4352
4354 4355 4353
4355 4354 4356
4355 4356 4357
4358 4357 4356
4358 4359 4357
4360 4361 4362
4360 4362 4363
4364 4363 4362
4364 4362 4365
4366 4367 4368
4366 4368 4369
4370 4371 4372
4370 4372 4373
4373 4372 4374
4373 4374 4375
4376 4375 4374
4376 4374 4377
4376 4377 4378
4376 4378 4379
4380 4379 4378
4380 4378 4381
4380 4381 4382
4380 4382 4383
4384 4383 4382
4384 4382 4385
4384 4385 4386
4384 4386 4387
4388 4387 4386
4388 4389 4387
4389 4388 4390
4389 4390 4391
4392 4391 4390
4392 4393 4391
4393 4392 4394
4393 4394 4395
4396 4397 4398
4396 4398 4399
4400 4401 4402
4400 4402 4403
4404 4405 4406
4404 4406 4407
4408 4409 4410
4408 4410 4411
4412 4413 4414
4412 4414 4415
4416 4417 4418
4416 4418 4419
4420 4421 4422
4420 4422 4423
4424 4425 4426
4424 4426 4427
4428 4429 4430
4428 4430 4431
4432 4433 4434
4432 4434 4435
4436 4437 4438
4436 4438 4439
4440 4441 4442
4440 4442 4443
4444 4445 4446
4444 4446 4447
4448 4449 4450
4448 4450 4451
4452 4453 4454
4452 4454 4455
4456 4457 4458
4456 4458 4459
4460 4461 4462
4460 4462 4463
4464 4465 4466
4464 4466 4467
4468 4469 4470
4468 4470 4471
4472 4473 4474
4472 4474 4475
4476 4477 4478
4476 4478 4479
4480 4481 4482
4480 4482 4483
4484 4485 4486
4484 4486 4487
4488 4489 4490
4488 4490 4491
4492 4493 4494
4492 4494 4495
4496 4497 4498
4496 4498 4499
4500 4501 4502
4500 4502 4503
4504 4505 4506
4504 4506 4507
4508 4509 4510
4508 4510 4511
4512 4513 4514
4512 4514 4515
4516 4517 4518
4516 4518 4519
4520 4521 4522
4520 4522 4523
4524 4525 4526
4524 4526 4527
4528 4529 4530
4528 4530 4531
4532 4533 4534
4532 4534 4535
4536 4537 4538
4536 4538 4539
4540 4541 4542
4540 4542 4543
4543 4542 4544
4543 4544 4545
4545 4544 4546
4545 4546 4547
4547 4546 4548
4547 4548 4549
4549 4548 4550
4549 4550 4551
4551 4550 4552
4551 4552 4553
4553 4552 4554
4553 4554 4555
4555 4554 4556
4555 4556 4557
4557 4556 4558
4557 4558 4559
4559 4558 4560
4559 4560 4561
4561 4560 4562
4561 4562 4563
4563 4562 4564
4563 4564 4565
4566 4567 4568
4569 4567 4566
4570 4567 4569
4571 4567 4570
4572 4567 4571
4573 4567 4572
4574 4567 4573
4575 4567 4574
4576 4567 4575
4577 4567 4576
4578 4579 4580
4581 4578 4580
4582 4581 4580
4583 4582 4580
4584 4583 4580
4585 4584 4580
4586 4585 4580
4587 4586 4580
4588 4587 4580
4589 4588 4580
4590 4591 4592
4590 4592 4593
4594 4590 4593
4594 4593 4595
4596 4594 4595
4596 4595 4597
4598 4596 4597
4598 4597 4599
4600 4598 4599
4600 4599 4601
4600 4601 4602
4600 4602 4603
4604 4605 4606
4604 4607 4605
4607 4608 4605
4607 4609 4608
4609 4610 4608
4609 4611 4610
4611 4612 4610
4611 4613 4612
4613 4614 4612
4613 4615 4614
4615 4616 4614
4615 4617 4616
4618 4619 4620
4618 4620 4621
4622 4623 4624
4622 4624 4625
4626 4627 4628
4626 4629 4627
4629 4626 4630
4629 4630 4631
4631 4630 4632
4633 4634 4635
4633 4635 4636
4637 4636 4635
4637 4635 4638
4637 4638 4639
4640 4641 4642
4640 4642 4643
4644 4640 4643
4644 4643 4645
4646 4644 4645
4646 4645 4647
4648 4646 4647
4648 4647 4649
4650 4648 4649
4650 4649 4651
4650 4651 4652
4650 4652 4653
4654 4655 4656
4654 4657 4655
4657 4658 4655
4657 4659 4658
4659 4660 4658
4659 4661 4660
4661 4662 4660
4661 4663 4662
4663 4664 4662
4663 4665 4664
4665 4666 4664
4665 4667 4666
4668 4669 4670
4668 4670 4671
4672 4673 4674
4672 4674 4675
4676 4677 4678
4676 4679 4677
4679 4676 4680
4679 4680 4681
4681 4680 4682
4683 4684 4685
4683 4685 4686
4687 4686 4685
4687 4685 4688
4687 4688 4689
4690 4691 4692
4690 4692 4693
4693 4692 4694
4693 4694 4695
4695 4694 4696
4695 4696 4697
4697 4696 4698
4697 4698 4699
4699 4698 4700
4699 4700 4701
4701 4700 4702
4701 4702 4703
4703 4702 4704
4703 4704 4705
4705 4704 4706
4705 4706 4707
4707 4706 4708
4707 4708 4709
4709 4708 4710
4709 4710 4711
4711 4710 4712
4711 4712 4713
4713 4712 4714
4713 4714 4715
4716 4717 4718
4719 4717 4716
4720 4717 4719
4721 4717 4720
4722 4717 4721
4723 4717 4722
4724 4717 4723
4725 4717 4724
4726 4717 4725
4727 4717 4726
4728 4729 4730
4731 4728 4730
4732 4731 4730
4733 4732 4730
4734 4733 4730
4735 4734 4730
4736 4735 4730
4737 4736 4730
4738 4737 4730
4739 4738 4730
4740 4741 4742
4740 4743 4741
4744 4743 4740
4744 4745 4743
4746 4745 4744
4746 4747 4745
4748 4747 4746
4748 4749 4747
4750 4749 4748
4750 4751 4749
4750 4752 4751
4750 4753 4752
4754 4755 4756
4754 4756 4757
4757 4756 4758
4757 4758 4759
4759 4758 4760
4759 4760 4761
4761 4760 4762
4761 4762 4763
4763 4762 4764
4763 4764 4765
4765 4764 4766
4765 4766 4767
4768 4769 4770
4768 4770 4771
4772 4773 4774
4772 4774 4775
4776 4777 4778
4776 4778 4779
4779 4780 4776
4779 4781 4780
4781 4782 4780
4783 4784 4785
4783 4786 4784
4787 4784 4786
4787 4788 4784
4787 4789 4788
4790 4791 4792
4790 4793 4791
4793 4794 4791
4793 4795 4794
4795 4796 4794
4795 4797 4796
4797 4798 4796
4797 4799 4798
4799 4800 4798
4799 4801 4800
4801 4802 4800
4801 4803 4802
4803 4804 4802
4803 4805 4804
4805 4806 4804
4805 4807 4806
4807 4808 4806
4807 4809 4808
4809 4810 4808
4809 4811 4810
4811 4812 4810
4811 4813 4812
4813 4814 4812
4813 4815 4814
4816 4817 4818
4819 4816 4818
4820 4819 4818
4821 4820 4818
4822 4821 4818
4823 4822 4818
4824 4823 4818
4825 4824 4818
4826 4825 4818
4827 4826 4818
4828 4829 4830
4831 4829 4828
4832 4829 4831
4833 4829 4832
4834 4829 4833
4835 4829 4834
4836 4829 4835
4837 4829 4836
4838 4829 4837
4839 4829 4838
4840 4841 4842
4840 4843 4841
4844 4843 4840
4844 4845 4843
4846 4845 4844
4846 4847 4845
4848 4847 4846
4848 4849 4847
4850 4849 4848
4850 4851 4849
4850 4852 4851
4850 4853 4852
4854 4855 4856
4854 4856 4857
4857 4856 4858
4857 4858 4859
4859 4858 4860
4859 4860 4861
4861 4860 4862
4861 4862 4863
4863 4862 4864
4863 4864 4865
4865 4864 4866
4865 4866 4867
4868 4869 4870
4868 4870 4871
4872 4873 4874
4872 4874 4875
4876 4877 4878
4876 4878 4879
4879 4880 4876
4879 4881 4880
4881 4882 4880
4883 4884 4885
4883 4886 4884
4887 4884 4886
4887 4888 4884
4887 4889 4888
4890 4891 4892
4890 4893 4891
4893 4894 4891
4893 4895 4894
4895 4896 4894
4895 4897 4896
4897 4898 4896
4897 4899 4898
4899 4900 4898
4899 4901 4900
4901 4902 4900
4901 4903 4902
4903 4904 4902
4903 4905 4904
4905 4906 4904
4905 4907 4906
4907 4908 4906
4907 4909 4908
4909 4910 4908
4909 4911 4910
4911 4912 4910
4911 4913 4912
4913 4914 4912
4913 4915 4914
4916 4917 4918
4919 4916 4918
4920 4919 4918
4921 4920 4918
4922 4921 4918
4923 4922 4918
4924 4923 4918
4925 4924 4918
4926 4925 4918
4927 4926 4918
4928 4929 4930
4931 4929 4928
4932 4929 4931
4933 4929 4932
4934 4929 4933
4935 4929 4934
4936 4929 4935
4937 4929 4936
4938 4929 4937
4939 4929 4938
4940 4941 4942
4940 4942 4943
4944 4945 4946
4944 4946 4947
4948 4949 4950
4948 4950 4951
4952 4953 4954
4952 4954 4955
4956 4957 4958
4956 4958 4959
4960 4961 4962
4960 4962 4963
4964 4965 4966
4964 4966 4967
4968 4969 4970
4968 4971 4969
4969 4972 4970
4969 4973 4972
4974 4969 4971
4975 4973 4969
4974 4976 4969
4975 4969 4976
4977 4976 4974
4978 4975 4976
4977 4979 4976
4978 4976 4979
4980 4979 4977
4981 4978 4979
4980 4981 4979
4981 4982 4978
4983 4981 4980
4984 4982 4981
4983 4985 4981
4984 4981 4985
4986 4985 4983
4987 4984 4985
4986 4988 4985
4987 4985 4988
4989 4988 4986
4990 4987 4988
4989 4991 4988
4990 4988 4991
4992 4991 4989
4993 4990 4991
4992 4994 4991
4993 4991 4994
4995 4996 4997
4998 4996 4995
4997 4996 4999
5000 4996 4998
4999 4996 5001
5002 4996 5000
5001 4996 5003
5004 4996 5002
5003 4996 5005
5006 4996 5004
5005 4996 5007
5007 4996 5006
5008 5009 5010
5011 5009 5008
5010 5009 5012
5013 5009 5011
5012 5009 5014
5015 5009 5013
5014 5009 5016
5017 5009 5015
5016 5009 5018
5019 5009 5017
5018 5009 5020
5020 5009 5019
