byte offset: 0
first index: 0
index count: 4638
topology: trianglelist
format: DXGI_FORMAT_R16_UINT

0 1 2
3 4 5
6 7 8
9 10 11
12 13 14
15 16 17
18 19 20
21 22 23
24 25 26
27 28 29
30 31 32
33 34 35
36 37 38
39 40 41
42 43 44
45 46 47
48 49 50
51 52 53
54 55 56
57 58 59
60 61 62
63 64 65
66 67 68
69 70 71
72 73 74
75 76 77
78 79 80
81 82 83
84 85 86
87 88 89
90 91 92
93 94 95
96 97 98
99 100 101
102 103 104
105 106 107
108 109 110
111 112 113
114 115 116
117 118 119
120 121 122
121 123 124
125 126 127
128 129 130
131 132 133
134 135 136
137 138 139
140 141 142
143 144 145
146 147 148
149 150 151
152 153 154
155 156 157
155 158 159
160 161 162
163 160 164
165 160 166
165 166 167
168 169 166
170 171 169
172 173 166
174 173 164
175 173 174
176 173 175
173 176 177
178 179 180
181 178 182
181 183 178
182 178 184
182 184 185
186 178 183
186 183 187
183 181 188
183 188 189
181 190 188
188 190 191
191 192 188
191 193 192
192 193 194
194 193 195
181 196 190
196 181 197
197 181 198
199 198 181
199 200 198
201 199 181
199 202 200
202 199 203
199 201 204
203 199 205
205 206 203
207 206 205
206 207 208
199 204 209
204 210 209
204 211 210
211 212 210
210 212 213
212 214 213
214 215 213
215 214 216
215 216 217
216 218 217
219 217 218
219 218 220
219 220 221
211 204 222
222 204 223
224 222 223
223 204 225
225 226 223
225 227 226
226 227 228
226 228 229
222 230 231
232 211 233
211 234 235
211 236 237
238 239 228
238 240 239
240 238 241
242 240 241
242 243 240
244 243 242
244 245 243
245 244 246
183 247 248
249 183 250
251 252 253
254 255 252
254 256 255
257 258 259
260 257 261
260 261 262
263 264 265
266 267 264
266 264 268
266 268 269
264 270 268
271 270 264
272 270 271
270 272 273
274 270 273
275 270 274
270 275 276
277 270 276
270 277 278
268 270 279
280 268 279
280 279 281
270 282 279
283 279 282
279 283 284
283 282 285
282 286 285
287 282 270
287 270 288
287 288 289
289 288 290
290 288 291
292 290 291
293 292 291
293 294 292
293 295 294
294 295 296
297 296 295
297 298 296
298 297 299
300 282 287
282 300 301
300 302 301
303 282 301
304 282 303
304 303 305
303 301 306
306 307 303
307 308 303
307 309 308
306 310 307
311 307 310
312 307 311
312 311 313
311 310 314
311 314 315
314 316 315
314 317 316
317 318 316
317 319 318
318 319 320
321 311 322
323 324 325
326 327 328
329 330 331
332 333 334
335 334 336
335 336 337
338 339 340
341 340 342
341 342 343
344 345 346
347 348 349
350 351 352
353 354 355
356 357 355
356 358 357
359 360 361
362 363 364
365 366 367
368 369 370
371 372 373
374 375 376
377 378 379
380 377 381
380 381 382
383 384 385
385 386 387
385 387 388
389 390 391
392 393 394
395 396 397
398 182 399
400 401 402
403 404 405
406 404 407
406 407 408
409 408 410
409 410 411
412 413 414
415 416 417
418 419 420
421 422 423
421 423 424
425 426 427
425 427 428
429 430 431
429 431 432
433 434 435
433 435 436
437 438 439
437 439 440
441 442 443
441 443 444
445 446 447
445 447 448
449 450 451
449 451 452
453 454 455
454 453 456
457 454 456
457 456 458
457 458 459
459 460 457
461 462 463
461 463 464
465 466 467
468 467 466
469 468 466
469 466 470
469 470 471
472 471 470
473 474 475
473 475 476
477 478 479
477 479 480
481 482 483
481 483 484
485 486 487
485 487 488
488 489 485
488 490 489
491 489 490
491 492 489
493 494 495
493 495 496
497 493 496
497 498 493
499 498 497
499 500 498
501 502 503
501 503 504
505 501 504
505 506 501
507 506 505
507 505 508
509 510 511
509 511 512
513 509 512
513 514 509
514 513 515
514 515 516
517 518 519
517 520 518
517 521 520
517 522 521
523 521 522
523 522 524
525 526 527
525 527 528
529 525 528
529 530 525
531 530 529
531 529 532
533 534 535
533 535 536
537 538 533
537 539 538
535 540 541
535 541 542
543 544 541
543 541 545
539 546 547
539 547 548
549 550 547
549 547 551
549 552 553
549 553 554
555 556 553
555 553 557
558 559 560
561 560 559
562 560 561
563 560 562
563 564 560
565 560 564
566 567 568
566 568 569
570 566 569
570 569 571
572 566 570
571 569 573
573 569 574
573 574 575
571 573 576
577 576 573
577 578 576
579 577 573
579 573 580
578 577 581
582 581 577
582 583 581
578 581 584
584 581 585
584 585 586
587 586 585
581 588 585
581 589 588
587 585 590
590 585 591
590 591 592
590 572 587
590 593 572
572 593 566
594 593 590
594 590 595
566 593 596
566 596 597
598 599 600
598 600 601
602 603 598
602 604 603
600 605 606
600 606 607
608 609 606
608 606 610
604 611 612
604 612 613
614 615 612
614 612 616
614 617 618
614 618 619
620 621 618
620 618 622
623 624 625
626 625 624
627 625 626
628 625 627
628 629 625
630 625 629
631 632 633
631 633 634
635 631 634
635 634 636
637 631 635
636 634 638
638 634 639
638 639 640
636 638 641
642 641 638
642 643 641
644 642 638
644 638 645
643 642 646
647 646 642
647 648 646
643 646 649
649 646 650
649 650 651
652 651 650
646 653 650
646 654 653
652 650 655
655 650 656
655 656 657
655 637 652
655 658 637
637 658 631
659 658 655
659 655 660
631 658 661
631 661 662
663 664 665
663 666 664
666 667 668
666 668 669
669 670 671
669 671 672
672 673 674
672 674 675
676 675 677
676 678 675
678 679 680
678 680 681
682 681 683
682 684 681
684 685 686
684 686 664
687 688 689
687 689 690
691 692 687
691 687 693
693 694 695
693 696 694
696 697 698
696 699 697
699 700 701
699 702 700
703 702 690
703 704 702
705 706 707
705 708 706
705 709 708
705 710 709
711 709 710
711 712 709
713 712 711
713 714 712
715 714 713
715 713 716
717 715 716
717 718 715
719 720 721
720 722 721
722 723 721
721 723 724
725 726 727
725 728 726
728 729 726
728 730 729
731 729 730
731 730 732
733 731 732
733 732 734
735 736 737
738 737 736
738 739 737
740 739 738
740 741 739
740 742 741
740 743 742
744 742 743
744 745 742
746 745 744
746 747 745
746 748 747
746 749 748
749 750 748
751 752 753
754 752 751
754 751 755
755 756 754
755 757 756
756 757 758
756 758 759
760 759 758
760 761 759
762 763 764
762 764 765
766 765 767
766 767 768
769 770 768
769 771 770
772 771 773
772 773 774
775 776 777
775 777 778
779 780 781
780 779 782
783 780 784
785 783 784
785 784 786
787 785 786
788 789 790
788 790 791
792 793 794
792 794 795
796 797 798
797 799 798
800 798 799
800 799 801
802 801 803
803 801 804
805 806 807
805 807 808
809 810 811
809 811 812
813 814 815
813 816 814
816 817 818
816 818 819
819 820 821
819 821 822
822 823 824
822 824 825
826 825 827
826 828 825
828 829 830
828 830 831
832 831 833
832 834 831
834 835 836
834 836 814
837 838 839
837 839 840
841 842 837
841 837 843
843 844 845
843 846 844
846 847 848
846 849 847
849 850 851
849 852 850
853 852 840
853 854 852
855 856 857
855 858 856
855 859 858
855 860 859
861 859 860
861 862 859
863 862 861
863 864 862
865 864 863
865 863 866
867 865 866
867 868 865
869 870 871
870 872 871
872 873 871
871 873 874
875 876 877
875 878 876
878 879 876
878 880 879
881 879 880
881 880 882
883 881 882
883 882 884
885 886 887
888 887 886
888 889 887
890 889 888
890 891 889
890 892 891
890 893 892
894 892 893
894 895 892
896 895 894
896 897 895
896 898 897
896 899 898
899 900 898
901 902 903
904 902 901
904 901 905
905 906 904
905 907 906
906 907 908
906 908 909
910 909 908
910 911 909
912 913 914
912 914 915
916 915 917
916 917 918
919 920 918
919 921 920
922 921 923
922 923 924
925 926 927
925 927 928
929 930 931
930 929 932
933 930 934
935 933 934
935 934 936
937 935 936
938 939 940
938 940 941
942 943 944
942 944 945
946 947 948
947 949 948
950 948 949
950 949 951
952 951 953
953 951 954
955 956 957
955 957 958
959 960 961
959 961 962
963 964 965
963 966 964
966 967 968
966 968 969
969 970 971
969 971 972
972 973 974
972 974 975
976 975 977
976 978 975
978 979 980
978 980 981
982 981 983
982 984 981
984 985 986
984 986 964
987 988 989
987 989 990
991 992 987
991 987 993
993 994 995
993 996 994
996 997 998
996 999 997
999 1000 1001
999 1002 1000
1003 1002 990
1003 1004 1002
1005 1006 1007
1005 1008 1006
1005 1009 1008
1005 1010 1009
1011 1009 1010
1011 1012 1009
1013 1012 1011
1013 1014 1012
1015 1014 1013
1015 1013 1016
1017 1015 1016
1017 1018 1015
1019 1020 1021
1020 1022 1021
1022 1023 1021
1021 1023 1024
1025 1026 1027
1025 1028 1026
1028 1029 1026
1028 1030 1029
1031 1029 1030
1031 1030 1032
1033 1031 1032
1033 1032 1034
1035 1036 1037
1038 1037 1036
1038 1039 1037
1040 1039 1038
1040 1041 1039
1040 1042 1041
1040 1043 1042
1044 1042 1043
1044 1045 1042
1046 1045 1044
1046 1047 1045
1046 1048 1047
1046 1049 1048
1049 1050 1048
1051 1052 1053
1054 1052 1051
1054 1051 1055
1055 1056 1054
1055 1057 1056
1056 1057 1058
1056 1058 1059
1060 1059 1058
1060 1061 1059
1062 1063 1064
1062 1064 1065
1066 1065 1067
1066 1067 1068
1069 1070 1068
1069 1071 1070
1072 1071 1073
1072 1073 1074
1075 1076 1077
1075 1077 1078
1079 1080 1081
1080 1079 1082
1083 1080 1084
1085 1083 1084
1085 1084 1086
1087 1085 1086
1088 1089 1090
1088 1090 1091
1092 1093 1094
1092 1094 1095
1096 1097 1098
1097 1099 1098
1100 1098 1099
1100 1099 1101
1102 1101 1103
1103 1101 1104
1105 1106 1107
1105 1107 1108
1109 1110 1111
1109 1111 1112
1113 1114 1115
1113 1116 1114
1116 1117 1118
1116 1118 1119
1119 1120 1121
1119 1121 1122
1122 1123 1124
1122 1124 1125
1126 1125 1127
1126 1128 1125
1128 1129 1130
1128 1130 1131
1132 1131 1133
1132 1134 1131
1134 1135 1136
1134 1136 1114
1137 1138 1139
1137 1139 1140
1141 1142 1137
1141 1137 1143
1143 1144 1145
1143 1146 1144
1146 1147 1148
1146 1149 1147
1149 1150 1151
1149 1152 1150
1153 1152 1140
1153 1154 1152
1155 1156 1157
1155 1158 1156
1155 1159 1158
1155 1160 1159
1161 1159 1160
1161 1162 1159
1163 1162 1161
1163 1164 1162
1165 1164 1163
1165 1163 1166
1167 1165 1166
1167 1168 1165
1169 1170 1171
1170 1172 1171
1172 1173 1171
1171 1173 1174
1175 1176 1177
1175 1178 1176
1178 1179 1176
1178 1180 1179
1181 1179 1180
1181 1180 1182
1183 1181 1182
1183 1182 1184
1185 1186 1187
1188 1187 1186
1188 1189 1187
1190 1189 1188
1190 1191 1189
1190 1192 1191
1190 1193 1192
1194 1192 1193
1194 1195 1192
1196 1195 1194
1196 1197 1195
1196 1198 1197
1196 1199 1198
1199 1200 1198
1201 1202 1203
1204 1202 1201
1204 1201 1205
1205 1206 1204
1205 1207 1206
1206 1207 1208
1206 1208 1209
1210 1209 1208
1210 1211 1209
1212 1213 1214
1212 1214 1215
1216 1215 1217
1216 1217 1218
1219 1220 1218
1219 1221 1220
1222 1221 1223
1222 1223 1224
1225 1226 1227
1225 1227 1228
1229 1230 1231
1230 1229 1232
1233 1230 1234
1235 1233 1234
1235 1234 1236
1237 1235 1236
1238 1239 1240
1238 1240 1241
1242 1243 1244
1242 1244 1245
1246 1247 1248
1247 1249 1248
1250 1248 1249
1250 1249 1251
1252 1251 1253
1253 1251 1254
1255 1256 1257
1255 1257 1258
1259 1260 1261
1259 1261 1262
1263 1264 1265
1263 1266 1264
1266 1267 1268
1266 1268 1269
1269 1270 1271
1269 1271 1272
1272 1273 1274
1272 1274 1275
1276 1275 1277
1276 1278 1275
1278 1279 1280
1278 1280 1281
1282 1281 1283
1282 1284 1281
1284 1285 1286
1284 1286 1264
1287 1288 1289
1287 1289 1290
1291 1292 1287
1291 1287 1293
1293 1294 1295
1293 1296 1294
1296 1297 1298
1296 1299 1297
1299 1300 1301
1299 1302 1300
1303 1302 1290
1303 1304 1302
1305 1306 1307
1305 1308 1306
1305 1309 1308
1305 1310 1309
1311 1309 1310
1311 1312 1309
1313 1312 1311
1313 1314 1312
1315 1314 1313
1315 1313 1316
1317 1315 1316
1317 1318 1315
1319 1320 1321
1320 1322 1321
1322 1323 1321
1321 1323 1324
1325 1326 1327
1325 1328 1326
1328 1329 1326
1328 1330 1329
1331 1329 1330
1331 1330 1332
1333 1331 1332
1333 1332 1334
1335 1336 1337
1338 1337 1336
1338 1339 1337
1340 1339 1338
1340 1341 1339
1340 1342 1341
1340 1343 1342
1344 1342 1343
1344 1345 1342
1346 1345 1344
1346 1347 1345
1346 1348 1347
1346 1349 1348
1349 1350 1348
1351 1352 1353
1354 1352 1351
1354 1351 1355
1355 1356 1354
1355 1357 1356
1356 1357 1358
1356 1358 1359
1360 1359 1358
1360 1361 1359
1362 1363 1364
1362 1364 1365
1366 1365 1367
1366 1367 1368
1369 1370 1368
1369 1371 1370
1372 1371 1373
1372 1373 1374
1375 1376 1377
1375 1377 1378
1379 1380 1381
1380 1379 1382
1383 1380 1384
1385 1383 1384
1385 1384 1386
1387 1385 1386
1388 1389 1390
1388 1390 1391
1392 1393 1394
1392 1394 1395
1396 1397 1398
1397 1399 1398
1400 1398 1399
1400 1399 1401
1402 1401 1403
1403 1401 1404
1405 1406 1407
1405 1407 1408
1409 1410 1411
1409 1411 1412
1413 1414 1415
1413 1415 1416
1417 1418 1419
1417 1419 1420
1421 1422 1423
1421 1423 1424
1425 1426 1427
1425 1427 1428
1429 1430 1431
1429 1431 1432
1433 1434 1435
1433 1435 1436
1437 1438 1439
1437 1439 1440
1441 1440 1439
1437 1440 1442
1440 1443 1442
1437 1442 1444
1442 1445 1444
1442 1446 1445
1446 1442 1443
1446 1443 1447
1443 1448 1447
1441 1449 1440
1440 1449 1443
1450 1449 1441
1443 1449 1450
1450 1441 1451
1443 1452 1448
1443 1450 1452
1452 1453 1448
1452 1454 1453
1452 1455 1454
1452 1450 1455
1455 1450 1451
1455 1451 1456
1457 1458 1459
1457 1459 1460
1460 1461 1457
1462 1457 1461
1462 1463 1457
1462 1464 1463
1460 1465 1461
1465 1460 1466
1467 1466 1460
1467 1468 1466
1465 1466 1469
1470 1465 1469
1461 1465 1470
1470 1469 1471
1471 1472 1470
1472 1473 1470
1461 1470 1473
1462 1461 1474
1474 1461 1473
1475 1462 1474
1475 1476 1462
1475 1477 1476
1475 1474 1478
1474 1473 1479
1479 1478 1474
1480 1479 1473
1479 1481 1478
1481 1479 1480
1482 1483 1484
1482 1484 1485
1486 1487 1488
1486 1488 1489
1490 1489 1491
1490 1492 1489
1493 1492 1494
1493 1495 1492
1496 1495 1497
1496 1498 1495
1498 1499 1500
1498 1500 1501
1502 1501 1503
1502 1504 1501
1504 1505 1506
1504 1506 1507
1508 1486 1507
1508 1507 1509
1510 1511 1512
1510 1513 1511
1511 1514 1515
1511 1516 1514
1517 1518 1516
1517 1516 1519
1520 1521 1519
1520 1519 1522
1523 1524 1522
1523 1522 1525
1525 1513 1526
1525 1526 1527
1528 1529 1530
1528 1530 1531
1532 1531 1530
1532 1530 1533
1532 1533 1534
1532 1534 1535
1535 1534 1536
1535 1536 1537
1536 1538 1537
1536 1539 1538
1538 1539 1540
1538 1540 1541
1542 1543 1544
1543 1545 1544
1545 1546 1544
1544 1546 1547
1548 1549 1550
1548 1550 1551
1552 1548 1551
1552 1551 1553
1553 1554 1552
1553 1555 1554
1555 1556 1554
1555 1557 1556
1558 1559 1560
1560 1559 1561
1560 1561 1562
1562 1561 1563
1562 1563 1564
1565 1564 1563
1565 1563 1566
1565 1566 1567
1565 1567 1568
1568 1567 1569
1568 1569 1570
1571 1570 1569
1571 1569 1572
1572 1573 1571
1574 1575 1576
1574 1577 1575
1574 1578 1577
1579 1577 1578
1579 1578 1580
1581 1579 1580
1581 1582 1579
1582 1581 1583
1582 1583 1584
1585 1586 1587
1585 1588 1586
1589 1590 1588
1589 1591 1590
1592 1591 1593
1592 1593 1594
1595 1596 1594
1595 1597 1596
1598 1599 1600
1598 1600 1601
1602 1603 1604
1603 1602 1605
1606 1603 1607
1608 1606 1607
1608 1607 1609
1610 1608 1609
1611 1612 1613
1611 1613 1614
1615 1616 1617
1615 1617 1618
1619 1620 1621
1620 1622 1621
1623 1621 1622
1623 1622 1624
1625 1624 1626
1626 1624 1627
1628 1629 1630
1628 1630 1631
1632 1633 1634
1632 1634 1635
1636 1637 1638
1636 1638 1639
1640 1641 1642
1640 1643 1641
1644 1641 1643
1644 1645 1641
1646 1640 1647
1646 1647 1648
1646 1649 1650
1646 1650 1651
1652 1653 1654
1652 1654 1655
1656 1657 1658
1656 1659 1657
1660 1657 1659
1660 1661 1657
1662 1656 1663
1662 1663 1664
1662 1665 1666
1662 1666 1667
1668 1669 1670
1668 1670 1671
1672 1673 1674
1672 1675 1673
1676 1673 1675
1676 1677 1673
1678 1672 1679
1678 1679 1680
1678 1681 1682
1678 1682 1683
1684 1685 1686
1684 1686 1687
1688 1689 1690
1688 1691 1689
1692 1689 1691
1692 1693 1689
1694 1688 1695
1694 1695 1696
1694 1697 1698
1694 1698 1699
1700 1701 1702
1700 1702 1703
1704 1705 1706
1704 1707 1705
1708 1705 1707
1708 1709 1705
1710 1704 1711
1710 1711 1712
1710 1713 1714
1710 1714 1715
1716 1717 1718
1716 1718 1719
1720 1721 1722
1720 1723 1721
1724 1721 1723
1724 1725 1721
1726 1720 1727
1726 1727 1728
1726 1729 1730
1726 1730 1731
1732 1733 1734
1732 1734 1735
1736 1734 1737
1736 1737 1738
1739 1740 1732
1739 1732 1741
1739 1742 1743
1739 1743 1744
1745 1746 1738
1745 1738 1747
1745 1748 1749
1745 1749 1750
1751 1752 1749
1751 1749 1753
1751 1754 1755
1751 1755 1756
1757 1758 1759
1760 1759 1758
1761 1759 1760
1762 1759 1761
1762 1763 1759
1764 1759 1763
1765 1766 1767
1765 1768 1766
1768 1769 1766
1768 1770 1769
1766 1769 1771
1772 1770 1768
1773 1772 1768
1773 1774 1772
1772 1775 1770
1775 1772 1776
1775 1776 1777
1772 1778 1776
1772 1779 1778
1780 1777 1776
1780 1776 1781
1780 1781 1782
1780 1783 1777
1784 1783 1780
1784 1785 1783
1784 1786 1785
1787 1784 1780
1787 1780 1788
1784 1789 1786
1790 1789 1784
1790 1791 1789
1771 1786 1789
1771 1789 1792
1766 1771 1792
1789 1793 1792
1789 1794 1793
1795 1766 1792
1795 1796 1766
1797 1798 1799
1797 1800 1798
1800 1797 1801
1800 1801 1802
1797 1803 1801
1797 1804 1803
1804 1797 1805
1804 1805 1806
1803 1804 1807
1803 1807 1808
1807 1809 1808
1804 1810 1807
1804 1811 1810
1807 1812 1809
1807 1813 1812
1807 1814 1813
1809 1812 1815
1809 1815 1816
1812 1817 1815
1812 1818 1817
1816 1815 1819
1816 1819 1820
1815 1821 1819
1815 1822 1821
1823 1824 1825
1823 1825 1826
1827 1826 1825
1828 1827 1825
1829 1828 1825
1829 1825 1830
1828 1831 1827
1832 1831 1828
1832 1828 1833
1832 1833 1834
1831 1835 1827
1832 1836 1831
1831 1836 1835
1837 1836 1832
1837 1832 1838
1837 1838 1839
1837 1840 1836
1840 1835 1836
1827 1835 1841
1827 1841 1826
1842 1841 1835
1842 1835 1840
1826 1841 1842
1843 1840 1837
1843 1842 1840
1826 1842 1843
1843 1837 1844
1843 1844 1845
1846 1826 1843
1846 1843 1847
1848 1849 1850
1848 1851 1849
1851 1852 1849
1851 1853 1852
1849 1852 1854
1855 1853 1851
1856 1855 1851
1856 1857 1855
1855 1858 1853
1859 1858 1855
1859 1855 1860
1861 1860 1855
1861 1862 1860
1849 1854 1863
1863 1854 1864
1865 1849 1863
1865 1866 1849
1863 1864 1867
1868 1863 1867
1868 1869 1863
1864 1870 1867
1864 1871 1870
1872 1867 1870
1872 1870 1873
1874 1875 1876
1874 1877 1875
1878 1875 1877
1878 1879 1875
1880 1877 1874
1880 1878 1877
1880 1874 1881
1881 1874 1882
1883 1882 1874
1883 1884 1882
1881 1885 1880
1880 1886 1878
1880 1885 1886
1881 1882 1887
1885 1881 1887
1882 1888 1887
1885 1887 1888
1889 1886 1885
1889 1885 1888
1890 1886 1889
1890 1878 1886
1888 1890 1889
1882 1891 1888
1888 1891 1890
1892 1891 1882
1892 1893 1891
1894 1890 1891
1894 1895 1890
1896 1878 1890
1896 1897 1878
1898 1899 1900
1898 1900 1901
1902 1903 1904
1902 1904 1905
1906 1907 1908
1906 1908 1909
1910 1911 1909
1910 1912 1911
1913 1914 1915
1915 1914 1916
1915 1916 1917
1918 1919 1920
1918 1920 1921
1921 1922 1923
1921 1923 1924
1925 1921 1924
1925 1926 1921
1927 1921 1928
1927 1928 1929
1930 1931 1932
1930 1932 1933
1934 1935 1930
1934 1936 1935
1937 1938 1939
1937 1939 1940
1941 1942 1943
1941 1943 1944
1945 1946 1947
1945 1947 1948
1949 1950 1948
1949 1951 1950
1952 1953 1954
1952 1954 1955
1955 1956 1957
1955 1957 1958
1959 1960 1961
1959 1961 1962
1963 1964 1965
1963 1965 1966
1967 1968 1969
1967 1969 1970
1971 1972 1973
1971 1974 1972
1974 1975 1976
1974 1976 1977
1978 1976 1979
1978 1979 1980
1981 1982 1983
1981 1983 1984
1985 1986 1987
1985 1987 1988
1985 1989 1990
1985 1990 1991
1992 1987 1993
1992 1993 1994
1995 1992 1994
1995 1996 1992
1997 1996 1998
1997 1998 1999
2000 2001 1999
2000 2002 2001
2003 2004 2005
2003 2006 2004
2007 2008 2006
2007 2009 2008
2010 2011 2012
2010 2013 2011
2014 2015 2013
2014 2016 2015
2017 2018 2019
2017 2019 2020
2021 2022 2023
2021 2023 2024
2025 2026 2027
2025 2027 2028
2029 2030 2031
2029 2032 2030
2032 2033 2030
2032 2034 2033
2035 2033 2034
2035 2034 2036
2035 2037 2033
2035 2036 2038
2036 2039 2038
2036 2040 2039
2041 2033 2037
2041 2037 2042
2041 2042 2043
2041 2043 2044
2040 2045 2039
2044 2043 2045
2040 2046 2045
2044 2045 2046
2047 2048 2049
2047 2049 2050
2051 2052 2053
2051 2053 2054
2055 2056 2057
2055 2057 2058
2059 2060 2061
2059 2061 2062
2061 2063 2062
2061 2064 2063
2065 2064 2061
2065 2066 2064
2059 2067 2068
2059 2069 2067
2070 2067 2069
2070 2069 2071
2072 2073 2074
2072 2074 2075
2076 2077 2078
2076 2078 2079
2080 2081 2082
2080 2082 2083
2084 2085 2086
2084 2086 2087
2088 2089 2090
2088 2090 2091
2092 2093 2094
2092 2094 2095
2096 2097 2098
2096 2098 2099
2100 2101 2102
2100 2102 2103
2104 2105 2106
2105 2104 2107
2105 2107 2108
2105 2108 2109
2105 2109 2110
2111 2112 2113
2111 2113 2114
2115 2116 2117
2115 2117 2118
2119 2120 2121
2119 2121 2122
2123 2124 2125
2123 2125 2126
2127 2128 2129
2127 2129 2130
2131 2132 2133
2131 2133 2134
2135 2136 2134
2135 2137 2136
2138 2137 2139
2138 2139 2140
2140 2141 2138
2140 2142 2141
2143 2144 2142
2143 2145 2144
2146 2147 2148
2146 2148 2149
2150 2151 2152
2150 2152 2153
2154 2155 2156
2154 2156 2157
2158 2159 2160
2158 2160 2161
2162 2163 2164
2162 2164 2165
2166 2167 2168
2166 2168 2169
2170 2171 2169
2170 2172 2171
2173 2174 2175
2173 2175 2176
2177 2178 2179
2177 2179 2180
2181 2182 2183
2181 2183 2184
2185 2186 2187
2185 300 2186
2188 2189 2190
2188 2190 2191
2192 2193 2194
2192 2194 2195
2196 2197 2198
2196 2199 2197
2200 2199 2201
2200 2201 2202
2203 2204 2202
2203 2205 2204
2206 2207 2208
2206 2209 2207
2208 2207 2210
2207 2209 2211
2210 2207 2212
2212 2207 2211
2213 2214 2215
2213 2216 2214
2215 2214 2217
2214 2216 2218
2217 2214 2219
2219 2214 2218
2220 2221 2222
2220 2223 2221
2222 2221 2224
2221 2223 2225
2224 2221 2226
2226 2221 2225
2227 2228 2229
2227 2230 2228
2229 2228 2231
2228 2230 2232
2231 2228 2233
2233 2228 2232
2234 2235 2236
2234 2237 2235
2236 2235 2238
2235 2237 2239
2238 2235 2240
2240 2235 2239
2241 2242 2243
2241 2244 2242
2243 2242 2245
2242 2244 2246
2245 2242 2247
2247 2242 2246
