byte offset: 0
first index: 0
index count: 3762
topology: trianglelist
format: DXGI_FORMAT_R16_UINT

0 1 2
3 1 4
3 4 5
1 6 4
6 7 4
7 8 4
7 9 8
9 7 10
6 11 7
7 12 10
7 11 12
12 13 10
14 10 13
14 13 15
13 16 15
13 17 16
12 18 13
12 11 19
12 19 18
20 17 13
20 13 18
19 21 18
11 22 19
22 21 19
18 23 20
23 18 21
11 6 24
11 25 22
11 24 25
24 6 26
1 26 6
27 22 25
27 25 24
28 17 20
29 17 28
29 28 30
31 28 20
31 20 23
32 31 23
28 31 33
33 31 32
34 28 33
34 33 35
32 23 36
23 21 36
33 32 37
38 33 37
36 21 39
21 22 39
39 22 40
22 27 40
27 41 40
39 40 42
43 36 39
43 39 42
44 42 40
41 44 40
45 43 42
44 45 42
46 32 36
47 36 43
47 46 36
48 47 43
45 49 43
48 43 49
44 50 45
49 45 51
45 50 51
49 51 52
52 48 49
53 44 41
50 44 53
50 54 51
54 52 51
50 55 54
55 50 53
55 53 56
54 57 52
58 56 53
57 59 52
52 59 48
57 60 59
59 60 61
58 53 62
53 41 62
63 58 62
63 62 41
63 64 58
59 61 65
48 59 65
61 66 65
61 67 66
66 67 68
48 65 69
69 65 66
70 64 63
70 71 64
72 71 70
73 48 69
74 73 69
47 48 73
74 47 73
69 66 75
74 69 75
66 68 76
75 66 76
74 77 47
77 46 47
46 77 78
78 77 74
74 75 79
75 76 79
68 80 76
68 81 80
74 79 82
78 74 82
76 83 79
76 80 83
83 82 79
81 84 80
83 80 84
81 85 84
46 78 86
32 46 86
82 87 78
86 78 87
83 88 82
82 88 87
85 89 84
85 90 89
83 84 91
88 83 91
91 84 89
90 92 89
90 93 92
92 93 94
32 86 95
95 37 32
91 89 96
96 89 92
94 97 92
97 94 98
97 98 99
96 92 100
100 92 97
101 97 99
100 97 101
101 99 102
103 101 102
103 104 101
104 100 101
100 104 105
104 103 106
96 100 107
91 96 107
100 105 107
104 106 108
105 104 108
108 106 109
110 108 109
105 108 110
110 109 111
110 111 112
105 110 112
113 112 111
113 114 112
114 113 115
105 112 116
116 112 114
91 107 117
88 91 117
88 117 118
107 118 117
87 88 118
107 105 119
119 105 116
118 107 119
118 119 120
121 87 118
120 121 118
122 121 120
119 116 123
120 119 123
124 87 121
86 87 124
125 124 121
86 124 125
125 121 122
86 125 95
123 116 126
116 114 126
114 127 126
123 126 128
120 123 128
128 126 127
129 95 125
95 129 37
130 37 129
130 131 37
125 132 129
122 132 125
132 133 129
132 134 133
114 135 127
114 115 135
135 115 136
135 136 137
138 127 135
138 139 127
132 122 140
141 132 140
142 132 141
141 140 143
144 140 122
140 144 145
140 145 146
147 144 122
144 147 148
144 148 149
147 122 150
122 120 150
150 120 151
147 150 151
120 128 151
152 151 128
128 127 152
127 153 152
127 154 153
152 155 151
147 151 155
155 152 156
155 156 157
158 147 155
147 159 160
161 155 162
163 140 164
165 10 166
17 167 168
169 170 171
172 169 173
172 173 174
175 176 172
175 177 176
176 178 179
179 180 181
182 183 169
182 184 183
182 185 186
182 187 185
188 179 189
188 189 190
191 188 192
191 193 188
194 193 195
196 193 197
196 197 198
199 196 200
199 200 201
199 202 203
203 204 205
203 205 206
207 208 206
207 209 208
208 210 211
212 208 211
212 211 213
212 214 215
216 212 217
216 218 212
219 218 220
219 221 218
222 221 223
221 224 225
225 226 227
228 225 229
228 230 225
231 232 230
231 233 232
232 234 235
232 235 236
237 238 236
237 236 239
240 241 242
243 244 245
246 247 248
249 250 251
252 253 254
255 256 257
258 259 260
261 262 263
264 265 266
267 268 269
270 271 272
273 274 271
275 276 277
278 279 280
281 282 283
284 285 286
287 288 289
290 291 292
293 294 295
296 297 298
299 300 301
299 301 302
302 301 303
304 299 302
302 303 305
305 303 72
305 72 306
72 70 306
306 70 307
307 70 63
307 63 308
63 41 308
308 41 309
309 307 308
41 27 309
310 307 309
306 307 310
309 27 311
311 310 309
311 27 24
311 24 312
312 24 26
313 311 312
310 311 313
26 314 312
313 312 314
26 315 314
1 315 26
1 316 315
317 316 1
317 318 316
319 316 318
319 320 316
316 321 315
321 314 315
316 320 321
322 313 314
321 322 314
323 322 321
324 321 320
324 323 321
325 324 320
325 326 324
327 313 322
327 310 313
323 328 322
327 322 328
329 310 327
329 306 310
330 327 328
330 328 323
331 330 323
330 332 327
332 329 327
331 332 330
333 306 329
333 305 306
332 334 329
333 329 334
335 305 333
335 302 305
336 333 334
332 336 334
336 335 333
337 302 335
304 302 337
338 337 335
304 337 338
338 335 336
304 338 339
340 336 332
340 338 336
339 338 340
331 340 332
339 340 341
341 340 331
342 341 331
342 331 343
344 342 343
343 345 344
343 331 346
331 323 346
343 347 345
347 348 345
346 323 349
323 324 349
350 349 324
350 324 351
343 346 352
347 343 352
353 346 349
353 352 346
354 353 349
354 355 353
347 356 348
356 357 348
356 358 357
347 352 359
359 352 353
356 347 359
360 359 353
356 359 360
360 353 361
356 360 362
363 364 365
363 366 364
367 366 363
368 366 367
369 366 368
370 366 369
371 364 366
370 371 366
371 372 364
373 371 370
371 374 372
373 375 371
371 375 374
375 376 374
377 375 373
375 378 376
377 378 375
378 379 376
377 380 378
378 380 379
377 381 380
380 382 379
383 380 381
380 384 382
383 384 380
384 383 385
384 386 382
384 385 387
386 384 387
386 387 388
389 390 391
389 391 392
393 394 395
393 395 396
397 398 399
397 399 400
401 402 403
401 403 404
405 406 407
405 407 408
409 410 411
409 411 412
413 414 415
413 415 416
417 418 419
417 419 420
421 422 423
421 423 424
425 426 427
425 427 428
429 430 431
429 431 432
433 429 434
433 434 435
436 437 438
436 438 439
440 441 442
440 442 443
444 445 446
444 446 447
446 448 449
446 449 450
451 452 453
451 453 454
455 456 453
455 453 457
458 459 460
458 460 461
462 463 464
462 464 465
466 467 465
466 465 468
469 470 471
469 472 470
473 472 474
473 474 475
476 477 478
476 478 479
480 481 482
480 482 483
484 485 486
484 486 487
488 489 490
488 490 491
492 493 494
492 494 495
496 497 498
496 498 499
500 501 502
500 502 503
504 505 506
504 506 187
504 507 508
504 509 507
510 511 509
510 512 511
510 513 514
510 515 513
516 515 517
516 517 518
519 520 517
519 517 521
522 523 524
522 524 525
526 527 528
526 528 529
530 531 532
530 532 533
534 535 536
534 536 537
538 539 540
538 540 541
542 543 544
542 544 545
546 547 548
546 548 549
550 551 552
550 552 553
554 555 556
554 556 557
558 559 560
558 560 561
562 563 564
562 564 565
566 567 568
566 568 569
570 571 572
570 572 573
574 575 576
574 576 577
578 579 580
578 580 581
582 583 584
582 584 585
586 587 588
586 588 589
590 591 592
590 592 593
594 595 596
594 596 597
598 599 600
598 600 601
602 603 604
602 604 605
606 607 608
606 608 609
610 611 612
610 612 613
614 615 616
614 616 617
618 619 620
618 620 621
622 623 624
622 624 625
626 627 628
626 628 629
630 631 632
630 632 633
634 635 636
634 636 637
638 639 640
638 640 641
642 643 644
642 644 645
646 647 648
646 648 649
650 651 652
650 652 653
654 655 656
654 656 657
658 659 660
658 660 661
662 663 664
662 664 665
666 667 668
666 668 669
670 671 672
670 672 673
674 675 676
674 676 677
678 679 680
678 680 681
682 683 684
682 684 685
686 687 688
686 688 689
690 691 692
690 692 693
694 695 696
694 696 697
698 699 700
698 700 701
702 703 704
702 704 705
706 707 708
706 708 709
710 711 712
710 712 713
714 715 716
714 716 717
718 719 720
718 720 721
722 723 724
722 724 725
726 727 728
726 728 729
730 731 732
730 732 733
734 735 736
734 736 737
738 739 740
738 740 741
742 743 744
742 744 745
746 747 748
746 748 749
750 751 752
750 752 753
754 755 756
754 756 757
758 759 760
758 760 761
762 763 764
762 764 765
766 767 762
766 768 767
769 770 771
769 771 772
773 774 775
773 775 776
777 778 779
777 779 780
781 782 783
781 783 784
785 786 787
785 787 788
789 790 791
789 791 792
793 794 795
793 795 796
797 798 799
797 799 800
801 802 803
801 803 804
805 806 807
805 807 808
809 810 811
809 811 812
813 814 815
813 815 816
817 818 819
817 819 820
821 822 823
821 823 824
825 826 827
825 827 828
829 830 831
829 831 832
833 834 835
833 835 836
837 838 839
837 839 840
841 842 843
841 843 844
845 846 847
845 847 848
849 850 851
849 851 852
853 854 855
853 855 856
857 858 859
857 859 860
861 862 863
861 863 864
865 866 867
865 867 868
869 870 871
869 871 872
873 874 875
873 875 876
877 878 879
877 879 880
881 882 883
881 883 884
885 886 887
885 887 888
889 890 891
889 891 892
893 894 895
893 895 896
897 898 899
897 899 900
901 902 903
901 903 904
905 906 907
905 907 908
909 910 911
909 911 912
913 914 915
913 915 916
917 918 919
917 919 920
921 922 923
921 923 924
925 926 927
925 927 928
929 930 931
929 931 932
933 934 935
933 935 936
937 938 939
937 939 940
941 942 943
941 943 944
945 946 947
945 947 948
949 950 951
949 951 952
953 954 955
953 955 956
957 958 959
957 959 960
961 962 963
961 963 964
965 966 967
965 967 968
969 970 971
969 971 972
973 974 975
973 975 976
977 978 979
977 979 980
981 982 983
981 983 984
985 986 987
985 987 988
989 990 991
989 991 992
993 994 995
993 995 996
997 998 999
997 999 1000
1001 1002 1003
1001 1003 1004
1005 1006 1007
1005 1007 1008
1009 1010 1011
1009 1011 1012
1013 1014 1015
1013 1015 1016
1017 1018 1019
1017 1019 1020
1021 1022 1023
1021 1023 1024
1025 1026 1027
1025 1027 1028
1029 1030 1031
1029 1031 1032
1033 1034 1035
1033 1035 1036
1037 1038 1039
1037 1039 1040
1041 1042 1043
1041 1043 1044
1045 1046 1047
1045 1047 1048
1049 1050 1051
1049 1051 1052
1053 1054 1055
1053 1055 1056
1057 1058 1059
1057 1059 1060
1061 1062 1063
1061 1063 1064
1065 1066 1067
1065 1067 1068
1069 1070 1071
1069 1071 1072
1073 1074 1075
1073 1075 1076
1077 1078 1079
1077 1079 1080
1081 1082 1083
1081 1083 1084
1085 1086 1087
1085 1087 1088
1089 1090 1091
1089 1091 1092
1093 1094 1095
1093 1095 1096
1097 1098 1099
1097 1099 1100
1101 1102 1103
1101 1103 1104
1105 1106 1107
1105 1107 1108
1109 1110 1111
1109 1111 1112
1113 1114 1115
1113 1115 1116
1117 1118 1119
1117 1119 1120
1121 1122 1123
1121 1123 1124
1125 1126 1127
1125 1127 1128
1129 1130 1131
1129 1131 1132
1133 1134 1135
1133 1135 1136
1137 1138 1139
1137 1139 1140
1141 1142 1143
1141 1143 1144
1145 1146 1147
1145 1147 1148
1149 1150 1151
1149 1151 1152
1153 1154 1155
1153 1155 1156
1157 1158 1159
1157 1159 1160
1161 1162 1163
1161 1163 1164
1165 1166 1167
1165 1167 1168
1169 1170 1171
1169 1171 1172
1173 1174 1175
1173 1175 1176
1177 1178 1179
1177 1179 1180
1181 1177 1180
1181 1180 1182
1183 1181 1182
1183 1182 1184
1185 1183 1184
1185 1184 1186
1187 1185 1186
1187 1186 1188
1189 1190 1191
1189 1191 1192
1193 1189 1192
1193 1192 1194
1195 1193 1194
1195 1194 1196
1197 1195 1196
1197 1196 1198
1199 1197 1198
1199 1198 1200
1201 1199 1200
1201 1200 1202
1203 1201 1202
1203 1202 1204
1205 1203 1204
1205 1204 1206
1207 1205 1206
1207 1206 1208
1209 1207 1208
1209 1208 1210
1211 1209 1210
1211 1210 1212
1213 1214 1215
1213 1216 1214
1216 1217 1214
1216 1218 1217
1218 1219 1217
1218 1220 1219
1220 1221 1219
1220 1222 1221
1223 1224 1225
1226 1223 1225
1227 1223 1226
1228 1223 1227
1228 1227 1229
1230 1228 1229
1231 1228 1230
1228 1231 1232
1228 1232 1233
1233 1232 1234
1234 1232 1235
1234 1235 1236
1237 1236 1235
1237 1238 1236
1239 1238 1237
1239 1240 1238
1240 1239 1241
1242 1241 1239
1242 1243 1241
1244 1245 1246
1244 1247 1245
1248 1247 1244
1249 1248 1244
1249 1250 1248
1251 1250 1249
1252 1251 1249
1249 1253 1252
1249 1254 1253
1254 1255 1253
1255 1256 1253
1255 1257 1256
1258 1256 1257
1258 1257 1259
1260 1258 1259
1260 1259 1261
1261 1262 1260
1263 1260 1262
1263 1262 1264
1265 1266 1267
1265 1267 1268
1269 1265 1268
1269 1268 1270
1271 1272 1273
1271 1274 1272
1274 1275 1272
1274 1276 1275
1276 1277 1275
1276 1278 1277
1279 1280 1281
1279 1281 1282
1283 1284 1285
1283 1286 1284
1284 1286 1287
1284 1287 1288
1287 1289 1288
1287 1290 1289
1290 1291 1289
1290 1292 1291
1292 1293 1291
1292 1294 1293
1294 1295 1293
1294 1296 1295
1297 1298 1299
1297 1299 1300
1301 1302 1303
1301 1303 1304
1305 1306 1307
1305 1307 1308
1309 1310 1311
1309 1311 1312
1313 1314 1315
1313 1315 1316
1317 1318 1319
1317 1319 1320
1321 1322 1323
1321 1323 1324
1325 1326 1327
1325 1327 1328
1329 1330 1331
1329 1331 1332
1333 1334 1335
1333 1335 1336
1337 1338 1339
1337 1339 1340
1341 1342 1343
1341 1343 1344
1345 1346 1347
1345 1347 1348
1349 1350 1351
1349 1351 1352
1353 1354 1355
1353 1355 1356
1357 1358 1359
1357 1359 1360
1361 1362 1363
1361 1363 1364
1365 1361 1364
1365 1364 1366
1367 1365 1366
1367 1366 1368
1369 1367 1368
1369 1368 1370
1371 1369 1370
1371 1370 1372
1373 1371 1372
1373 1372 1374
1375 1373 1374
1375 1374 1376
1377 1375 1376
1377 1376 1378
1379 1377 1378
1379 1378 1380
1381 1379 1380
1381 1380 1382
1383 1381 1382
1383 1382 1384
1385 1383 1384
1385 1384 1386
1387 1388 1389
1387 1389 1390
1391 1392 1393
1391 1393 1394
1395 1396 1397
1395 1397 1398
1395 1399 1400
1395 1400 1401
1402 1403 1397
1402 1397 1404
1405 1406 1407
1405 1407 1408
1409 1410 1411
1409 1411 1412
1413 1414 1415
1413 1415 1416
1417 1418 1419
1417 1419 1420
1421 1422 1423
1421 1423 1424
1425 1426 1427
1425 1427 1428
1429 1430 1431
1429 1431 1432
1432 1431 1433
1432 1433 1434
1434 1433 1435
1434 1435 1436
1436 1435 1437
1436 1437 1438
1438 1437 1439
1438 1439 1440
1440 1439 1441
1440 1441 1442
1442 1441 1443
1442 1443 1444
1444 1443 1445
1444 1445 1446
1446 1445 1447
1446 1447 1448
1448 1447 1449
1448 1449 1450
1450 1449 1451
1450 1451 1452
1452 1451 1453
1452 1453 1454
1455 1456 1457
1455 1457 1458
1459 1460 1461
1461 1460 1462
1461 1462 1463
1463 1462 1464
1463 1464 1465
1464 1466 1465
1464 1467 1466
1467 1468 1466
1467 1469 1468
1469 1470 1468
1471 1472 1473
1471 1474 1472
1474 1475 1472
1474 1476 1475
1476 1477 1475
1476 1478 1477
1479 1480 1481
1479 1482 1480
1482 1483 1480
1482 1484 1483
1484 1485 1483
1484 1486 1485
1487 1485 1486
1487 1488 1485
1489 1488 1487
1489 1490 1488
1489 1491 1490
1489 1492 1491
1493 1491 1492
1493 1492 1494
1495 1493 1494
1495 1494 1496
1497 1495 1496
1497 1498 1495
1499 1498 1497
1499 1497 1500
1501 1499 1500
1501 1500 1502
1503 1501 1502
1503 1504 1501
1503 1505 1504
1503 1506 1505
1506 1507 1505
1506 1508 1507
1509 1507 1508
1509 1510 1507
1511 1510 1509
1511 1512 1510
1513 1512 1511
1513 1514 1512
1515 1516 1517
1515 1517 1518
1518 1517 1519
1518 1519 1520
1520 1519 1521
1520 1521 1522
1523 1524 1525
1523 1526 1524
1527 1526 1523
1527 1528 1526
1529 1528 1527
1529 1530 1528
1526 1528 1531
1526 1531 1532
1533 1532 1531
1533 1531 1534
1534 1535 1533
1534 1536 1535
1536 1537 1535
1536 1538 1537
1539 1537 1538
1539 1540 1537
1541 1540 1539
1541 1539 1542
1543 1541 1542
1543 1544 1541
1545 1544 1543
1545 1546 1544
1547 1548 1549
1547 1549 1550
1550 1549 1551
1550 1551 1552
1552 1551 1553
1552 1553 1554
1555 1554 1553
1555 1556 1554
1555 1557 1556
1555 1558 1557
1559 1557 1558
1559 1560 1557
1560 1559 1561
1560 1561 1562
1562 1561 1563
1562 1563 1564
1565 1564 1563
1566 1564 1565
1566 1567 1564
1565 1563 1568
1568 1563 1569
1568 1569 1570
1571 1572 1573
1571 1573 1574
1575 1576 1577
1575 1577 1578
1579 1580 1581
1579 1581 1582
1583 1584 1585
1583 1585 1586
1587 1588 1589
1587 1589 1590
1591 1592 1593
1591 1593 1594
1595 1596 1597
1595 1597 1598
1599 1600 1601
1599 1601 1602
1602 1601 1603
1602 1603 1604
1604 1603 1605
1604 1605 1606
1606 1605 1607
1606 1607 1608
1608 1607 1609
1608 1609 1610
1610 1609 1611
1610 1611 1612
1612 1611 1613
1612 1613 1614
1614 1613 1615
1614 1615 1616
1617 1618 1619
1617 1619 1620
1621 1622 1623
1621 1623 1624
1624 1623 1625
1624 1625 1626
1627 1626 1625
1627 1628 1626
1629 1628 1627
1629 1627 1630
1631 1629 1630
1631 1630 1632
1632 1633 1631
1632 1634 1633
1635 1633 1634
1635 1634 1636
1635 1636 1637
1635 1637 1638
1639 1640 1641
1642 1639 1641
1642 1641 1643
1644 1642 1643
1645 1644 1643
1646 1644 1645
1647 1648 1649
1647 1649 1650
1650 1651 1647
1650 1652 1651
1653 1654 1655
1653 1656 1654
1656 1657 1654
1656 1658 1657
1659 1660 1661
1659 1661 1662
1663 1659 1662
1663 1664 1659
1665 1664 1663
1665 1666 1664
1667 1668 1669
1667 1669 1670
1671 1667 1670
1671 1670 1672
1671 1672 1673
1671 1673 1674
1675 1676 1677
1675 1678 1676
1678 1679 1676
1678 1680 1679
1680 1681 1679
1680 1682 1681
1683 1684 1685
1683 1685 1686
1687 1688 1689
1687 1689 1690
1691 1692 1693
1691 1693 1694
1695 1696 1697
1698 1696 1695
1697 1696 1699
1700 1696 1698
1699 1696 1701
1702 1696 1700
1701 1696 1703
1704 1696 1702
1703 1696 1705
1706 1696 1704
1705 1696 1707
1708 1696 1706
1707 1696 1709
1710 1696 1708
1709 1696 1711
1712 1696 1710
1711 1696 1713
1714 1696 1712
1713 1696 1715
1716 1696 1714
1715 1696 1717
1718 1696 1716
1717 1696 1719
1720 1696 1718
1719 1696 1721
1721 1696 1720
