byte offset: 0
first index: 0
index count: 5367
topology: trianglelist
format: DXGI_FORMAT_R16_UINT

0 1 2
3 1 4
5 1 6
7 1 8
1 9 8
10 8 9
10 9 11
1 12 9
13 12 1
13 14 12
12 15 9
9 15 16
9 16 17
15 18 16
12 19 15
14 19 12
15 20 18
19 20 15
21 18 20
21 20 22
19 23 20
24 20 23
14 25 19
23 19 25
25 26 23
23 26 27
25 28 26
14 29 25
29 28 25
30 29 14
29 31 28
30 32 29
32 31 29
32 33 31
34 33 32
35 36 32
37 38 39
40 41 42
43 41 44
43 45 41
46 47 45
46 48 47
48 49 47
48 50 49
51 52 49
51 53 52
53 54 55
53 56 54
57 58 56
57 56 59
59 60 61
59 62 60
63 60 62
63 62 64
65 63 64
65 64 66
65 66 67
68 69 70
71 72 73
74 75 72
74 76 75
77 78 79
80 81 79
82 83 79
84 85 79
79 85 86
79 86 87
87 88 79
87 89 88
85 90 86
85 91 90
85 92 91
85 93 92
87 86 94
86 95 94
86 96 95
97 89 87
87 94 97
97 98 89
89 98 99
100 89 99
100 99 101
97 94 102
94 103 102
94 104 103
105 98 97
97 102 105
106 105 102
98 105 107
105 108 107
98 107 109
99 98 109
99 109 110
101 99 110
101 110 111
112 101 111
113 101 114
102 115 116
102 116 117
118 119 120
121 122 123
124 125 123
124 123 126
127 128 126
127 129 128
130 129 127
130 131 129
132 130 133
132 133 134
134 135 136
134 136 137
138 136 139
138 139 140
141 142 143
144 145 146
147 148 149
150 151 152
153 154 152
153 155 154
156 157 158
159 160 156
159 156 161
162 163 164
165 166 167
165 168 169
165 170 168
171 170 165
171 165 172
165 173 172
171 172 174
171 175 170
176 175 171
176 171 177
176 177 178
176 179 175
180 179 176
180 176 181
180 181 182
170 175 183
175 179 184
175 184 183
183 184 185
183 185 186
180 187 179
179 188 184
179 187 188
184 188 189
184 189 190
191 187 180
191 180 192
191 192 193
170 183 194
195 170 194
195 196 170
197 194 183
197 183 198
187 199 188
188 199 200
188 200 201
191 202 187
187 202 199
202 191 203
204 203 191
204 205 203
206 203 205
206 205 207
202 208 199
202 203 209
202 209 208
210 209 203
210 203 211
199 208 212
199 212 213
208 214 212
208 215 214
216 208 209
216 209 217
217 209 218
219 220 221
222 223 224
225 223 226
227 228 223
227 223 229
230 231 223
230 223 232
233 232 223
233 234 232
235 236 232
235 232 237
238 237 232
238 232 239
240 237 238
240 241 237
242 237 241
242 243 237
244 245 241
244 241 246
247 246 241
247 241 248
249 250 246
249 246 251
252 251 246
252 246 253
254 255 251
254 251 256
257 258 251
257 251 259
260 261 262
263 262 264
263 264 265
266 265 267
266 267 268
269 266 270
269 270 271
272 269 271
272 271 273
274 272 275
274 275 276
277 274 278
277 278 279
280 281 282
283 284 285
286 287 288
289 290 291
292 293 294
295 294 296
295 296 297
298 297 299
298 299 300
301 294 302
302 294 303
302 303 304
301 302 305
306 305 302
306 307 305
308 307 306
308 309 307
302 310 306
302 311 310
306 310 312
306 312 313
314 315 316
316 317 318
316 319 317
316 320 319
316 321 320
322 321 316
322 323 321
323 324 321
323 325 324
321 324 326
321 326 327
324 328 326
324 329 328
325 329 324
325 330 329
329 331 332
329 333 331
334 333 329
334 335 333
336 333 335
336 335 337
338 333 336
338 339 333
340 341 336
340 342 341
343 344 336
343 345 344
346 347 348
349 350 348
349 351 350
350 351 352
353 348 350
350 352 354
350 355 353
350 354 355
353 356 348
356 357 348
348 357 358
358 357 359
352 360 354
361 355 354
361 354 360
353 355 362
363 356 353
353 362 363
364 355 361
364 362 355
356 365 357
363 366 356
366 365 356
363 367 366
368 365 366
368 369 365
369 357 365
369 370 357
371 357 370
371 370 372
363 362 373
374 362 364
374 373 362
363 373 375
375 376 363
373 374 377
373 377 378
375 373 379
375 379 380
381 375 380
381 382 375
383 374 364
374 383 384
374 384 385
383 364 386
386 364 361
387 383 386
388 383 387
388 387 389
386 361 390
387 386 391
391 386 390
391 390 392
393 387 391
393 394 387
390 361 395
395 396 390
395 361 360
395 397 396
360 398 395
398 397 395
398 399 397
387 400 401
402 391 403
402 403 404
405 406 397
405 397 407
408 397 409
408 409 410
411 412 413
414 415 412
414 412 416
417 414 416
417 418 414
419 416 412
420 417 416
420 416 419
421 418 417
417 420 422
417 422 421
419 412 423
424 423 412
412 425 424
426 420 419
427 422 420
427 420 426
428 419 423
426 419 428
421 429 418
429 430 418
429 431 430
421 422 432
433 429 421
421 432 433
434 422 427
434 432 422
435 432 434
435 436 432
436 433 432
433 437 429
437 438 429
437 439 438
440 437 433
436 440 433
441 440 436
441 442 440
440 443 437
443 444 437
443 445 444
440 446 443
440 447 446
448 449 436
448 436 450
443 451 452
443 452 453
454 455 456
457 458 459
460 461 462
463 461 464
465 461 466
465 467 461
461 468 469
461 470 468
471 470 461
471 472 470
473 472 467
473 474 472
472 475 470
470 475 476
470 476 477
472 478 475
479 478 472
479 480 478
475 478 481
482 481 478
482 483 481
475 481 484
475 484 485
475 485 486
485 484 487
488 484 481
489 484 488
488 481 490
490 481 491
490 491 492
493 494 490
495 496 497
498 499 500
501 502 503
504 503 505
504 505 506
507 508 509
510 511 512
513 514 515
516 517 518
519 516 520
519 521 516
521 522 516
521 523 522
523 524 522
523 525 524
526 523 521
526 521 527
526 527 528
526 529 523
529 530 523
529 531 530
532 529 526
533 532 526
533 526 534
532 535 529
536 535 532
536 537 535
538 529 535
537 538 535
538 539 529
538 540 539
537 541 538
542 543 532
542 532 544
537 545 546
537 546 547
548 537 549
548 549 550
551 552 553
554 352 555
556 557 352
556 558 557
352 557 360
557 559 360
557 560 559
561 560 557
561 562 560
563 559 560
563 560 564
565 564 560
565 566 564
567 568 564
567 564 569
569 564 570
569 570 571
572 573 574
575 418 576
577 578 579
580 581 582
582 583 584
585 582 584
585 586 582
586 587 582
586 588 587
589 586 590
589 591 586
591 592 586
591 593 592
594 591 595
594 595 596
594 597 591
594 598 597
599 594 600
599 601 594
601 602 594
601 603 602
604 603 601
605 604 601
605 601 606
605 607 604
605 608 607
604 609 603
609 604 607
610 603 609
611 603 610
611 612 603
613 602 611
613 614 602
610 615 611
610 616 615
610 609 617
617 616 610
609 607 618
617 609 618
611 619 613
611 620 619
613 619 621
613 621 622
622 614 613
622 623 614
624 623 622
624 625 623
626 618 607
627 626 607
627 628 626
628 629 626
630 618 626
631 618 630
617 618 631
630 626 632
626 633 632
634 617 631
617 634 616
630 632 635
635 632 636
637 636 632
637 638 636
639 631 630
634 631 640
640 631 639
641 639 630
641 630 635
642 640 639
641 642 639
634 640 643
642 643 640
644 642 641
644 645 642
646 643 642
646 647 643
634 643 648
648 643 649
648 649 650
634 648 651
652 651 648
634 651 616
616 651 653
616 653 654
652 655 651
653 651 655
653 655 656
653 657 658
653 658 659
653 659 660
653 660 661
659 662 663
659 663 664
665 659 664
665 664 666
664 667 668
664 668 669
670 671 664
670 664 672
673 674 675
676 677 678
679 678 680
678 681 680
678 682 681
683 682 678
683 684 682
682 685 686
682 687 685
687 682 688
687 688 689
687 690 691
687 692 690
693 692 687
693 694 692
692 695 696
692 697 695
698 697 692
698 699 697
699 700 697
697 700 701
697 701 702
699 703 700
704 703 699
705 704 699
705 699 706
707 704 705
707 708 704
704 709 703
708 709 704
710 700 703
711 703 709
711 710 703
708 712 709
712 711 709
713 712 708
713 714 712
715 712 714
716 711 712
717 711 716
717 718 711
718 710 711
719 718 717
710 720 700
720 721 700
720 722 721
719 723 718
724 723 719
724 725 723
718 726 710
726 720 710
723 726 718
726 727 720
727 728 720
727 729 728
726 730 727
730 731 727
730 732 731
730 733 732
723 734 726
726 734 730
730 735 733
734 735 730
735 736 733
735 737 736
723 738 734
734 738 735
738 737 735
723 725 738
725 737 738
725 739 737
740 739 725
740 725 741
742 743 744
745 746 747
748 749 750
751 752 753
754 755 752
756 752 755
756 757 752
758 752 757
758 757 759
760 757 761
760 762 757
763 757 762
763 762 764
765 762 766
765 767 762
768 762 767
768 767 769
770 767 771
770 772 767
772 773 767
772 774 773
775 774 772
776 775 772
776 772 777
775 778 774
779 778 775
779 775 780
780 775 781
780 781 782
778 783 774
774 783 784
774 784 785
786 779 780
786 780 787
787 780 788
787 788 789
790 786 787
790 787 791
790 791 792
793 778 779
778 794 783
793 794 778
795 779 786
795 793 779
796 795 786
790 797 786
796 786 797
798 793 795
796 798 795
796 799 798
798 800 793
800 801 793
793 801 794
794 802 783
794 801 802
783 802 803
783 803 784
804 784 803
804 805 784
806 784 805
806 805 807
807 805 808
807 808 809
810 808 805
810 805 811
801 812 802
801 813 812
814 813 801
802 812 815
802 815 816
817 818 808
817 808 819
820 808 821
820 821 822
823 824 825
826 827 828
829 827 830
827 831 830
635 831 827
635 827 641
832 641 827
832 833 641
635 636 831
830 831 636
830 636 834
835 834 636
835 836 834
837 830 834
838 830 837
838 839 830
837 834 840
841 840 834
841 842 840
843 837 840
844 837 843
844 845 837
843 840 846
840 847 846
840 848 847
846 849 843
843 849 850
843 850 851
846 852 849
853 852 846
853 854 852
852 855 849
852 856 855
857 849 855
857 855 858
859 860 852
859 861 860
862 863 864
862 865 866
867 862 866
868 862 867
869 867 866
869 868 867
868 870 862
871 870 868
870 872 862
870 873 872
869 874 868
874 871 868
871 875 870
875 876 870
875 877 876
869 878 874
869 879 878
869 866 880
880 881 869
880 882 881
883 875 871
883 884 875
883 885 884
886 880 866
866 887 886
866 888 887
886 889 880
889 890 880
889 891 890
892 889 886
886 893 892
886 894 893
892 895 889
889 895 896
889 896 897
895 892 898
892 899 898
892 900 899
895 898 901
902 895 901
902 901 903
901 898 904
901 904 905
904 898 906
904 906 907
908 901 909
908 909 910
911 912 913
914 915 916
917 918 914
917 914 919
920 921 922
923 922 790
923 790 924
922 797 790
922 925 797
926 925 922
926 927 925
925 796 797
927 928 925
925 928 796
927 929 928
930 796 928
930 931 796
929 932 928
929 933 932
934 935 936
937 938 939
940 938 941
940 941 942
943 944 945
946 947 944
948 947 946
949 944 947
949 947 950
951 949 950
951 950 952
952 953 951
952 954 953
954 955 953
954 956 955
956 957 955
956 958 957
959 958 956
959 960 958
957 958 961
958 962 961
958 963 962
957 961 964
965 957 964
965 966 957
967 968 956
967 956 969
970 971 957
970 972 971
972 973 971
972 974 973
974 975 973
974 976 975
976 977 975
976 978 977
978 979 977
978 980 979
980 981 979
982 981 980
979 981 983
984 985 969
984 969 986
987 984 986
987 988 984
987 989 988
987 990 989
991 989 990
991 990 992
993 994 995
996 997 994
994 997 998
999 997 1000
999 1000 1001
1001 1000 1002
1003 1000 997
1003 997 1004
1000 1003 1005
1004 997 1006
1004 1006 1007
997 1008 1006
997 1009 1008
1010 1007 1006
1010 1011 1007
1012 1010 1006
1012 1006 1013
1012 1014 1010
1014 1011 1010
1014 1015 1011
1000 1005 1016
1017 1016 1005
1017 1005 1018
1018 1019 1017
1018 1020 1019
1016 1021 1000
1000 1021 1022
1023 1017 1019
1023 1024 1017
1024 1025 1017
1016 1017 1026
1026 1017 1027
1016 1028 1021
1028 1016 1026
1029 1021 1028
1029 1028 1030
1031 1028 1026
1031 1032 1028
1021 1033 1034
1026 1035 1036
1037 1024 1038
1039 1040 1024
1041 1042 1043
1044 1045 1046
1047 1048 1001
1049 1001 1050
1051 1052 1053
1054 994 1055
1056 1057 1058
1059 1060 1061
1062 1063 1064
1065 1066 1067
1068 1069 1066
1068 1070 1069
1069 1070 1071
1069 1071 1072
1073 1074 1072
1075 1076 1077
1078 1079 1077
1080 1077 1019
1077 1081 1019
1019 1082 1083
1019 1084 1082
1019 1085 1084
1020 1085 1019
1020 1086 1085
1087 1085 1086
1087 1086 1088
1089 1085 1087
1089 1090 1085
1089 1087 1091
1091 1087 1088
1091 1088 1092
1093 1082 1094
1095 1096 1082
1097 1098 1099
1100 1101 1102
1103 1104 1105
1106 1107 1108
1109 1110 1111
424 1112 1113
1114 424 1115
1114 1116 424
424 1116 423
1117 423 1116
428 423 1117
1118 1117 1116
1118 428 1117
1118 1116 1119
1120 424 1121
1120 1121 1122
1123 428 1124
1125 428 1123
1125 426 428
1123 1126 1125
1123 1127 1126
1123 1128 1127
1123 1129 1128
1130 426 1125
1130 427 426
1125 1131 1130
1125 1132 1131
1133 427 1130
1133 434 427
1130 1134 1133
1130 1135 1134
1136 434 1133
1136 1137 434
1133 1138 1136
1133 1139 1138
1136 1140 1137
1140 1136 1141
1137 1140 1142
1142 1140 1143
1140 1141 1144
1140 1144 1145
1146 1147 1148
1146 1148 1149
1150 1151 1152
1150 1152 1153
1154 1155 1156
1154 1156 1157
1158 1159 1160
1158 1160 1161
1162 1163 1164
1162 8 1163
1165 1166 1167
1165 1167 1168
1169 1170 1168
1169 1168 1171
1172 1167 1173
1172 1173 1174
1174 1175 1172
1174 1176 1175
1177 1175 1176
1177 1178 1175
1177 1179 1178
1177 1180 1179
1181 1179 1180
1182 1183 1184
1182 1184 1185
1185 1184 1186
1185 1186 1187
1188 1185 1187
1188 1187 1189
1190 1185 1191
1190 1191 1192
1187 1193 1194
1187 1194 1195
1196 1187 1195
1196 1195 1197
1195 1198 1199
1195 1199 1200
1201 1195 1200
1201 1200 1202
1200 1199 1203
1200 1203 1204
1205 1200 1204
1205 1204 1206
1204 1207 1208
1204 1208 1209
1210 1204 1209
1210 1209 1211
1212 1213 1209
1212 1214 1213
1215 1209 1216
1215 1216 1217
1218 1219 1220
1218 1220 1221
1222 1223 1224
1222 1225 1223
1226 1223 1225
1226 1227 1223
1225 1228 1226
1225 1229 1228
1230 1229 1225
1230 1231 1229
1229 1232 1228
1229 1233 1232
1229 1234 1233
1229 1235 1234
1223 1236 1237
1223 1238 1236
1223 1239 1238
1223 1240 1239
1238 1239 1241
1238 1241 1242
1243 1238 1242
1243 1244 1238
1242 1245 1246
1242 1247 1245
1242 1248 1247
1242 1249 1248
1247 1250 1251
1247 1251 1252
1247 1252 1253
1247 1253 1254
1252 1255 1256
1252 1256 1257
1257 1258 1252
1257 1259 1258
1260 1261 1257
1260 1257 1262
1263 1264 1257
1263 1257 1265
1266 1267 1268
1266 1268 1269
1269 1268 1270
1269 1270 1271
1272 1273 1268
1272 1268 1274
1274 1268 1275
1274 1275 1276
1276 1277 1274
1276 1278 1277
1274 1277 1279
1274 1279 1280
1281 1282 1277
1281 1277 1283
1284 1283 1277
1284 1285 1283
1233 1286 1287
1233 1287 1288
1288 1289 1233
1288 1290 1289
1287 1291 1288
1287 1292 1291
1288 1291 1293
1288 1293 1294
1292 1269 1291
1292 1295 1269
1291 1269 1296
1291 1296 1297
1298 1299 1300
1298 1300 1301
1302 1301 1300
1302 1300 1303
1304 1303 1300
1305 1304 1300
1304 1306 1303
1306 1307 1303
1306 1308 1307
1309 1303 1307
1309 1310 1303
1311 1312 1298
1311 1313 1312
1314 1315 1307
1314 1307 1316
1317 1307 1318
1317 1318 1319
1320 1321 1322
1320 1322 1323
1324 1325 1326
1324 1326 1327
1328 1329 1330
1328 1330 1331
1332 1333 1328
1332 1334 1333
1335 1334 1332
1335 1332 1336
1337 1338 1339
1337 1339 1340
1341 1342 1343
1341 1343 1344
1345 1346 1347
1345 1347 1348
1349 1350 1351
1349 1351 1352
1352 1351 1353
1352 1353 1354
1355 1356 1349
1355 1357 1356
1358 1353 1359
1358 1359 1360
1361 1359 1362
1361 1362 1363
1364 1365 1366
1364 1366 1367
1368 1369 1366
1368 1370 1369
1370 1368 1371
1370 1371 1372
1373 1372 1371
1373 1374 1372
1375 1376 1377
1375 1377 1378
1379 1380 1381
1379 1381 1382
1383 1384 1385
1386 1383 1385
1386 1387 1383
1388 1389 1390
1388 1390 1391
1392 1393 1394
1392 1394 1395
1396 1397 1398
1396 1399 1397
1400 1399 1396
1400 1396 1401
1396 1402 1403
1396 1403 1404
1405 1396 1404
1405 1404 1406
1404 1407 1406
1404 1408 1407
1409 1407 1408
1409 1408 1410
1411 1408 1404
1411 1404 1412
1408 1413 1410
1408 1414 1413
1410 1415 1416
1410 1417 1415
1418 1417 1410
1418 1410 1419
1420 1421 1417
1420 1417 1422
1422 1417 1423
1422 1423 1424
1425 1426 1422
1425 1427 1426
1428 1429 1422
1428 1430 1429
1431 1432 1433
1431 1434 1432
1435 1432 1434
1435 1434 1436
1437 1432 1438
1437 1439 1432
1440 1432 1439
1440 1439 1441
1441 1439 1442
1441 1442 1443
1439 1444 1442
1439 1445 1444
1446 1434 1447
1446 1448 1434
1449 1434 1448
1449 1448 1450
1451 1452 1442
1451 1442 1453
1454 1442 1455
1454 1455 1456
1457 1448 1458
1457 1459 1448
1460 1448 1459
1460 1459 1461
1457 1462 1459
1457 1463 1462
1459 1462 1464
1459 1464 1465
1466 1467 1462
1466 1468 1467
1469 1462 1467
1469 1467 1470
1470 1467 1399
1470 1399 1471
1472 1399 1467
1472 1467 1473
1474 1475 1476
1474 1477 1475
1478 1475 1477
1478 1477 1479
1479 1477 1480
1481 1480 1477
1481 1482 1480
1483 1475 1478
1483 1484 1475
1485 1475 1484
1485 1484 1486
1478 1479 1487
1483 1478 1488
1478 1487 1488
1479 1480 1489
1479 1490 1487
1479 1489 1490
1480 1491 1489
1489 1492 1490
1489 1491 1492
1480 1493 1491
1494 1493 1480
1494 1495 1493
1490 1496 1487
1487 1497 1488
1487 1496 1497
1490 1498 1496
1492 1498 1490
1499 1497 1496
1499 1496 1498
1499 1500 1497
1499 1498 1501
1492 1502 1498
1502 1501 1498
1491 1503 1492
1503 1502 1492
1493 1504 1491
1491 1504 1503
1493 1505 1504
1506 1505 1493
1506 1507 1505
1503 1508 1502
1504 1509 1503
1509 1508 1503
1505 1510 1504
1504 1510 1509
1505 1511 1510
1512 1511 1505
1512 1513 1511
1511 1514 1510
1509 1510 1514
1515 1502 1508
1502 1515 1501
1511 1516 1514
1517 1516 1511
1517 1518 1516
1509 1514 1519
1516 1520 1514
1519 1514 1520
1509 1521 1508
1519 1521 1509
1516 1522 1520
1523 1522 1516
1523 1524 1522
1525 1508 1521
1519 1526 1521
1526 1525 1521
1519 1520 1527
1526 1519 1527
1525 1528 1508
1515 1508 1528
1522 1529 1520
1520 1530 1527
1520 1529 1530
1522 1531 1529
1531 1532 1529
1531 1522 1533
1531 1533 1534
1529 1535 1530
1529 1532 1535
1536 1530 1535
1536 1527 1530
1536 1535 1532
1536 1537 1527
1526 1527 1537
1531 1538 1532
1538 1531 1539
1538 1539 1540
1541 1537 1536
1541 1536 1532
1538 1542 1532
1543 1542 1538
1543 1544 1542
1545 1532 1542
1541 1532 1545
1546 1545 1542
1546 1542 1547
1548 1541 1545
1548 1545 1549
1541 1550 1537
1551 1550 1541
1551 1541 1552
1537 1550 1553
1537 1553 1526
1554 1553 1550
1554 1550 1555
1526 1553 1556
1557 1556 1553
1557 1558 1556
1526 1556 1525
1525 1556 1559
1525 1559 1528
1560 1559 1556
1560 1556 1561
1528 1559 1562
1528 1562 1515
1563 1562 1559
1563 1559 1564
1515 1562 1565
1566 1565 1562
1566 1567 1565
1515 1565 1501
1501 1565 1568
1501 1568 1569
1568 1570 1569
1568 1571 1570
1572 1568 1565
1572 1565 1573
1574 1571 1568
1574 1568 1575
1576 1571 1577
1576 1577 1578
1579 1577 1571
1579 1580 1577
1581 1577 1582
1581 1583 1577
1584 1577 1583
1584 1583 1585
1586 1583 1587
1586 1588 1583
1589 1583 1588
1589 1588 1590
1591 1588 1592
1591 1592 1593
1594 1592 1588
1594 1595 1592
1596 1592 1597
1596 1597 1598
1599 1597 1592
1599 1600 1597
1601 1602 1597
1601 1603 1602
1604 1597 1605
1604 1605 1606
1607 1608 1609
1607 1610 1608
1611 1608 1610
1612 1608 1611
1612 1613 1608
1613 1614 1608
1613 1615 1614
1616 1613 1612
1616 1617 1613
1617 1618 1613
1617 1619 1618
1620 1617 1616
1620 1616 1621
1622 1616 1612
1623 1616 1622
1623 1624 1616
1625 1612 1611
1622 1612 1625
1625 1611 1626
1626 1611 1627
1611 1610 1627
1625 1628 1622
1622 1628 1629
1622 1629 1630
1625 1631 1628
1626 1631 1625
1632 1628 1631
1632 1631 1633
1626 1634 1631
1635 1631 1634
1635 1634 1636
1637 1634 1626
1626 1627 1637
1637 1638 1634
1639 1634 1638
1639 1638 1640
1637 1627 1483
1484 1483 1627
1484 1627 1610
1610 1641 1484
1610 1642 1641
1637 1483 1643
1643 1638 1637
1483 1488 1643
1643 1644 1638
1488 1644 1643
1645 1638 1644
1645 1644 1646
1488 1497 1644
1647 1644 1497
1647 1497 1648
1649 1650 1651
1649 1651 1617
1652 1653 1654
1652 1654 1628
1655 1656 1657
1655 1657 1658
1659 1660 1661
1659 1661 1662
1663 1664 1665
1663 1665 1666
1667 1668 1669
1667 1669 1670
1671 1672 1673
1671 1673 1674
1675 1676 1677
1675 1677 1678
1679 1680 1681
1679 1681 1682
1683 1684 1685
1683 1685 1686
1687 1688 1689
1687 1689 1690
1691 1692 1693
1691 1693 1694
1695 1696 1697
1695 1697 1698
1699 1700 1701
1699 1701 1702
1703 1704 1705
1703 1705 1706
1707 1708 1709
1707 1709 1710
1711 1712 1713
1711 1713 1714
1715 1716 1717
1715 1717 1718
1715 1718 1719
1720 1721 1722
1720 1722 1723
1724 1725 194
1724 194 1726
1727 1728 1729
1727 1729 1730
1731 1732 1733
1731 1733 1734
1735 1736 1737
1735 1737 1738
1739 1740 467
1739 467 1741
1739 1741 1742
1743 1744 1745
1746 1745 1744
1747 1748 1749
1747 1749 1750
1751 1752 1753
1751 1753 1754
1755 1756 1751
1755 1757 1756
1758 1759 1760
1758 1760 1761
1762 1763 1764
1762 461 1763
1765 1766 1767
1765 1767 1768
1769 1765 1768
1769 1768 705
705 1768 1770
705 1770 1771
1768 1767 1772
1768 1772 1773
1767 1774 1775
1767 1775 1776
1777 1767 1778
1777 1778 1779
1780 1781 1782
1780 1782 1783
1784 1785 1786
1784 1786 1787
1788 708 1784
1788 1789 708
1790 1791 1792
1790 1792 1793
1794 1795 1796
1794 1796 1797
1798 1799 1800
1798 1800 1801
1802 1803 1804
1802 1804 1805
1806 1807 1808
1806 1808 1809
1810 1811 1812
1810 1812 1813
1814 1815 1816
1814 1816 1817
1818 1819 1820
1818 1820 1821
1822 1821 1820
1822 1823 1821
1824 1818 1821
1823 1825 1821
1824 1821 1825
1824 1826 1818
1827 1818 1826
1827 1826 1828
1828 1826 1829
1828 1829 1830
1826 1831 1829
1826 1832 1831
1824 1832 1826
1833 1832 1824
1833 1834 1832
1833 1835 1834
1833 1824 1836
1836 1824 1825
1836 1837 1833
1837 1838 1833
1837 1839 1838
874 1839 1837
874 1840 1839
874 1837 871
871 1837 1836
1841 871 1836
1836 1825 1841
883 871 1841
1841 1825 1842
1841 1842 883
1823 1842 1825
1842 1843 883
1843 1844 883
1843 1845 1844
1846 1843 1842
1846 1842 1823
1847 1846 1823
1847 1823 1848
1849 1843 1846
1849 1846 1850
1850 1846 1847
1850 1847 1851
1847 1852 1853
1847 1853 1854
1855 1847 1854
1855 1856 1847
1857 1855 1854
1857 1854 1858
1859 1857 1858
1859 1858 1860
1858 1854 1861
1858 1861 1862
1863 1858 1864
1863 1864 1865
1866 1867 1820
1866 1820 1868
1869 1868 1820
1869 1870 1868
1871 1872 1868
1871 1868 1873
1874 1871 1873
1875 1873 1868
1875 1876 1873
1874 1873 1877
1878 1877 1873
1878 1879 1877
1828 1880 1881
1828 1881 1882
1883 1828 1882
1883 1884 1828
1885 1883 1882
1885 1882 1886
1886 1882 1887
1886 1887 1888
1889 1886 1888
1889 1888 1890
1889 1890 1891
1892 1889 1891
1892 1886 1889
1892 1893 1886
1894 1895 1896
1894 1896 1897
1898 1899 1900
1898 1900 1901
1902 1903 1904
1902 1905 1903
1906 1907 1905
1906 1908 1907
1909 1910 1911
1909 1911 1912
1913 1914 1915
1913 1915 1916
1917 1918 1919
1917 1919 1920
1921 1922 1917
1921 1923 1922
1924 1925 1926
1924 1926 1927
1928 1929 1930
1928 1930 1931
1932 1933 1934
1932 1934 1935
1936 1937 1938
1936 1938 1939
1940 1941 1942
1940 1942 1943
1944 1945 1946
1944 1946 1947
1948 1949 1950
1948 1950 1951
622 1952 1953
622 1953 1954
1955 1956 1957
1955 1957 1958
1959 1960 1961
1959 1961 1962
1963 1964 1965
1963 1965 1966
1967 1968 1969
1967 1969 1970
1971 1972 1973
1971 1973 1974
1975 1976 1977
1975 1977 1978
1979 1980 1981
1979 1981 1982
1983 1984 1985
1983 1985 1986
1987 1988 1989
1987 1989 1990
1991 1992 1993
1991 1994 1992
1995 1996 1994
1995 1994 1997
1998 1999 2000
1998 2000 2001
2002 2003 2001
2002 2001 2004
2002 2004 2005
2006 2007 2008
2006 2008 2009
2010 2011 2012
2010 2012 2013
2014 2015 2016
2014 2016 2017
2017 2016 2018
2017 2018 2019
2020 2021 2022
2022 2021 2023
2022 2023 2024
2024 2023 2025
2024 2025 2026
2027 2028 2029
2027 2029 2030
2031 2030 2029
2031 2029 2032
2033 2031 2032
2033 2032 2034
2033 2034 2035
2036 2037 2038
2036 2038 2039
2040 2041 2042
2040 2043 2041
2043 2044 2041
2045 2041 2044
2046 2041 2045
2046 2045 2047
2043 2048 2044
2048 2043 2049
2043 2050 2049
2045 2044 2051
2048 2052 2044
2051 2044 2052
2051 2052 2053
2048 2054 2052
2055 2052 2054
2055 2056 2052
2057 2056 2055
2058 2052 2056
2058 2056 2059
2057 2060 2056
2059 2056 2060
2059 2060 2061
2048 2049 2062
2063 2048 2062
2062 2049 2064
2062 2064 2065
2063 2062 2066
2066 2062 2067
2068 2063 2066
2066 2067 2069
2068 2066 2070
2070 2066 2069
2071 2068 2070
2070 2069 2072
2071 2070 2073
2072 2073 2070
2074 2071 2073
2072 2075 2073
2074 2073 2076
2075 2076 2073
2075 2077 2076
2078 2079 2076
2078 2076 2080
2081 2076 2082
2081 2082 2083
2084 2085 2086
2084 2086 2087
2087 2088 2089
2087 2089 2090
2091 2087 2092
2091 2060 2087
2093 2087 2060
2093 2060 2094
2095 2096 2045
2095 2045 2097
2097 2045 2051
2097 2051 2098
2098 2051 2099
2098 2099 2100
2101 2097 2098
2101 2098 2102
2102 2098 2100
2102 2100 2103
2104 2105 2097
2104 2097 2106
2100 2107 2108
2100 2108 2109
2110 2100 2109
2110 2109 2111
2109 2112 2113
2109 2113 2114
2115 2109 2114
2115 2114 2116
2117 2114 2118
2118 2114 2119
2118 2119 2120
2117 2118 2121
2121 2118 2122
2121 2122 2123
2124 2118 2125
2124 2125 2126
2127 2128 2129
2127 2049 2128
2130 2131 2132
2130 2132 2133
2134 2135 2136
2134 2136 2137
2138 2136 2139
2138 2139 2140
2139 2141 2140
2142 2143 2144
2142 2144 2145
2146 2147 2142
2146 2148 2147
2149 2150 2151
2149 2151 2152
2153 2154 2155
2153 2155 2156
2157 2158 2159
2157 2159 2160
2161 2162 2163
2161 2164 2162
2165 2164 2161
