byte offset: 0
first index: 0
index count: 7743
topology: trianglelist
format: DXGI_FORMAT_R16_UINT

0 1 2
3 4 1
1 4 5
1 5 6
7 1 6
7 6 8
6 9 10
6 10 11
12 6 11
12 11 13
14 11 10
13 11 15
14 15 11
13 15 16
14 17 15
14 18 17
17 18 19
17 19 20
21 15 17
21 22 15
17 23 21
17 20 23
24 25 20
20 26 24
27 28 29
30 31 28
28 32 33
28 34 32
35 34 28
35 36 34
37 34 38
37 38 39
40 41 34
40 42 41
43 44 45
46 47 44
48 49 44
48 44 50
50 44 51
50 51 52
53 54 50
53 50 55
55 50 56
55 56 57
58 55 59
55 60 61
62 63 55
62 64 63
65 63 66
67 68 69
70 68 71
68 72 73
68 74 72
75 74 68
75 76 74
74 77 78
74 79 77
80 79 74
80 81 79
79 82 83
79 83 84
83 85 84
83 86 85
87 85 86
87 86 88
86 89 88
90 88 89
90 89 91
83 92 86
86 92 89
92 93 89
92 94 93
89 95 91
89 96 95
91 95 97
91 97 98
98 99 91
98 100 99
98 97 101
98 101 102
103 98 102
103 102 104
102 101 105
102 105 106
105 107 106
108 102 106
108 106 109
109 106 110
106 111 112
113 111 114
113 114 115
116 114 117
116 117 118
119 117 120
121 122 123
124 123 125
126 123 127
126 127 128
129 127 123
129 130 127
131 132 127
131 133 132
134 127 132
134 132 135
136 137 132
136 132 138
139 132 140
139 140 141
142 143 144
145 146 142
147 145 142
147 142 148
148 142 149
148 149 150
151 152 148
151 148 153
153 148 154
153 154 155
156 157 153
156 153 158
158 153 159
158 159 160
161 158 160
162 156 158
161 162 158
162 163 156
164 162 161
165 162 164
165 166 162
167 164 168
169 170 171
172 173 170
170 174 175
176 170 177
176 177 178
179 180 178
181 182 170
181 183 182
184 185 186
187 188 186
186 189 190
186 190 191
191 192 186
191 193 192
191 194 195
191 195 196
196 197 191
196 198 197
199 200 196
201 196 202
203 204 196
203 205 204
206 207 208
209 210 207
211 207 212
211 212 213
211 214 207
211 215 214
216 217 211
216 211 218
219 218 211
219 220 218
218 221 222
218 222 223
224 225 218
224 218 226
227 224 226
227 226 228
229 230 231
231 232 233
231 233 234
235 231 234
236 231 235
235 234 237
237 238 235
237 239 238
237 234 240
237 240 241
241 242 237
241 243 242
244 245 235
234 246 247
234 248 249
234 249 250
251 250 252
241 253 254
241 254 255
255 256 241
255 257 256
258 257 255
255 259 258
255 260 259
261 258 259
261 262 258
258 263 257
262 263 258
264 257 263
265 257 264
265 266 257
267 265 264
267 268 265
262 269 263
270 269 262
270 271 269
264 263 272
269 272 263
269 273 272
274 264 272
274 275 264
276 274 272
276 272 277
262 278 279
280 269 281
282 283 284
285 286 287
288 289 286
290 291 286
290 286 292
292 286 293
292 293 294
295 296 292
295 297 296
298 299 292
298 300 299
301 302 303
304 305 302
302 305 306
302 306 307
308 302 307
308 307 309
83 309 307
83 307 310
83 310 92
310 94 92
307 311 310
310 311 94
307 312 311
311 313 94
311 314 313
315 314 311
315 316 314
316 317 314
318 319 94
314 320 321
322 323 316
324 316 325
324 326 316
327 316 326
327 326 328
329 326 330
331 326 332
333 334 335
336 335 337
338 339 335
338 340 339
341 335 342
341 342 343
344 345 346
347 348 349
350 351 349
350 352 351
353 349 351
353 351 354
355 349 356
357 358 351
357 351 359
360 361 351
360 351 362
363 364 365
366 367 365
368 366 365
368 365 369
369 365 370
369 370 371
369 372 373
369 374 375
369 375 265
369 265 376
377 378 379
380 381 378
382 378 383
382 383 384
385 386 378
385 387 386
388 389 390
391 392 393
394 395 396
397 398 396
399 400 396
399 396 401
401 396 402
401 402 403
404 405 401
404 401 406
406 401 407
406 407 408
409 410 406
409 411 410
409 406 412
413 411 409
409 412 414
413 409 415
415 409 414
415 414 416
416 417 415
417 418 415
417 419 418
416 420 417
421 417 420
421 422 417
421 423 422
421 420 424
424 425 421
424 426 425
425 427 421
425 428 427
429 430 425
429 431 430
430 432 425
430 433 432
434 435 430
434 436 435
435 437 430
435 438 437
439 440 435
439 441 440
441 442 440
440 443 435
440 444 443
440 445 444
440 446 447
447 446 448
449 450 451
452 453 450
453 454 450
453 455 454
456 457 450
456 458 457
459 460 455
459 455 461
462 463 461
464 465 466
467 468 469
470 471 472
473 474 88
475 476 477
478 479 480
481 482 483
484 485 486
487 488 485
489 485 490
489 491 485
492 485 491
492 491 493
494 491 495
494 496 491
497 491 496
497 496 498
499 496 500
499 501 496
502 496 501
502 501 503
504 501 505
504 506 501
507 501 506
507 506 508
509 506 510
509 511 506
512 506 511
512 511 513
514 515 511
514 516 515
517 511 515
517 515 518
519 515 516
519 520 515
521 515 520
521 520 522
523 524 520
523 525 524
526 520 524
526 524 527
528 529 530
531 529 532
529 533 534
529 535 533
536 535 529
536 537 535
538 539 535
538 535 540
541 540 535
541 542 540
543 540 544
543 544 545
546 544 540
546 547 544
548 549 544
548 550 549
551 544 549
551 549 552
553 549 554
553 554 555
556 554 549
556 557 554
558 559 554
558 560 559
561 554 559
561 559 562
563 564 559
563 559 565
566 565 559
566 567 565
568 569 565
568 570 569
571 565 569
571 569 572
573 574 575
576 575 577
578 579 575
578 575 580
581 580 575
581 582 580
583 584 580
583 580 585
586 585 580
586 587 585
588 589 585
588 585 590
591 590 585
591 592 590
593 594 590
593 590 595
596 595 590
596 597 595
598 599 595
598 595 600
601 600 595
601 602 600
603 604 600
603 600 605
606 605 600
606 607 605
608 609 605
608 605 610
611 610 605
611 612 610
613 614 610
613 615 614
616 613 610
616 617 613
618 619 620
621 622 620
620 623 624
620 624 625
625 626 620
625 627 626
625 628 629
625 629 630
630 631 625
630 632 631
633 630 634
633 634 635
633 636 630
633 637 636
638 639 633
638 640 639
641 638 633
641 642 638
643 638 644
643 644 645
643 646 638
643 647 646
648 649 643
648 650 649
651 648 643
651 652 648
648 653 654
648 654 655
655 656 648
655 657 656
658 659 655
658 660 659
661 658 655
661 662 658
663 664 665
666 667 664
668 669 664
668 664 670
670 664 671
670 671 672
673 674 670
673 670 675
675 670 676
675 676 677
678 675 679
678 679 680
681 675 678
682 678 680
681 678 683
684 683 678
682 685 678
684 678 685
686 685 687
686 688 685
689 685 688
689 690 685
689 688 691
689 691 692
693 691 688
693 694 691
695 696 691
695 697 696
698 691 696
698 696 699
700 696 697
700 701 696
702 696 701
702 701 703
704 701 705
704 705 706
707 705 701
707 708 705
709 706 705
709 705 710
711 710 705
711 712 710
713 710 712
713 714 710
710 714 715
710 715 716
717 714 718
719 714 720
719 721 714
722 721 719
722 723 721
724 714 721
724 721 725
724 725 726
727 728 729
730 729 731
732 733 729
732 734 733
735 729 733
735 733 736
737 738 733
737 733 739
740 739 733
740 741 739
742 737 739
742 739 743
744 743 739
744 745 743
746 742 743
746 743 747
748 747 743
748 749 747
742 746 750
737 742 751
742 750 751
750 752 751
750 753 752
737 751 754
755 737 754
755 754 756
751 757 754
751 758 757
754 757 759
754 759 760
761 759 757
761 757 762
763 757 764
763 764 765
766 759 767
766 768 759
769 759 768
769 770 759
771 772 768
773 768 774
775 776 777
778 779 776
780 776 781
780 781 782
781 776 783
781 783 784
785 781 786
785 786 787
788 781 785
788 785 789
790 789 785
790 785 791
791 785 792
791 792 793
794 795 791
794 791 796
796 791 797
798 794 796
796 797 799
798 796 800
799 800 796
801 798 800
799 802 800
801 800 803
802 803 800
802 804 803
804 805 803
804 806 805
807 805 806
808 803 805
808 809 803
807 810 805
811 810 807
812 805 810
812 813 805
811 814 810
815 810 814
815 814 816
817 814 811
817 818 814
819 814 818
819 818 820
821 820 818
822 818 817
821 818 823
822 823 818
824 823 822
824 825 823
826 823 825
826 825 827
828 829 830
831 832 833
834 832 835
836 832 837
836 838 832
839 832 838
839 838 840
838 841 840
838 842 841
838 843 842
838 844 843
845 846 842
842 847 848
849 850 851
852 853 854
855 854 856
855 856 857
858 859 857
860 858 861
860 861 862
863 858 860
863 860 864
865 863 864
866 867 868
869 867 870
871 867 872
871 873 867
874 867 873
874 875 867
876 873 877
876 878 873
879 873 878
879 878 880
881 882 878
881 883 882
884 878 882
884 882 885
886 882 883
886 887 882
888 882 887
888 887 889
890 887 891
890 892 887
893 887 892
893 892 894
895 892 896
895 897 892
898 892 897
898 897 899
900 897 901
900 902 897
902 903 897
902 904 903
905 902 906
905 907 902
907 908 902
907 909 908
909 907 910
909 910 911
910 912 911
910 913 912
914 910 907
914 907 915
916 910 914
916 913 910
913 917 918
913 918 919
920 913 919
920 919 921
921 919 922
919 923 924
925 926 927
928 927 929
930 931 927
930 927 932
932 927 933
932 933 934
932 935 936
932 937 935
938 937 932
938 939 937
940 941 937
940 937 942
943 942 937
943 944 942
942 945 946
942 946 947
948 949 942
948 950 949
950 951 952
950 952 953
954 952 955
956 957 958
959 960 961
962 963 964
965 966 964
964 967 968
964 968 969
969 970 964
969 971 970
969 972 973
969 973 974
974 975 969
974 976 975
974 977 978
974 978 979
979 980 974
979 978 981
979 982 980
983 982 979
979 981 984
983 979 984
985 986 984
984 987 988
988 989 984
988 990 989
991 992 988
991 993 992
992 994 988
992 995 994
996 997 992
996 998 997
999 996 992
999 1000 996
1001 998 996
1001 996 1002
1003 1002 996
1003 1004 1002
1005 1006 1002
1005 1002 1007
1008 1007 1002
1008 1009 1007
1007 1009 1010
1007 1010 1011
1011 1012 1007
1011 1013 1012
1011 1014 1015
1011 1015 1016
1017 1011 1016
1017 1018 1011
1016 1019 1020
1016 1021 1022
1016 1023 1021
1024 1023 1016
1025 1021 1023
1025 1023 1026
1027 1023 1028
1027 1028 1029
1030 1031 1032
1033 1034 1031
1035 1036 1031
1035 1037 1036
1035 1031 1038
1035 1038 1039
1040 1041 1035
1041 1042 1035
1041 1043 1042
1040 1044 1041
1044 1045 1041
1045 1046 1041
1045 1047 1046
1044 1048 1045
1049 1045 1048
1049 1050 1045
1050 1051 1045
1050 1052 1051
1053 1049 1048
1053 1048 1054
1054 1048 1044
1054 1044 1055
1044 1056 1055
1044 1057 1056
1056 1058 1059
1056 1059 1060
1061 1060 1062
1063 1064 1065
1066 1067 1065
1068 1065 1069
1068 1069 1070
1068 1071 1065
1068 1072 1071
1073 1074 1068
1073 1075 1074
1073 1068 1076
1073 1076 1077
1073 1077 1078
1073 1078 1079
1079 1080 1073
1079 1081 1080
1079 1082 1083
1079 1083 1084
1084 1085 1079
1084 1083 1086
1084 1087 1085
1084 1086 1088
1088 1087 1084
1088 1086 1089
1088 1090 1087
1088 1089 1091
1091 1090 1088
1091 1092 1090
1093 1092 1091
1093 1094 1092
1095 1094 1093
1091 1096 1093
1091 1097 1096
1095 1093 1098
1099 1095 1098
1093 1100 1098
1093 1101 1100
1099 1098 1102
1103 1099 1102
1103 1102 1104
1098 1105 1102
1098 1106 1105
1107 1104 1102
1107 1108 1104
1104 1108 1109
1104 1109 1110
1104 1110 1111
1104 1111 1112
1113 1111 1110
1113 1110 1114
1114 1110 1115
1114 1115 1116
1117 1118 1119
1120 1121 1118
1120 1122 1121
1123 1122 1124
1125 1126 1127
1128 1129 1130
1131 1132 1130
1133 1134 1130
1133 1130 1135
1135 1130 1136
1135 1136 1137
1138 1135 1137
1138 1139 1135
1140 1135 1139
1140 1141 1135
1142 1139 1143
1139 1144 1145
1146 1147 1148
1149 1150 1151
1152 1153 1151
1154 1155 1151
1154 1151 1156
1157 1156 1151
1157 1158 1156
1159 1160 1156
1159 1161 1160
1162 1159 1156
1162 1163 1159
1164 1165 1159
1164 1166 1165
1165 1167 1159
1165 1168 1167
1169 1168 1165
1170 1169 1165
1170 1171 1169
1169 1172 1168
1173 1172 1169
1174 1173 1169
1174 1175 1173
1168 1172 1176
1168 1176 1177
1173 1178 1172
1172 1178 1176
1176 1179 1177
1176 1180 1179
1178 1181 1176
1178 1182 1181
1173 1183 1178
1183 1184 1178
1183 1185 1184
1173 1186 1183
1187 1186 1173
1187 1188 1186
1186 1189 1183
1189 1190 1183
1189 1191 1190
1189 1192 1191
1189 1193 1192
1186 1194 1189
1193 1189 1194
1195 1194 1186
1195 1196 1194
1193 1194 1197
1194 1198 1197
1194 1199 1198
1200 1193 1197
1201 1193 1200
1201 1202 1193
1200 1197 1203
1203 1197 1204
1203 1204 1205
1206 1203 1205
1206 1205 1207
1206 1207 1208
1209 1203 1206
1209 1206 1208
1209 1200 1203
1208 1210 1209
1200 1209 1210
1200 1210 1211
1212 1213 1214
1215 1216 1213
1213 1217 1218
1213 1218 1219
1219 1220 1213
1219 1221 1220
1219 1222 1223
1219 1223 1224
1224 1225 1219
1224 1226 1225
1227 1224 1228
1229 1224 1230
1231 1232 1229
1233 1234 1224
1233 1235 1234
1236 1237 1235
1236 1235 1238
1239 1240 1241
1242 1243 1244
1242 1245 1246
1247 1248 1249
1250 1251 1252
1253 1252 1254
1252 1255 1256
1252 1256 1257
1258 1252 1257
1258 1257 1259
1257 1260 1261
1257 1261 1262
1263 1257 1262
1263 1262 1264
1262 1265 1266
1262 1266 1267
1268 1262 1267
1268 1267 1269
1270 1267 1271
1270 1272 1267
1273 1267 1272
1273 1272 1274
1275 1276 1272
1275 1277 1276
1278 1272 1276
1278 1276 1279
1279 1276 1280
1281 1280 1276
1281 1282 1280
1279 1280 1283
1283 1280 1284
1283 1284 1285
1286 1284 1280
1286 1287 1284
1288 1289 1284
1288 1290 1289
1291 1284 1289
1291 1289 1292
1293 1289 1290
1293 1294 1289
1295 1289 1294
1295 1294 1296
1296 1294 1297
1296 1297 1298
1298 1297 1299
1294 1300 1297
1294 1301 1300
1297 1302 1303
1304 1305 1306
1307 1306 1308
1306 1309 1310
1306 1311 1309
1312 1311 1306
1312 1313 1311
1314 1311 1315
1316 1311 1317
1318 1319 1311
1318 1320 1319
1321 1322 1323
1324 1325 1323
1326 1327 1323
1326 1323 1328
1329 1328 1323
1329 1330 1328
1331 1332 1328
1333 1331 1328
1333 1334 1331
1335 1336 1331
1335 1331 1337
1337 1331 1338
1337 1338 1339
1337 1340 1341
1337 1342 1340
1343 1342 1337
1343 1344 1342
1177 1345 1342
1177 1346 1345
1177 1342 1347
1177 1347 1348
1349 1350 1351
1352 1353 1350
1354 1350 1355
1354 1355 1356
1354 1357 1350
1354 1358 1357
1359 1360 1354
1360 1361 1354
1360 1362 1361
1360 1363 1364
1360 1364 1365
1365 1366 1360
1365 1367 1366
1365 1368 1369
1365 1369 1370
1365 1370 1371
1365 1371 1372
1373 1374 1370
1373 1370 1375
1370 1376 1377
1370 1377 1378
1379 1380 1381
1382 1383 1384
1385 1386 1387
1386 1388 1389
1386 1389 1390
1391 1392 1393
1394 1392 1395
1396 1397 1392
1398 1399 1392
1398 1392 1400
1392 1401 1400
1402 1400 1403
1402 1404 1400
1405 1400 1404
1405 1406 1400
1407 1408 1404
1407 1404 1409
1410 1411 1404
1410 1404 1412
1413 1414 1415
1416 1415 1417
1418 1415 1419
1418 1419 1420
1421 1419 1415
1421 1422 1419
1422 1423 1419
1422 1424 1423
1424 1425 1423
1424 1426 1425
1426 1427 1425
1426 1428 1427
1429 1430 1431
1432 1433 1434
1435 1433 1436
1437 1433 1435
1437 1438 1433
1439 1433 1438
1439 1438 1440
1441 1440 1438
1441 1438 1442
1443 1442 1438
1443 1438 1444
1445 1443 1446
1442 1447 1448
1449 1450 1445
1449 1451 1450
1452 1453 1451
1454 1455 1442
1454 1442 1456
1442 1457 1456
1457 1458 1456
1459 1456 1460
1461 1462 1463
1464 1463 1465
1463 1466 1465
1463 1467 1466
1468 1467 1463
1468 1469 1467
1470 1471 1472
1473 1474 1475
1476 1477 1474
1476 1474 1478
1479 1478 1474
1479 1474 1480
1480 1474 1481
1482 1478 1483
1484 1485 1478
1484 1486 1485
1486 1487 1483
1486 1488 1487
1488 1489 1487
1490 1491 1492
1493 1492 1494
1495 1496 1497
1498 1497 1499
1500 1497 1501
1500 1501 1502
1503 1501 1497
1503 1504 1501
1505 1506 1507
1508 1509 1507
1507 1510 1511
1507 1511 1512
1512 1513 1507
1512 1514 1513
1515 1514 1512
1515 1512 1516
1512 1517 1516
1512 1518 1517
1519 1515 1516
1519 1516 1520
1521 1514 1515
1522 1514 1521
1522 1523 1514
1521 1524 1522
1521 1525 1524
1521 1515 1526
1527 1521 1526
1526 1515 1528
1526 1528 1529
1530 1531 1521
1532 1533 1526
1534 1535 1522
1536 1537 1522
1538 1539 1540
1541 1542 1539
1543 1539 1544
1543 1544 1545
1543 1546 1539
1543 1547 1546
1548 1545 1549
1548 1549 1550
1551 1550 1552
1553 1554 1550
1555 1550 1556
1555 1556 1557
1558 1559 1543
1558 1560 1559
1561 1562 1558
1561 1563 1562
1564 1565 1561
1564 1566 1565
1567 1568 1569
1570 1571 1572
1573 1574 1572
1575 1576 1572
1575 1577 1576
1578 1579 1572
1578 1580 1579
1581 1582 1580
1581 1580 1583
1584 1585 1581
1584 1586 1585
1587 1586 1588
1587 1589 1586
1590 1589 1591
1592 1593 1594
1595 1596 1593
1597 1593 1598
1597 1598 1599
1597 1600 1593
1597 1601 1600
1602 1603 1604
1605 1606 1607
1608 1609 1606
1610 1606 1611
1610 1611 1612
1611 1606 1613
1611 1613 1614
1615 1611 1616
1616 1611 1617
1616 1617 1618
1619 1620 1616
1619 1616 1621
1621 1616 1622
1621 1622 1623
1624 1621 1625
1624 1625 1626
1625 1621 1627
1625 1627 1628
1629 1625 1630
1629 1630 1631
1630 1625 1632
1630 1632 1633
1633 1634 1630
1630 1634 1635
1633 1636 1634
1633 1637 1636
1633 1638 1637
1633 1639 1638
1640 1636 1637
1640 1637 1641
1642 1637 1638
1642 1643 1637
1644 1643 1642
1642 1638 1645
1646 1645 1638
1646 1647 1645
1642 1645 1648
1648 1649 1642
1648 1650 1649
1648 1645 1651
1652 1651 1645
1648 1651 1653
1653 1654 1648
1653 1655 1654
1653 1651 1656
1653 1656 1657
1658 1656 1651
1658 1651 1659
1660 1661 1653
1662 1663 1661
1664 1665 1656
1664 1656 1666
1667 1666 1656
1667 1668 1666
1669 1663 1670
1669 1670 1671
1672 1669 1671
1672 1671 1673
1674 1673 1675
1676 1677 1666
1676 1666 1678
1679 1678 1666
1679 1680 1678
1681 1678 1682
1683 1678 1684
1685 1686 1687
1688 1689 1690
1691 1689 1692
1691 1692 1693
1694 1695 1696
1697 1695 1698
1699 1700 1695
1699 1695 1701
1695 1702 1701
1703 1701 1702
1704 1701 1703
1704 1705 1701
1695 1706 1702
1707 1706 1695
1706 1636 1702
1708 1702 1636
1708 1636 1709
1706 1634 1636
1710 1634 1706
1711 1634 1710
1712 1702 1713
1714 1715 1716
1717 1718 1719
1720 1721 1722
1723 1724 1725
1725 1726 1727
1725 1727 1728
1729 1730 1728
1729 1728 1731
1732 1733 1734
1735 1736 1733
1737 1733 1736
1737 1738 1733
1739 1733 1738
1739 1738 1740
1737 1741 1738
1742 1738 1741
1742 1741 1743
1737 1744 1741
1744 1745 1741
1746 1741 1745
1746 1747 1741
1744 1748 1745
1749 1748 1744
1749 1750 1748
1748 1751 1745
1752 1745 1751
1752 1753 1745
1751 1754 1752
1748 1755 1751
1755 1748 1756
1751 1757 1754
1755 1757 1751
1757 1758 1754
1757 1759 1758
1759 1760 1758
1759 1761 1760
1755 1762 1757
1762 1759 1757
1755 1763 1762
1755 1764 1763
1762 1765 1759
1765 1761 1759
1766 1765 1762
1766 1767 1765
1765 1768 1761
1769 1768 1765
1769 1770 1768
1768 1771 1761
1768 1772 1771
1772 1773 1771
1772 1774 1773
1768 1775 1776
1777 1778 1773
1777 1779 1778
1780 1781 1778
1780 1782 1781
1783 1784 1785
1786 1744 1787
1744 1788 1789
1744 1789 1790
1791 1792 1793
1794 1795 1796
1797 1798 1799
1800 1799 1801
1802 1803 1799
1802 1804 1803
1805 1799 1803
1805 1803 1806
1803 1807 1808
1809 1803 1808
1809 1808 1810
1808 1811 1812
1808 1812 1813
1814 1808 1813
1814 1813 1815
1816 1817 1813
1816 1818 1817
1819 1813 1817
1819 1817 1820
1817 1821 1822
1817 1823 1821
1824 1823 1817
1824 1825 1823
1821 1823 1826
1823 1827 1826
1821 1826 1828
1821 1828 1829
1830 1821 1829
1830 1829 1831
1832 1829 1828
1832 1833 1829
1834 1831 1829
1834 1835 1831
1835 1836 1831
1836 1837 1831
1836 1838 1837
1835 1839 1836
1840 1839 1835
1840 1841 1839
1839 1842 1836
1843 1836 1842
1839 1844 1842
1845 1844 1839
1845 1846 1844
1844 1847 1842
1844 1848 1847
1847 1848 1849
1847 1849 1850
1851 1842 1847
1851 1852 1842
1850 1853 1847
1850 1854 1853
1855 1856 1844
1846 1857 1858
1858 1857 1859
1858 1859 1860
1860 1861 1862
1860 1862 1863
1864 1865 1863
1850 1866 1867
1850 1867 1868
1868 1869 1850
1868 1870 1869
1871 1872 1868
1873 1874 1868
1875 1876 1877
1878 1879 1880
1881 1882 1878
1881 1883 1882
1884 1885 1886
1887 1886 1888
1887 1888 1889
1890 1891 1892
1893 1894 1892
1892 1895 1896
1892 1896 1897
1892 1897 1898
1899 1898 1897
1900 1899 1897
1900 1897 1901
1892 1898 1902
1903 1892 1902
1828 1902 1898
1904 1828 1898
1904 1905 1828
1828 1826 1902
1906 1902 1826
1907 1908 1898
1909 1910 1826
1911 1912 1913
1914 1915 1916
1917 1918 1919
1920 1921 1919
1920 1922 1921
1923 1835 1924
1925 1926 1927
1928 1927 1929
1930 1929 1927
1930 1927 1931
1931 1927 1932
1931 1932 1933
1934 1930 1931
1935 1934 1931
1935 1936 1934
1934 1937 1930
1938 1937 1934
1934 1939 1938
1934 1940 1939
1938 1941 1937
1941 1942 1937
1941 1943 1942
1944 1941 1938
1938 1945 1944
1938 1946 1945
1947 1944 1945
1944 1948 1941
1948 1949 1941
1947 1950 1944
1950 1948 1944
1951 1950 1947
1951 1952 1950
1953 1952 1951
1953 1954 1952
1950 1955 1948
1952 1955 1950
1956 1948 1955
1956 1957 1948
1952 1958 1955
1954 1958 1952
1959 1955 1958
1959 1958 1960
1954 1961 1958
1962 1958 1961
1962 1961 1963
1964 1961 1954
1964 1965 1961
1961 1966 1967
1968 1969 1964
1968 1970 1969
1971 1972 1968
1971 1973 1972
1974 1975 1971
1974 1976 1975
1977 1978 1979
1980 1981 1937
1982 1983 1937
1982 1937 1984
1985 1986 1987
1988 1989 1990
1991 1992 1988
1991 1993 1992
1994 1995 1996
1997 1998 1999
2000 1998 2001
1998 2002 2001
2003 2001 2002
2003 2004 2001
2005 2001 2004
1998 2006 2002
2007 2006 1998
2007 2008 2006
2009 2002 2006
2010 2002 2009
2010 2011 2002
2009 2006 2012
2013 2012 2006
2013 2014 2012
2012 2015 2009
2016 2009 2015
2016 2017 2009
2012 2018 2015
2019 2015 2018
2020 2018 2012
2021 2015 2019
2020 2022 2018
2022 2023 2018
2019 2018 2023
2022 2024 2023
2019 2023 2025
2019 2025 2026
2027 2019 2026
2027 2028 2019
2029 2015 2030
2031 2019 2032
2033 2034 2023
2033 2023 2035
2026 2036 2037
2026 2038 2036
2026 2039 2038
2026 2040 2039
2038 2039 2041
2038 2041 2042
2042 2041 2043
2044 2045 2038
2046 2047 2048
2049 2048 2050
2051 2048 2052
2051 2052 2053
2054 2052 2048
2054 2055 2052
2056 2057 2052
2056 2058 2057
2059 2052 2057
2059 2057 2060
2061 2057 2062
2061 2062 2063
2064 2062 2057
2064 2065 2062
2066 2067 2062
2068 2062 2067
2068 2067 2069
2066 2070 2067
2070 2071 2067
2072 2067 2071
2072 2071 2073
2070 2074 2071
2075 2074 2070
2075 2076 2074
2077 2071 2074
2078 2077 2074
2078 2079 2077
2077 2080 2071
2071 2080 2081
2071 2081 2082
2080 2083 2081
2080 2084 2083
2085 2080 2077
2085 2084 2080
2086 2085 2077
2086 2087 2085
2088 2084 2085
2089 2088 2085
2089 2090 2088
2088 2091 2084
2091 2092 2084
2093 2094 2095
2096 2094 2097
2098 2099 2094
2098 2094 2100
2101 2100 2094
2101 2102 2100
2103 2104 2100
2103 2100 2105
2106 2105 2100
2106 2107 2105
2108 2105 2109
2108 2110 2105
2111 2105 2110
2111 2112 2105
2113 2110 2114
2113 2115 2110
2116 2110 2115
2116 2117 2110
2118 2115 2119
2118 2119 2120
2121 2119 2115
2121 2122 2119
2123 2119 2122
2123 2124 2119
2125 2119 2124
2125 2124 2126
2127 2124 2128
2127 2129 2124
2130 2124 2129
2130 2129 2131
2132 2129 2133
2132 2134 2129
2135 2129 2134
2135 2134 2136
2132 2137 2134
2138 2134 2137
2138 2137 2139
2140 2137 2132
2132 2141 2140
2142 2141 2132
2143 2140 2141
2142 2144 2141
2145 2141 2144
2146 2144 2142
2146 2147 2144
2148 2147 2146
2149 2144 2147
2149 2150 2144
2151 2141 2150
2148 2152 2147
2153 2152 2148
2154 2147 2152
2154 2152 2155
2153 2156 2152
2157 2152 2156
2157 2156 2158
2159 2156 2160
2159 2161 2156
2162 2156 2161
2162 2161 2163
2163 2161 2164
2165 2161 2166
2167 2168 2169
2170 2169 2171
2172 2169 2173
2172 2174 2169
2175 2169 2174
2175 2174 2176
2177 2174 2178
2179 2174 2070
2180 2070 2174
2181 2182 2070
2183 2184 2185
2186 2187 2188
2189 2190 2191
2192 2193 2194
2195 2196 2197
2198 2196 2199
2198 2200 2196
2201 2196 2200
2201 2202 2196
2202 2203 2196
2202 2204 2203
2205 2202 2201
2205 2201 2206
2207 2204 2202
2207 2202 2208
2140 2201 2200
2209 2201 2140
2209 2140 2210
2140 2200 2137
2211 2137 2200
2211 2200 2212
2213 2204 2214
2213 2215 2204
2215 2216 2204
2215 2217 2216
2218 2219 2215
2218 2215 2220
2221 2222 2215
2221 2223 2222
2224 2225 2226
2226 2227 2228
2226 2228 2229
2230 2226 2229
2231 2226 2230
2230 2229 2232
2232 2233 2230
2232 2234 2233
2232 2229 2235
2229 2236 2235
2229 2237 2236
2232 2235 2238
2238 2239 2232
2238 2240 2239
2238 2235 2241
2235 2242 2241
2235 2243 2242
2238 2241 2244
2244 2245 2238
2244 2246 2245
2244 2241 2247
2241 2248 2247
2249 2248 2241
2244 2247 2250
2250 2251 2244
2250 2252 2251
2250 2247 2253
2250 2253 2254
2255 2253 2247
2255 2247 2256
2247 2257 2258
2259 2260 2250
2259 2250 2261
2262 2253 2263
2262 2264 2253
2265 2253 2264
2265 2266 2253
2264 2267 2265
2264 2268 2267
2268 2269 2267
2270 2264 2271
2272 2273 2230
2274 2275 2276
2277 2278 2275
2279 2280 2275
2279 2281 2280
2280 2282 2275
2280 2283 2282
2284 2285 2280
2284 2286 2285
2287 2284 2280
2287 2288 2284
2289 2290 2284
2289 2291 2290
2290 2292 2284
2290 2293 2292
2294 2295 2290
2296 2294 2290
2296 2297 2294
2294 2298 2295
2299 2298 2294
2300 2299 2294
2300 2301 2299
2299 2302 2298
2302 2303 2298
2302 2304 2303
2305 2302 2299
2306 2305 2299
2306 2299 2307
2305 2308 2302
2308 2309 2302
2308 2310 2309
2311 2308 2305
2312 2311 2305
2311 2313 2308
2313 2314 2308
2313 2315 2314
2316 2315 2313
2316 2313 2317
2318 2317 2313
2318 2313 2311
2319 2318 2311
2320 2321 2322
2323 2324 2322
2322 2325 2326
2322 2326 2327
2327 2328 2322
2327 2329 2328
2327 2330 2331
2327 2331 2332
2332 2333 2327
2332 2334 2333
2335 2336 2332
2335 2332 2337
2332 2338 2337
2332 2339 2338
2340 2341 2337
2340 2337 2342
2337 2343 2342
2337 2344 2343
2342 2345 2346
2342 2346 2347
2347 2348 2342
2347 2349 2348
2350 2349 2347
2350 2347 2351
2352 2351 2347
2352 2353 2351
2354 2355 2351
2354 2351 2356
2357 2356 2351
2357 2358 2356
2359 2360 2356
2359 2356 2361
2362 2361 2356
2362 2363 2361
2359 2361 2364
2365 2364 2361
2365 2366 2364
2367 2359 2364
2359 2367 2368
2369 2359 2368
2370 2368 2367
2369 2368 2371
2372 2371 2368
2373 2369 2371
2373 2371 2374
2375 2373 2374
2371 2376 2374
2371 2377 2376
2375 2374 2378
2379 2375 2378
2380 2378 2374
2380 2381 2378
2379 2378 2382
2383 2382 2378
2383 2384 2382
2385 2386 2368
2382 2387 2388
2382 2389 2387
2390 2389 2382
2390 2391 2389
2391 2392 2389
2393 2394 2389
2395 2396 2397
2398 2397 2399
2400 2399 2397
2400 2397 2401
2402 2401 2397
2402 2403 2401
2401 2404 2405
2406 2298 2401
2298 2407 2401
2298 2408 2409
2410 2411 2412
2413 2414 2411
2415 2411 2416
2415 2416 2417
2418 2417 2419
2420 2411 2421
2420 2421 2422
2423 2424 2425
2426 2427 2428
2429 2430 2431
2432 2433 2431
2432 2431 2434
2431 2435 2434
2431 2436 2435
2437 2436 2431
2437 2438 2436
2439 2436 2438
2439 2440 2436
2440 2435 2436
2440 2441 2435
2434 2435 2367
2442 2367 2435
2442 2443 2367
2434 2367 2364
2444 2434 2364
2444 2445 2434
2446 2447 2438
2446 2438 2448
2449 2448 2438
2449 2438 2450
2451 2448 2449
2451 2449 2452
2453 2454 2448
2453 2448 2455
2456 2457 2458
2459 2458 2460
2459 2460 2461
2462 2463 2464
2465 2466 2463
2465 2467 2466
2468 2469 2470
2471 2472 2473
2474 2472 2475
2476 2472 2477
2476 2478 2472
2479 2472 2478
2479 2478 2480
2481 2478 2482
2481 2483 2478
2484 2478 2483
2484 2483 2485
2486 2483 2487
2486 2488 2483
2489 2483 2488
2489 2488 2490
2491 2488 2492
2491 2493 2488
2494 2488 2493
2494 2493 2495
2496 2495 2493
2496 2493 2497
2498 2497 2493
2498 2499 2497
2497 2500 2501
2497 2502 2500
2503 2502 2497
2503 2504 2502
2502 2505 2506
2502 2507 2505
2508 2507 2502
2508 2509 2507
2510 2511 2507
2510 2512 2511
2513 2507 2511
2513 2511 2514
2515 2516 2511
2515 2517 2516
2518 2511 2516
2519 2516 2517
2518 2516 2520
2516 2521 2520
2519 2522 2516
2516 2522 2521
2523 2522 2524
2523 2525 2522
2522 2525 2526
2522 2526 2527
2528 2529 2530
2531 2532 2533
2534 2535 2536
2537 2538 2539
2540 2539 2541
2539 2542 2543
2539 2544 2542
2544 2539 2545
2544 2545 2546
2544 2547 2548
2544 2549 2547
2549 2544 2550
2549 2550 2551
2549 2552 2553
2549 2554 2552
2554 2549 2555
2554 2555 2556
2554 2557 2558
2554 2558 2559
2560 2554 2559
2560 2559 2561
2562 2563 2559
2562 2564 2563
2565 2559 2563
2565 2563 2566
2567 2563 2564
2567 2568 2563
2569 2563 2568
2569 2568 2570
2567 2571 2568
2567 2572 2571
2573 2568 2571
2573 2571 2574
2575 2576 2571
2575 2577 2576
2578 2571 2576
2578 2576 2579
2580 2576 2577
2580 2581 2576
2582 2576 2581
2582 2581 2583
2584 2581 2585
2584 2586 2581
2581 2586 2587
2581 2587 2588
2586 2589 2590
2586 2591 2589
2592 2591 2586
2592 2593 2591
2591 2594 2595
2591 2596 2594
2597 2596 2591
2597 2598 2596
2599 2600 2601
2602 2603 2600
2602 2604 2603
2605 2606 2607
2608 2606 2609
2608 2609 2610
2610 2611 2612
2610 2612 2613
2613 2614 2615
2616 2617 2618
2619 2620 2621
2622 2623 2619
2624 2625 2619
2624 2626 2625
2625 2627 2619
2625 2628 2627
2629 2630 2625
2629 2631 2630
2632 2625 2633
2632 2633 2634
2635 2636 2637
2638 2639 2637
2638 2637 2640
2641 2642 2643
2644 2645 2646
2645 2647 2648
2645 2649 2647
2650 2649 2645
2650 2645 2651
2650 2652 2649
2650 2653 2652
2650 2654 2653
2655 2654 2650
2654 2656 2653
2654 2657 2656
2658 2657 2654
2652 2653 2659
2660 2659 2653
2660 2653 2661
2662 2649 2652
2652 2659 2662
2662 2659 2663
2662 2663 2664
2662 2665 2649
2664 2665 2662
2664 2666 2665
2649 2665 2667
2649 2667 2668
2669 2670 2659
2669 2659 2671
2665 2672 2673
2665 2673 2674
2664 2675 2676
2664 2676 2677
2678 2664 2677
2678 2679 2664
2680 2681 2677
2682 2683 2677
2684 2685 2686
2687 2688 2689
2690 2691 2689
2690 2689 2692
2693 2694 2695
2696 2697 2698
2699 2697 2700
2699 2700 2701
2702 2703 2704
2705 2702 2706
2705 2706 2707
2708 2709 2710
2711 2709 2712
2713 2709 2714
2715 2709 2713
2716 2709 2715
2717 2709 2718
2718 2709 2719
2719 2709 2720
2721 2722 2723
2724 2725 2726
2727 2728 2725
2727 2725 2729
2730 2731 2732
2733 2734 2731
2733 2731 2735
2735 2731 2736
2737 2736 2731
2735 2736 2738
2738 2739 2735
2735 2739 2740
2735 2740 2741
2742 2738 2736
2738 2743 2739
2743 2738 2742
2743 2744 2739
2743 2745 2744
2746 2745 2743
2746 2743 2747
2743 2742 2747
2742 2748 2747
2742 2749 2748
2742 2736 2750
2736 2751 2750
2750 2752 2742
2750 2753 2752
2754 2755 2750
2739 2756 2757
2739 2757 2758
2759 2760 2747
2759 2747 2761
2762 2763 2764
2765 2766 2767
2768 2769 2767
2770 2771 2767
2770 2767 2772
2773 2772 2767
2773 2774 2772
2775 2776 2772
2775 2772 2777
2778 2777 2772
2778 2779 2777
2780 2781 2777
2780 2777 2782
2777 2783 2782
2777 2784 2783
2785 2786 2782
2785 2787 2786
2788 2785 2782
2788 2789 2785
2790 2791 2785
2790 2792 2791
2793 2790 2785
2793 2794 2790
2790 2794 2795
2790 2795 2796
2796 2797 2790
2796 2798 2797
2796 2799 2800
2796 2800 2801
2801 2802 2796
2801 2803 2802
2801 2804 2805
2801 2805 2806
2806 2807 2801
2806 2808 2807
2809 2808 2806
2809 2806 2810
2810 2806 2811
2810 2811 2812
2813 2814 2810
2813 2810 2815
2815 2810 2816
2815 2816 2817
2815 2817 2818
2815 2818 2819
2820 2815 2819
2820 2821 2815
2822 2823 2824
2825 2826 2827
2828 2829 2830
2830 2831 2832
2830 2832 2833
2834 2835 2836
2837 2838 2835
2835 2839 2840
2835 2840 2841
2842 2835 2841
2842 2841 2843
2841 2844 2845
2841 2845 2846
2847 2841 2846
2847 2846 2848
2846 2849 2850
2846 2850 2851
2852 2846 2851
2852 2851 2853
2851 2854 2855
2851 2856 2854
2856 2851 2857
2856 2857 2858
2859 2860 2856
2859 2861 2860
2859 2856 2862
2859 2862 2863
2864 2861 2859
2864 2859 2865
2865 2859 2866
2865 2866 2867
2868 2869 2865
2868 2865 2870
2870 2865 2871
2870 2871 2872
2873 2868 2870
2873 2874 2868
2873 2870 2875
2873 2875 2876
2877 2878 2873
2877 2873 2879
2877 2879 2880
2877 2881 2878
2882 2881 2877
2882 2883 2881
2877 2884 2882
2877 2885 2884
2882 2886 2887
2882 2887 2888
2888 2889 2882
2888 2890 2889
2888 2891 2892
2888 2892 2893
2893 2894 2888
2893 2895 2894
2896 2897 2898
2899 2900 2901
2902 2901 2903
2902 2903 2904
2905 2906 2907
2908 2905 2909
2908 2909 2910
2911 2912 2913
2914 2915 2916
2917 2914 2918
2919 2918 2914
2919 2914 2920
2920 2914 2921
2920 2921 2922
2923 2920 2924
2923 2924 2925
2926 2920 2927
2926 2927 2928
2929 2930 2931
2932 2933 2930
2932 2930 2934
2935 2936 2937
2938 2939 2940
2941 2942 2943
2944 2945 2946
2947 2948 2949
2950 2948 2951
2952 2745 2948
2952 2953 2745
2954 2948 2745
2954 2745 2955
2956 2957 2958
2959 2960 2961
2962 2963 2960
2962 2964 2963
2965 2966 2967
2968 2969 2967
2970 2971 2967
2972 2970 2967
2973 2972 2967
2974 2975 2967
2975 2976 2967
2976 2977 2967
2978 2979 2980
2981 2982 2983
2984 2985 2986
2987 2985 2988
2989 2990 2988
2989 2991 2990
2992 2993 2994
2995 2996 2997
2998 2999 3000
3001 3002 3003
3004 3005 3006
3007 3008 3009
3010 3011 79
3010 79 3012
3013 3014 3015
3013 3015 3016
3017 3018 3019
3019 3018 3020
3019 3020 3021
3021 3020 3022
3021 3022 3023
3024 3023 3022
3024 3022 3025
3026 3027 3028
3026 3028 3029
3030 3031 3032
3030 3032 3033
3034 3035 3036
3034 3036 3037
3038 3039 3040
3041 3039 3038
3042 3043 3044
3042 3044 3045
1516 3046 3047
1516 3047 3048
3049 3050 3051
3050 3052 3051
3053 3054 3055
3056 3053 3055
3057 3058 3059
3057 3059 3060
3061 3060 3062
3061 3062 3063
3064 3063 3065
3064 3065 3066
3067 3068 3069
3067 3069 3070
3071 3072 3069
3071 3069 3073
3074 3075 3076
3074 3076 3077
3078 3079 3080
3078 3081 3079
3082 3081 3078
3083 3084 3085
3083 3085 3086
3087 3088 3089
3087 3089 3090
3091 3092 3093
3091 3093 3094
3095 3096 3097
3095 3097 3098
3099 3100 3101
3099 3101 3102
3099 3103 3104
3099 3104 3105
3106 3107 3108
3106 3108 3109
3109 3108 3110
3109 3110 3111
3112 3113 3114
3112 3114 3115
3116 3117 3118
3116 3118 3119
3120 3121 3122
3120 3122 3123
3124 3125 3126
3124 3126 3127
3128 3129 3130
3128 3130 3131
3132 3133 3134
3132 3134 3135
3136 3137 3138
3136 3138 3139
3140 3141 3142
3140 3142 3143
3144 3145 3146
3144 3146 3147
3148 3149 3150
3148 3150 3151
3152 3153 3154
3152 3154 3155
3156 3157 3158
3156 3158 3159
3160 3161 3162
3161 3163 3162
3161 3164 3163
3165 3166 3164
3165 3164 3167
3168 3169 3170
3168 3170 3171
3172 3173 3174
3172 3174 3175
3176 3177 3178
3176 3178 3179
3180 3176 3181
3180 3181 3182
3183 3184 3185
3183 3185 3186
3187 3188 3189
3187 3189 3190
3191 3192 3193
3191 3193 3194
3195 3196 3197
3195 3197 3198
3199 3200 3201
3199 3201 3202
3203 3201 3204
3203 3204 3205
3206 3204 3207
3206 3207 3208
3209 3210 3211
3209 3211 3212
3213 3214 3215
3213 3215 3216
3217 3218 3219
3217 3220 3218
3221 3220 3222
3221 3222 3223
3224 3225 3226
3224 3226 3227
3228 3229 3230
3228 3230 3231
3232 3233 3234
3232 3234 3235
3236 3237 3238
3236 3239 3237
3240 3241 3239
3240 3242 3241
3243 3244 3245
3243 3245 3246
3247 3248 3249
3247 3249 3250
3251 3252 3253
3251 3253 3254
3255 3256 3257
3255 3257 3258
3258 3259 3260
3258 3260 3261
3262 3258 3261
3262 3261 3263
3261 3264 3265
3261 3265 3266
3267 3261 3266
3267 3266 3268
3266 3269 3270
3266 3270 3271
3272 3266 3271
3272 3271 3273
3274 3275 3271
3274 3271 3276
3276 3271 3277
3276 3277 3278
3279 3280 3276
3279 3276 3281
3281 3276 3282
3281 3282 3283
3284 3285 3281
3284 3281 3286
3286 3281 3287
3286 3287 3288
3289 3290 3291
3289 3291 3292
3293 3294 3295
3293 3295 3296
3297 3298 3299
3297 3299 3300
3301 3302 3303
3301 3303 3304
3305 3306 3307
3305 3307 3308
3309 3310 3311
3309 3311 3312
3313 3314 3315
3313 3315 3316
3317 3318 3319
3317 3319 3320
3321 3322 3323
3321 3323 3324
3325 3326 3327
3325 3327 3328
3329 3330 3331
3329 3331 3332
3333 3334 3335
3333 3335 3336
3336 3337 3333
3336 3338 3337
3339 3258 3340
3339 3341 3258
3339 3342 3341
3339 3343 3342
3344 3345 3346
3344 3347 3345
3348 3349 3347
3348 3350 3349
3351 3352 3353
3351 3353 3354
3355 3356 3357
3355 3357 3358
3359 3360 3361
3359 3361 3362
3363 3364 3365
3363 3365 3366
3367 3368 3369
3367 3369 3370
3371 3372 3373
3371 3374 3372
3375 3371 3376
3375 3376 3377
3378 3375 3377
3378 3377 3379
3380 3381 3374
3380 3382 3381
3383 3382 3380
3383 3384 3382
3385 3384 3383
3385 3386 3384
3387 3378 3388
3387 3388 3389
3390 3387 3389
3390 3389 3391
3392 3393 3394
3392 3394 3395
3396 3397 3398
3396 3398 3399
3400 3401 3402
3400 3402 3403
3404 3405 3400
3404 3406 3405
3407 3408 3409
3407 3409 3410
3411 3412 3410
3411 3413 3412
3414 3415 3416
3414 3416 3417
3418 3419 3420
3418 3420 3421
3422 3423 3424
3422 3424 3425
3426 3427 3428
3426 3428 3429
3430 3431 3432
3430 3432 3433
3434 3435 3436
3434 3436 3437
3438 3439 3437
3438 3440 3439
3441 3442 3443
3441 3443 3444
3445 3446 3447
3445 3447 3448
3449 3450 3451
3449 3451 3452
3453 3454 3455
3453 3455 3456
3457 3458 3459
3457 3460 3458
3460 3461 3462
3460 3463 3461
3464 3463 3460
3464 3465 3463
3466 3467 3460
3466 3460 3468
3463 3469 3470
3463 3471 3469
3472 3471 3463
3472 3473 3471
3471 3474 3475
3471 3476 3474
3477 3476 3471
3477 3478 3476
3476 3479 3480
3476 3480 3481
3482 3476 3481
3482 3481 3483
3481 3484 3485
3481 3485 3486
3487 3481 3486
3487 3486 3488
3486 3489 3490
3486 3490 3491
3492 3486 3491
3492 3491 3493
3494 3495 3496
3494 3496 3497
3498 3499 3500
3498 3500 3501
3502 3503 3504
3502 3504 3505
3506 3507 3508
3506 3508 3509
3510 3511 3512
3510 3512 3513
3514 3515 3516
3514 3516 3517
3518 3519 3520
3518 3520 3521
3522 3523 3524
3522 3524 3525
3526 3527 3528
3526 3528 3529
3530 3531 3532
3530 3533 3531
3534 3533 3535
3534 3536 3533
3537 3536 3534
3537 3534 3538
3539 3540 3541
3539 3541 3542
3543 3544 3545
3543 3545 3546
3547 3548 3549
3547 3549 3550
3551 3552 3553
3551 3553 3554
3555 3556 3557
3555 3557 3558
3559 3560 3561
3559 3561 3562
3563 3564 3565
3563 3565 3566
3567 3568 3569
3567 3569 3570
3571 3572 3573
3571 3573 3574
3575 3576 3577
3575 3578 3576
3579 3578 3580
3579 3580 3581
3582 3576 3583
3582 3583 3584
3584 3583 3585
3584 3585 3586
3587 3579 3588
3587 3588 3589
3590 3587 3591
3590 3591 3592
3593 3585 3594
3593 3594 3595
3595 3594 3596
3595 3596 3597
3598 3599 3600
3598 3600 3601
3602 3603 3604
3602 3604 3605
3606 3607 3608
3606 3608 3609
3610 3611 3612
3610 3612 3613
