byte offset: 0
first index: 0
index count: 5523
topology: trianglelist
format: DXGI_FORMAT_R16_UINT

0 1 2
3 2 4
3 4 5
3 5 6
3 6 7
8 2 3
3 9 8
3 10 9
8 11 2
11 12 2
11 13 12
8 14 11
13 11 14
8 15 14
13 14 16
17 13 16
17 18 13
16 14 19
20 19 14
20 14 21
16 19 22
23 16 22
23 22 24
22 19 25
22 25 26
27 25 19
27 19 28
29 30 13
29 13 31
32 22 33
32 33 34
34 35 36
37 25 38
37 39 25
39 40 25
39 41 40
42 41 39
43 39 44
45 46 47
48 47 49
49 47 50
49 50 51
50 47 52
50 52 53
50 54 55
50 56 54
57 56 50
57 58 56
56 59 54
60 54 59
60 59 61
56 62 59
63 62 56
63 64 62
61 59 65
62 65 59
61 65 66
62 67 65
68 67 62
68 69 67
69 70 67
67 71 65
67 72 71
65 71 73
65 73 74
75 76 69
75 69 77
78 77 69
78 69 79
80 77 78
80 81 77
82 77 83
84 85 78
84 78 86
86 78 87
86 87 88
89 90 86
89 86 91
91 86 92
91 92 93
94 91 93
95 91 96
97 98 99
97 100 101
97 101 102
102 101 103
102 103 104
104 103 105
104 105 106
107 108 109
110 111 112
112 113 114
112 115 116
112 117 115
118 117 119
120 121 112
120 122 121
123 124 125
126 124 127
126 127 128
129 128 127
129 127 130
131 132 133
134 132 135
136 132 137
136 137 138
137 132 139
140 139 132
140 141 139
142 137 139
143 142 139
143 144 142
142 145 137
146 137 145
146 145 147
148 145 142
149 148 142
149 150 148
148 151 145
152 145 151
152 151 153
154 151 148
155 154 148
155 156 154
154 157 151
158 151 157
158 157 159
159 157 160
160 157 154
159 160 161
162 161 160
162 160 163
160 154 164
163 160 164
165 164 154
165 166 164
163 164 167
168 167 164
168 169 167
170 163 167
171 170 167
171 172 170
172 173 170
172 174 173
170 175 163
173 175 170
176 163 175
176 177 163
173 178 175
179 175 178
179 180 175
173 181 178
182 178 181
182 183 178
173 184 181
185 184 173
185 186 184
187 184 186
187 188 184
188 181 184
189 188 187
189 190 188
188 191 181
190 191 188
192 181 191
192 193 181
190 194 191
195 191 194
195 196 191
194 190 197
190 198 197
190 199 198
194 197 200
194 200 201
194 201 202
203 200 197
203 204 200
205 200 204
205 206 200
207 205 204
207 204 208
209 210 204
211 197 212
211 212 213
214 215 216
217 216 218
216 219 220
216 221 219
222 221 216
222 223 221
224 221 225
226 225 221
224 225 227
226 228 225
228 229 225
227 225 230
227 230 231
225 232 230
233 234 228
230 235 236
230 237 235
238 237 230
239 240 237
237 240 241
237 241 242
243 237 242
243 242 244
245 241 240
245 246 241
242 241 247
248 247 241
248 249 247
242 247 250
251 242 250
251 250 252
250 253 252
250 247 254
255 254 247
255 256 254
250 254 257
250 257 258
257 254 259
260 259 254
260 261 259
262 258 257
257 259 262
262 263 258
262 259 264
265 264 259
262 264 266
266 263 262
266 267 263
268 269 270
271 269 272
273 272 269
273 269 274
269 275 274
269 276 275
277 278 274
277 274 279
280 279 274
280 281 279
282 283 279
282 279 284
285 284 279
285 286 284
287 288 284
287 284 289
290 289 284
290 291 289
292 293 289
292 289 294
294 289 295
294 295 296
297 292 294
298 292 297
299 292 298
299 298 300
301 298 297
301 302 298
303 300 298
303 304 300
297 294 305
294 306 305
294 307 306
308 297 305
309 297 308
309 308 310
308 311 310
308 305 312
312 305 313
312 313 314
308 315 311
315 308 312
314 316 312
315 312 316
314 317 316
311 315 318
318 315 316
311 318 319
318 316 320
320 316 321
320 321 322
319 318 323
320 323 318
319 323 324
322 325 320
320 325 323
322 326 325
325 326 327
325 327 328
329 325 328
329 323 325
324 323 329
324 329 330
331 332 329
329 333 334
329 334 335
336 337 338
339 337 340
339 341 337
342 337 341
343 337 342
342 341 344
345 342 344
345 344 346
344 341 347
344 347 348
349 342 350
351 352 341
351 353 352
354 344 355
354 355 356
357 358 359
360 358 361
362 363 358
364 358 363
364 363 365
362 366 363
366 367 363
366 368 367
369 363 370
369 370 371
372 373 374
372 375 376
372 5 375
377 5 372
377 372 378
379 378 372
379 372 380
381 382 383
384 383 385
386 383 387
386 387 388
389 383 386
389 386 390
391 386 392
391 392 393
394 386 391
394 391 395
396 391 397
396 397 398
399 391 396
399 396 400
401 396 398
401 402 396
403 396 402
403 402 404
405 402 406
405 406 407
406 402 408
406 408 409
406 409 410
406 410 411
412 406 411
412 411 413
414 411 410
415 413 411
416 411 414
415 411 416
416 414 417
416 418 415
416 419 418
416 417 420
421 420 422
423 424 425
426 424 427
428 424 429
428 429 430
431 429 424
431 432 429
433 434 429
433 435 434
436 429 434
436 434 437
438 439 434
438 440 439
441 434 439
441 439 442
443 444 439
443 445 444
446 439 444
446 444 447
447 444 448
449 448 444
449 450 448
447 448 451
451 448 452
451 452 453
454 452 448
454 455 452
456 453 452
456 452 457
458 457 452
458 459 457
460 457 461
460 461 462
460 463 457
460 462 464
460 465 463
460 464 466
466 465 460
466 464 467
466 467 468
468 467 469
466 470 465
468 470 466
471 465 470
472 465 471
472 473 465
468 474 470
475 474 468
468 476 475
468 477 476
470 474 478
478 474 475
471 470 479
470 478 479
479 480 471
471 481 472
471 480 481
472 481 482
483 479 478
479 483 480
484 480 483
485 481 480
484 485 480
483 478 486
484 483 486
478 475 487
486 478 487
487 475 488
485 489 481
489 482 481
472 482 490
490 491 472
490 492 491
493 492 490
493 490 494
495 489 485
484 495 485
484 496 495
495 497 489
498 496 484
499 489 497
489 499 482
500 482 499
499 497 501
502 500 499
500 503 482
502 504 500
490 482 505
506 505 482
490 505 494
498 484 507
508 498 507
484 486 507
508 507 509
507 486 510
507 510 509
486 487 510
511 510 487
509 510 512
509 512 513
494 505 514
515 514 505
515 505 516
494 514 517
518 494 517
518 519 494
517 514 520
521 520 514
521 514 522
517 520 523
524 517 523
524 525 517
523 520 526
527 526 520
527 520 528
523 526 529
530 523 529
530 529 531
529 526 532
533 529 532
533 532 534
534 532 535
536 532 526
536 526 537
538 532 539
540 541 542
543 541 544
545 541 546
545 546 547
548 546 541
548 549 546
550 551 546
550 552 551
553 546 554
553 554 555
555 556 557
555 557 558
555 558 559
558 560 561
562 560 563
475 564 565
566 567 568
567 569 570
571 567 572
571 573 567
574 567 573
574 573 575
576 577 573
576 573 578
579 573 580
579 580 581
582 581 583
582 583 584
582 584 585
586 587 588
589 588 590
588 591 592
588 593 591
594 593 588
594 595 593
593 596 597
593 598 596
599 598 593
599 600 598
598 240 596
601 240 598
601 602 240
603 604 605
606 607 604
604 607 608
604 608 609
610 604 609
610 609 611
609 612 613
609 613 614
615 609 614
615 614 616
614 617 618
614 618 619
620 614 619
620 619 621
619 622 623
619 623 624
624 625 619
626 619 625
626 625 627
628 625 624
628 624 629
628 629 630
628 631 625
632 625 631
632 631 633
500 631 628
500 628 634
500 634 635
500 504 631
636 631 504
636 504 637
638 639 504
638 504 640
641 642 643
644 642 645
644 646 642
647 642 646
648 642 647
647 646 649
650 651 646
650 646 300
652 300 646
652 653 300
654 655 656
657 658 659
659 660 661
659 662 660
660 662 663
660 663 664
665 666 667
668 665 669
670 671 668
671 672 665
671 665 673
674 665 675
674 675 676
677 671 678
677 679 671
677 680 679
681 682 683
684 682 685
684 686 682
687 688 686
687 686 689
690 691 692
252 693 694
487 695 696
697 698 699
700 701 702
703 704 705
706 704 707
706 708 704
706 709 708
710 704 708
710 708 711
712 708 713
712 713 714
715 716 708
715 717 716
718 719 717
718 717 720
714 721 722
714 722 723
723 722 724
725 726 727
727 728 729
730 727 731
730 731 732
733 730 732
733 732 734
735 733 734
735 734 736
737 736 734
738 734 732
737 734 738
737 739 736
740 736 739
740 739 741
737 742 739
738 732 743
743 732 744
743 744 745
737 738 746
747 737 746
747 748 737
746 749 747
746 750 749
738 750 746
748 747 751
748 751 752
747 753 751
747 754 753
743 755 738
738 755 750
743 756 755
743 757 756
758 750 755
758 755 759
759 755 756
759 756 760
760 756 761
762 759 760
763 759 762
763 762 764
762 760 765
765 760 766
760 767 766
766 767 768
766 768 769
765 766 770
769 770 766
769 771 770
772 762 765
770 772 765
770 773 772
772 774 762
774 764 762
774 775 764
776 777 770
778 779 769
780 769 781
764 782 783
764 783 784
784 785 764
784 786 785
787 784 783
787 788 784
787 789 788
787 783 790
791 790 783
791 783 792
793 787 790
793 794 787
793 795 794
796 795 793
793 790 797
797 798 793
797 790 799
797 799 800
801 802 797
803 804 783
803 805 804
806 807 808
809 807 810
811 807 812
811 812 813
813 814 815
816 817 807
816 818 817
818 819 820
821 822 823
824 822 825
826 822 824
826 739 822
827 822 739
827 739 828
829 830 831
832 833 834
835 836 837
838 839 835
838 840 839
840 841 842
840 843 841
844 841 843
845 846 743
847 848 732
849 850 851
852 853 854
855 856 857
858 859 860
861 862 863
864 862 865
864 866 862
866 867 862
862 867 868
866 869 867
870 871 866
870 872 871
871 873 866
871 874 873
875 871 876
875 877 871
877 878 871
877 879 878
875 880 877
880 881 877
880 882 881
875 883 880
884 883 875
884 885 883
883 886 880
887 880 886
887 888 880
883 889 886
890 889 883
890 891 889
889 892 886
893 886 892
893 894 886
889 895 892
896 895 889
896 897 895
898 892 895
899 892 898
899 898 900
898 895 901
897 902 903
897 903 904
904 905 906
904 906 907
908 909 895
908 904 909
909 904 910
909 910 911
912 895 909
913 912 909
913 914 912
915 916 917
916 918 919
920 921 916
920 922 921
921 923 916
921 924 923
925 926 921
926 927 921
925 928 926
926 929 927
930 929 926
930 931 929
928 932 926
928 933 932
934 935 932
934 932 936
937 938 934
937 934 939
939 940 937
939 941 940
942 940 941
942 943 940
944 943 942
945 946 947
947 948 949
950 951 947
950 952 951
953 947 951
953 951 954
955 951 956
955 956 957
958 951 959
960 958 959
959 961 960
962 963 961
964 965 966
966 967 968
969 970 966
969 966 971
972 971 966
972 973 971
875 969 971
974 875 971
974 975 875
976 977 978
979 980 977
981 982 977
981 983 982
981 977 984
981 984 985
981 985 986
986 987 981
986 988 987
986 989 990
986 990 991
986 991 992
992 993 986
992 994 993
995 991 990
995 990 996
996 990 997
996 997 998
990 999 997
997 999 1000
997 1000 1001
1002 997 1001
1002 1001 1003
992 991 1004
1005 1004 991
1005 1006 1004
992 1004 1007
1007 1008 992
1007 1009 1008
1006 1010 1004
1006 1011 1010
1004 1012 1007
1004 1010 1012
1012 1013 1007
1012 1014 1013
1010 1015 1012
1012 1015 1016
1012 1016 1017
1018 1016 1015
1018 1015 1019
1010 1020 1015
1019 1015 1020
1021 1020 1010
1021 1022 1020
1023 1020 1022
1023 1024 1020
1019 1020 1024
1025 1024 1023
1025 1026 1024
1019 1024 1026
1019 1026 1027
1028 1029 1030
1031 1032 1030
1033 1030 1032
1033 1001 1030
1001 1034 1030
1001 1035 1034
1036 1037 1038
1039 1037 1040
1041 1042 1037
1041 1043 1042
1044 1037 1045
1044 1045 1046
1047 1048 1049
1050 1048 1051
1052 1048 1053
1052 1053 1054
1055 1056 1048
1055 1057 1056
1058 1059 1060
1061 1062 1060
1060 1062 1063
1060 1063 1064
1064 1065 1060
1064 1066 1065
1067 1064 1068
1067 1069 1064
1069 1070 1064
1069 1071 1070
1072 1073 1069
1072 1069 1074
1069 1075 1074
1069 1076 1075
1075 1077 1074
1075 1078 1077
1079 1074 1077
1079 1080 1074
1079 1077 1081
1077 1082 1081
1079 1081 1083
1083 1084 1079
1084 1083 1085
1084 1085 1086
1087 1088 1086
1089 1090 1077
1089 1077 1091
1092 1093 1089
1094 1095 1096
1097 1098 1096
1096 1098 1099
1099 1100 1096
1099 1101 1100
1096 1102 1103
1096 1103 1104
1105 1106 1099
1105 1099 1107
1108 1109 1110
1111 1112 1113
1114 1115 1113
1114 1113 1116
1117 1118 1119
1120 1121 1122
1123 1120 1124
1125 1124 1126
1126 1127 1128
1126 1128 1129
1128 1130 1131
1132 1133 1134
1135 1136 1134
1135 1134 1137
1138 1137 1134
1139 1138 1134
1138 1140 1137
1140 1141 1137
1140 1142 1141
1143 1137 1141
1143 1144 1137
1141 1145 1143
1141 1146 1145
1147 1146 1141
1148 1145 1146
1147 1149 1146
1148 1146 1150
1150 1151 1148
1146 1152 1150
1149 1153 1146
1149 1154 1153
1155 1156 1149
1155 1149 1157
1157 1149 1158
1157 1158 1159
1157 1160 1155
1157 1161 1160
1159 1162 1157
1159 1163 1162
1164 1165 1155
1155 1166 1167
1167 1168 1155
1167 1169 1168
1170 1171 1167
1172 1173 1167
1172 1174 1173
1175 1174 1176
1177 1178 1179
1180 1181 1179
1182 1183 1179
1179 1184 1185
1186 1187 1179
1186 1179 1188
1189 1190 1186
1189 1191 1190
1192 1190 1191
1193 1194 1195
1196 1197 1195
1198 1199 1195
1195 1200 1201
1195 1201 1202
1203 1204 1205
1206 1207 1208
1209 1210 1208
1208 1211 1212
1208 1212 1213
1213 1214 1208
1213 1215 1214
1213 1216 1217
1213 1217 1218
1218 1219 1213
1218 1217 1220
1218 1221 1219
1218 1220 1159
1159 1221 1218
1159 1222 1221
1223 1224 1225
1226 1227 1228
1229 1230 1231
1232 1230 1233
1232 1233 1234
1235 1234 1233
1236 1237 1238
1239 1240 1237
1239 1237 1241
1242 1241 1237
1242 1237 1243
1242 1244 1241
1245 1241 1246
1245 1247 1241
1248 1241 1247
1248 1247 1249
1250 1247 1245
1250 1245 1251
1250 1252 1247
1253 1247 1252
1253 1252 1254
1255 1252 1250
1254 1252 1256
1255 1256 1252
1257 1256 1255
1258 1255 1250
1259 1258 1250
1259 1260 1258
1257 1255 1261
1258 1261 1255
1262 1261 1258
1262 1263 1261
1264 1257 1261
1264 1265 1257
1266 1258 1260
1266 1267 1258
1254 1256 1268
1269 1268 1256
1257 1270 1256
1269 1256 1270
1257 1271 1270
1272 1269 1270
1272 1270 1271
1257 1273 1271
1273 1257 1274
1274 1275 1273
1275 1276 1273
1277 1254 1268
1268 1269 1278
1277 1268 1278
1279 1254 1277
1279 1280 1254
1281 1277 1278
1281 1278 1282
1283 1278 1269
1283 1284 1278
1285 1279 1277
1285 1277 1286
1287 1269 1288
1289 1273 1290
1289 1291 1273
1271 1273 1291
1291 1292 1271
1292 1293 1271
1292 1294 1293
1295 1271 1293
1295 1296 1271
1297 1298 1291
1299 1300 1291
1299 1301 1300
1302 1303 1293
1302 1293 1304
1305 1302 1304
1306 1307 1308
1309 1307 1310
1311 1307 1312
1311 1313 1307
1314 1307 1313
1314 1315 1307
1316 1313 1317
1316 1318 1313
1313 1318 1319
1313 1319 1320
1321 1318 1322
1321 1323 1318
1324 1318 1323
1324 1325 1318
1323 1326 1324
1323 1327 1326
1328 1326 1327
1328 1327 1329
1330 1327 1323
1330 1323 1331
1332 1333 1327
1334 1335 1336
1337 1338 1335
1337 1335 1339
1340 1341 1342
1343 1341 1344
1345 1341 1346
1345 1347 1341
1348 1341 1347
1348 1347 1349
1349 1347 1245
1350 1245 1347
1350 1347 1351
1352 1353 1354
1355 1353 1356
1357 1356 1353
1357 1353 1358
1359 1358 1353
1359 1353 1360
1361 1362 1358
1363 1358 1362
1363 1362 1364
1362 1365 1366
1362 1366 1367
1367 1366 1368
1367 1368 1369
1367 1369 1370
1371 1362 1367
1367 1370 1372
1371 1367 1372
1372 1373 1371
1373 1372 1370
1362 1371 1374
1371 1373 1374
1362 1374 1375
1373 1370 1376
1376 1377 1373
1376 1378 1377
1374 1373 1379
1380 1373 1377
1380 1379 1373
1381 1374 1379
1381 1382 1374
1380 1383 1379
1383 1381 1379
1384 1383 1380
1384 1385 1383
1383 1386 1381
1387 1386 1383
1387 1388 1386
1389 1381 1386
1390 1381 1389
1390 1389 1391
1389 1386 1392
1393 1389 1392
1392 1386 1394
1392 1394 1395
1396 1392 1395
1397 1389 1398
1399 1400 1401
1402 1403 1404
1405 1402 1406
1405 1406 1407
1408 1406 1409
1408 1409 1369
1410 1411 1412
1413 1411 1414
1415 1414 1411
1415 1411 1416
1417 1416 1411
1417 1411 1418
1419 1420 1416
1419 1416 1421
1422 1421 1416
1422 1423 1421
1424 1425 1421
1424 1421 1279
1426 1279 1421
1426 1427 1279
1428 1429 1430
1431 1429 1432
1433 1429 1434
1433 1260 1429
1435 1429 1260
1435 1260 1436
1437 1438 1439
1440 1441 1442
1442 1443 1444
1445 1444 1443
1445 1443 1446
1447 1445 1446
1447 1446 1448
1446 1449 1448
1446 1450 1449
1451 1446 1443
1443 1452 1451
1452 1453 1451
1442 1454 1443
1455 1443 1454
1455 1454 1456
1457 1454 1442
1457 1442 1458
1457 1458 1459
1457 1460 1454
1461 1454 1460
1461 1460 1462
1463 1460 1457
1463 1457 1464
1463 1464 1465
1463 1466 1460
1467 1466 1463
1468 1460 1466
1468 1466 1469
1470 1469 1466
1471 1472 1463
1473 1474 1475
1476 1477 1475
1478 1479 1475
1478 1480 1479
1479 1481 1475
1479 1482 1481
1483 1479 1484
1483 1484 1485
1479 1483 1486
1479 1486 1487
1483 1488 1489
1483 1490 1491
1492 1493 1483
1492 1483 1494
1483 1495 1494
1494 1495 1496
1494 1496 1497
1497 1498 1494
1497 1499 1498
1500 1501 1497
1497 1502 1500
1497 1503 1502
1497 1504 1503
1497 1505 1504
1506 1503 1504
1506 1504 1507
1508 1503 1506
1508 1509 1503
1510 1506 1507
1510 1511 1506
1510 1507 1512
1512 1513 1510
1514 1448 1515
1516 1517 1518
1519 1520 1521
1522 1523 1524
1523 1525 1526
1527 1523 1528
1527 1529 1523
1529 1530 1523
1529 1531 1530
1532 1529 1533
1532 1534 1529
1534 1535 1529
1534 1536 1535
1537 1534 1538
1537 1539 1534
1539 1540 1534
1539 1541 1540
1542 1539 1543
1542 1544 1539
1539 1544 1545
1546 1539 1545
1546 1545 1547
1545 1544 1548
1549 1548 1544
1549 1544 1550
1551 1548 1549
1551 1552 1548
1545 1548 1553
1553 1548 1552
1554 1545 1553
1554 1553 1555
1553 1552 1556
1557 1553 1556
1557 1558 1553
1556 1552 1559
1560 1559 1552
1560 1552 1561
1556 1559 1562
1563 1556 1562
1563 1562 1564
1562 1559 1565
1566 1565 1559
1566 1559 1567
1562 1565 1568
1569 1562 1568
1569 1568 1570
1568 1565 1571
1572 1571 1565
1572 1565 1573
1568 1571 1574
1575 1568 1574
1575 1574 1576
1577 1574 1571
1578 1574 1577
1577 1571 1579
1580 1579 1571
1580 1571 1581
1582 1577 1579
1583 1577 1582
1583 1582 1584
1582 1579 1585
1582 1585 1586
1587 1585 1579
1587 1579 1588
1589 1585 1587
1590 1582 1591
1592 1585 1593
1594 1595 1596
1597 1596 1598
1596 1599 1598
1600 1598 1599
1600 1599 1601
1596 1602 1599
1603 1602 1596
1603 1604 1602
1605 1599 1602
1606 1599 1605
1606 1607 1599
1605 1602 1608
1609 1608 1602
1609 1610 1608
1608 1611 1605
1605 1611 1612
1605 1612 1613
1608 1614 1611
1615 1614 1608
1615 1616 1614
1614 1617 1611
1611 1617 1618
1611 1618 1619
1614 1620 1617
1621 1620 1614
1621 1622 1620
1623 1617 1620
1624 1617 1623
1624 1625 1617
1623 1620 1626
1627 1626 1620
1627 1628 1626
1626 1629 1623
1626 1630 1629
1623 1629 1631
1623 1631 1632
1633 1634 1626
1633 1635 1634
1636 1637 1638
1639 1636 1640
1639 1640 1641
1642 1640 1643
1644 1640 1645
1644 1645 1646
1647 1648 1640
1647 1649 1648
1649 1650 1651
1649 1652 1650
1650 1652 1653
1650 1653 1654
1655 1656 1654
1655 1657 1656
1658 1656 1657
1658 1659 1656
1660 1659 1661
1662 1663 1664
1665 1664 1666
1667 1668 1664
1667 1669 1668
1670 1664 1668
1670 1668 1671
1672 1673 1668
1672 1674 1673
1675 1668 1676
1675 1676 1677
1668 1678 1676
1676 1678 1679
1676 1679 1680
1681 1676 1680
1681 1680 1682
1680 1679 1683
1680 1683 1684
1685 1680 1684
1685 1684 1686
1687 1688 1689
1690 1691 1687
1690 1687 1692
1693 1694 1692
1694 1695 1692
1694 1696 1695
1695 1697 1692
1695 1698 1697
1699 1698 1695
1699 1695 1700
1695 1701 1700
1702 1700 1703
1704 1705 1700
1704 1700 1706
1707 1706 1700
1707 1700 1708
1709 1706 1710
1709 1711 1706
1712 1706 1711
1712 1713 1706
1714 1711 1715
1716 1711 1717
1718 1719 1720
1721 1719 1722
1721 1723 1719
1721 1724 1723
1725 1726 1724
1725 1724 1727
1728 1719 1729
1728 1729 1730
1729 1731 1730
1732 1733 1734
1735 1736 1733
1733 1736 1737
1733 1737 1738
1738 1737 1739
1740 1733 1738
1740 1738 1741
1742 1739 1737
1742 1737 1743
1742 1744 1739
1738 1739 1745
1746 1738 1745
1746 1745 1747
1739 1748 1745
1749 1745 1748
1749 1748 1750
1739 1751 1748
1752 1751 1739
1739 1753 1752
1754 1750 1748
1748 1751 1755
1748 1755 1754
1754 1756 1750
1757 1750 1756
1757 1756 1758
1752 1759 1751
1752 1760 1759
1752 1761 1760
1751 1759 1762
1751 1762 1755
1763 1762 1759
1762 1764 1755
1765 1761 1752
1765 1766 1761
1767 1754 1755
1767 1755 1768
1754 1769 1756
1767 1769 1754
1768 1770 1767
1768 1771 1770
1771 1772 1770
1767 1773 1769
1770 1773 1767
1756 1769 1774
1774 1769 1773
1772 1775 1770
1770 1775 1773
1772 1776 1775
1772 1777 1776
1775 1778 1773
1775 1779 1778
1780 1779 1775
1773 1781 1774
1773 1782 1781
1774 1781 1783
1756 1774 1784
1774 1783 1784
1784 1783 1785
1758 1756 1784
1786 1785 1783
1786 1787 1785
1758 1784 1788
1784 1785 1788
1789 1758 1788
1785 1790 1788
1789 1791 1758
1785 1792 1790
1793 1758 1791
1793 1794 1758
1795 1792 1785
1795 1785 1796
1797 1798 1783
1799 1800 1791
1799 1791 1801
1801 1791 1802
1801 1802 1803
1792 1804 1805
1792 1806 1804
1807 1806 1792
1807 1792 1808
1809 1801 1810
1809 1811 1801
1812 1801 1811
1812 1813 1801
1814 1811 1815
1816 1811 1817
1818 1806 1819
1818 1820 1806
1806 1820 1821
1806 1821 1822
1823 1820 1824
1823 1825 1820
1820 1825 1826
1820 1826 1827
1828 1825 1829
1830 1831 1825
1832 1833 1834
1835 1833 1836
1837 1838 1833
1837 1833 1839
1840 1841 1837
1842 1833 1843
1842 1843 1844
1844 1845 1846
1761 1847 1848
1849 1850 1761
1849 1761 1766
1851 1849 1766
1852 1851 1766
1852 1766 1853
1854 1855 1851
1854 1851 1856
1857 1856 1851
1857 1851 1858
1859 1860 1851
1859 1861 1860
1862 1863 1856
1862 1856 1864
1865 1864 1856
1865 1866 1864
1867 1868 1864
1867 1864 1869
1870 1869 1864
1870 1871 1869
1872 1869 1873
1874 1869 1875
1876 1877 1878
1879 1880 1877
1879 1877 1881
1882 1883 1879
1884 1885 1886
1887 1888 1889
1888 1890 1891
1888 1891 1892
1893 1888 1892
1894 1895 1888
1894 1896 1895
1897 1598 1898
1899 1900 1901
1902 1903 1904
1905 1906 1907
1908 1909 1910
1911 1909 1912
1913 1912 1909
1913 1909 1914
1915 1914 1909
1915 1916 1914
1917 1918 1914
1917 1914 1919
1920 1919 1914
1920 1921 1919
1922 1919 1923
1922 1924 1919
1925 1919 1924
1925 1924 1926
1926 1924 1927
1926 1927 1928
1928 1929 1926
1930 1927 1924
1930 1924 1931
1927 1932 1928
1927 1933 1932
1930 1934 1927
1933 1927 1934
1934 1930 1935
1936 1934 1935
1933 1934 1937
1936 1937 1934
1936 1938 1937
1938 1939 1937
1938 1940 1939
1941 1937 1939
1941 1942 1937
1939 1943 1941
1940 1943 1939
1940 1944 1943
1928 1945 1946
1946 1947 1928
1946 1948 1947
1928 1947 1929
1949 1929 1947
1949 1950 1929
1951 1947 1948
1951 1952 1947
1953 1951 1948
1953 1948 1954
1955 1954 1948
1955 1956 1954
1954 1957 1953
1954 1958 1957
1957 1958 1959
1960 1961 1954
1960 1962 1961
1963 1964 1962
1965 1966 1967
1968 1966 1969
1966 1970 1971
1971 1972 1966
1972 1973 1966
1974 1966 1973
1974 1973 1975
1976 1973 1977
1976 1977 1978
1977 1979 1980
1981 1982 1983
1982 1984 1985
1986 1982 1987
1986 1987 1988
1989 1990 1982
1989 1991 1990
1992 1993 1994
1995 1993 1996
1997 1998 1993
1997 1993 1999
2000 1999 1993
2000 2001 1999
2002 2003 1999
2002 1999 2004
2005 2004 1999
2005 2006 2004
2007 2008 2004
2009 2004 2008
2009 2008 2010
2007 2011 2008
2011 1929 2008
2011 2012 1929
2013 2008 1929
2013 2014 2008
2015 2016 2017
2018 2019 2017
2018 2020 2019
2021 2022 2023
2024 2023 2025
2024 2025 2026
2027 2024 2026
1752 2028 2029
2030 2031 2032
2033 2034 2035
2036 2037 2035
2036 2038 2037
2039 2040 2036
2039 2036 2041
2042 2043 2044
2045 2046 2047
2048 2049 2050
2051 2052 2053
2054 2055 2056
2054 2057 2055
2058 2059 2057
2058 2057 2060
2061 2062 2055
2055 2063 2061
2055 2064 2063
2065 2061 2063
2063 2064 2066
2063 2066 2067
2065 2063 2068
2068 2063 2067
2068 2067 2069
2069 2070 2068
2069 2071 2070
2072 2068 2070
2072 2073 2068
2071 2074 2070
2071 2075 2074
2076 2070 2074
2076 2077 2070
2078 2074 2075
2078 2075 2079
2079 2080 2078
2078 2080 2081
2082 2074 2078
2082 2083 2074
2084 2085 2086
2086 2087 2084
2087 2088 2084
2089 2090 2091
2089 2091 2092
2093 2094 2095
54 2095 2094
2095 54 2096
2095 2096 2097
2098 2095 2097
8 2099 2100
8 2100 2101
2102 2103 2104
2102 2104 2105
2106 2107 2108
2106 2108 2109
2110 2111 2112
2110 2113 2111
2111 2113 2114
2115 2116 2117
2115 2117 509
2118 2119 2120
2118 2120 2121
2122 2123 2124
2122 2124 2125
2126 2127 2128
2126 2129 2127
2130 2129 2126
2131 2132 2133
2131 2133 2134
2135 2136 2137
2135 2137 2138
2139 2135 2138
2140 2141 2142
756 2142 2141
756 2143 2142
2144 756 2141
2145 2144 2141
2145 2146 2144
2147 2148 750
2147 750 2149
2150 2151 751
2150 751 2152
2153 2152 751
2154 2150 2152
2153 2155 2152
2154 2152 2156
2155 2156 2152
2154 2156 2157
2155 2158 2156
2157 2156 2158
2159 2160 2161
2159 2161 2162
2163 2164 2165
2163 2166 2164
2163 745 2166
2167 2168 2169
2167 2169 2170
2169 2171 2170
2172 2173 2167
2172 2174 2173
2175 2176 2177
2175 2177 2178
2179 2180 2181
2180 2182 2181
2180 2183 2182
2184 2185 2186
2184 2187 2185
2188 2187 2184
2189 2185 2190
2189 2190 2191
2192 2193 2194
2192 2194 2195
2195 2196 2192
2195 2194 2197
2195 2198 2196
2195 2197 2199
2199 2198 2195
2199 2197 2200
2199 2201 2198
2199 2200 2202
2202 2201 2199
2200 2203 2202
2202 2204 2201
2202 2203 2204
2205 2206 2207
2205 2208 2206
2209 2208 2205
2210 2211 2206
2210 2206 2212
2213 2214 2215
2213 2215 2216
2217 2218 2219
2220 2217 2219
2220 2221 2217
2222 2221 2220
2223 2224 2225
2223 2225 2226
2227 2228 2229
2227 2229 2230
2231 2232 2233
2232 1366 2233
2232 2234 1366
2235 2233 1366
2235 2236 2233
2237 2233 2236
2238 2239 2240
2238 2241 2239
2241 2242 2243
2241 2243 2244
2245 2246 1269
2245 1269 2247
2248 2249 2245
2248 2250 2249
2250 2251 2249
2252 1377 2253
2252 2254 1377
2255 1377 2254
2255 2254 2256
1380 1377 2255
2257 1380 2255
2257 2255 2258
2255 2259 2260
2260 2261 2255
2260 2262 2261
2263 2264 2265
2263 2265 2266
2267 2263 2266
2267 2266 2268
2267 2268 2269
2270 1370 2271
2270 2272 1370
1370 2272 2273
2274 2275 2276
2274 2276 1453
2277 2278 2279
2280 2278 2277
2281 2282 2283
2283 2282 2284
2285 2282 2286
2285 2286 2287
2288 2286 2282
2288 2289 2286
2290 2291 2286
2290 2292 2291
2293 2286 2291
2293 2291 2294
2294 2291 2295
2294 2295 2296
2297 2298 2291
2297 2299 2298
2300 2295 2301
2300 2301 2302
2300 2302 2303
2304 2305 2306
2304 2306 2307
2308 2309 2310
2308 2310 2311
2312 2313 2314
2312 2314 2315
2316 2317 2318
2316 2318 2319
