byte offset: 0
first index: 0
index count: 6744
topology: trianglelist
format: DXGI_FORMAT_R16_UINT

0 1 2
0 3 1
3 4 1
3 5 4
5 6 4
5 7 6
7 8 6
7 9 8
9 10 8
9 11 10
11 12 10
11 13 12
13 14 12
13 15 14
15 16 14
15 17 16
17 18 16
17 19 18
19 20 18
19 21 20
21 22 20
21 23 22
23 24 22
23 25 24
25 26 24
25 27 26
27 28 26
27 29 28
29 30 28
29 31 30
31 32 30
31 33 32
33 34 32
33 35 34
35 36 34
35 37 36
37 38 36
37 39 38
39 40 38
39 41 40
41 42 40
41 43 42
43 44 42
43 45 44
45 46 44
45 47 46
47 48 46
47 49 48
49 50 48
49 51 50
52 53 54
53 55 54
55 56 54
56 57 54
57 58 54
58 59 54
59 60 54
60 61 54
61 62 54
62 63 54
63 64 54
64 65 54
65 66 54
66 67 54
67 68 54
68 69 54
69 70 54
70 71 54
71 72 54
72 73 54
73 74 54
74 75 54
75 76 54
77 78 79
80 77 79
81 80 79
82 81 79
83 82 79
84 83 79
85 84 79
86 85 79
87 86 79
88 87 79
89 88 79
90 89 79
91 90 79
92 91 79
93 92 79
94 93 79
95 94 79
96 95 79
97 96 79
98 97 79
99 98 79
100 99 79
101 100 79
102 103 104
102 104 105
104 106 105
104 107 106
107 108 106
107 109 108
110 108 109
110 109 111
112 110 111
112 113 110
114 113 112
114 115 113
116 115 114
116 117 115
116 118 117
116 119 118
119 120 118
119 121 120
121 122 120
121 123 122
123 124 122
123 125 124
125 126 124
125 127 126
127 128 126
127 129 128
129 130 128
129 131 130
131 132 130
131 133 132
133 134 132
133 135 134
135 136 134
135 137 136
138 136 137
138 139 136
140 141 142
140 142 143
144 140 143
144 145 140
146 145 144
146 147 145
148 147 146
148 146 149
150 148 149
150 149 151
150 151 152
150 152 153
153 152 154
153 154 155
156 155 154
156 157 155
158 157 156
158 159 157
160 159 158
160 161 159
162 161 160
162 163 161
164 163 162
164 165 163
166 165 164
166 167 165
168 167 166
168 166 169
170 168 169
170 169 171
172 170 171
172 173 170
174 173 172
174 175 173
175 174 176
175 176 177
178 179 180
178 181 179
181 182 179
181 183 182
183 184 182
183 185 184
184 185 186
184 186 187
187 186 188
187 188 189
188 190 189
188 191 190
191 192 190
191 193 192
194 192 193
194 193 195
196 194 195
196 195 197
198 196 197
198 197 199
200 198 199
200 199 201
202 200 201
202 201 203
204 202 203
204 203 205
205 206 204
205 207 206
207 208 206
207 209 208
208 209 210
208 210 211
210 212 211
210 213 212
214 212 213
214 215 212
216 217 218
216 218 219
220 221 222
220 222 223
224 223 222
224 222 225
226 224 225
226 227 224
228 227 226
228 226 229
230 228 229
230 229 231
230 231 232
230 232 233
232 234 233
232 235 234
235 236 234
235 237 236
237 238 236
237 239 238
240 238 239
240 239 241
242 240 241
242 241 243
243 244 242
243 245 244
245 246 244
245 247 246
248 246 247
248 247 249
250 248 249
250 249 251
252 250 251
252 251 253
254 252 253
254 255 252
255 254 256
255 256 257
258 259 260
258 260 261
262 263 264
265 263 262
265 266 263
267 266 265
267 268 266
269 268 267
269 270 268
271 270 269
271 272 270
273 272 271
273 274 272
275 274 273
275 273 276
277 275 276
277 278 275
279 278 277
279 280 278
281 280 279
281 282 280
283 282 281
283 284 282
285 284 283
285 286 284
287 286 285
287 285 288
287 288 289
287 289 290
290 289 291
292 293 294
295 293 292
295 296 293
297 296 295
297 298 296
299 298 297
299 300 298
301 300 299
301 302 300
303 302 301
303 304 302
304 303 305
304 305 306
307 306 305
307 308 306
309 308 307
309 310 308
311 310 309
311 312 310
313 312 311
313 314 312
315 314 313
315 316 314
317 316 315
317 318 316
317 319 318
317 320 319
320 321 319
322 323 324
322 325 323
326 325 322
326 322 327
328 326 327
328 327 329
330 328 329
330 329 331
332 330 331
332 331 333
334 332 333
334 333 335
334 335 336
334 336 337
338 337 336
338 336 339
340 338 339
340 339 341
342 340 341
342 341 343
344 342 343
344 343 345
346 344 345
346 345 347
348 346 347
348 347 349
350 348 349
350 349 351
352 350 351
352 351 353
354 352 353
354 353 355
356 354 355
356 355 357
358 356 357
358 357 359
360 358 359
360 359 361
362 360 361
362 361 363
364 362 363
364 363 365
366 364 365
366 365 367
368 366 367
368 367 369
370 368 369
370 371 368
372 371 370
372 370 373
374 372 373
374 373 375
376 374 375
376 375 377
378 376 377
378 377 379
380 378 379
380 381 378
382 381 380
382 380 383
384 385 386
384 387 385
388 387 384
388 384 389
390 388 389
390 389 391
392 390 391
392 391 393
394 392 393
394 393 395
395 396 394
395 397 396
397 398 396
397 399 398
399 400 398
399 401 400
400 401 402
400 402 403
404 403 402
404 405 403
406 405 404
406 404 407
408 406 407
408 409 406
410 409 408
410 408 411
410 411 412
410 412 413
414 415 416
414 416 417
418 414 417
418 419 414
420 419 418
420 421 419
420 422 421
420 423 422
422 423 424
422 424 425
425 424 426
425 426 427
427 426 428
429 430 431
429 431 432
433 432 431
433 434 432
435 434 433
435 436 434
437 436 435
437 438 436
439 438 437
439 440 438
440 439 441
440 441 442
442 441 443
444 445 446
444 446 447
448 449 450
448 451 449
449 451 452
449 452 453
453 452 454
453 454 455
456 455 454
456 457 455
458 457 456
458 456 459
460 458 459
460 459 461
462 460 461
462 461 463
462 463 464
462 464 465
465 464 466
465 466 467
467 466 468
467 468 469
469 468 470
469 470 471
471 470 472
471 472 473
473 472 474
473 474 475
475 474 476
475 476 477
477 476 478
477 478 479
479 478 480
479 480 481
481 480 482
481 482 483
484 483 482
484 482 485
486 487 488
486 489 487
490 489 486
490 486 491
492 490 491
492 491 493
494 492 493
494 495 492
496 495 494
496 497 495
496 498 497
496 499 498
499 500 498
499 501 500
502 500 501
502 501 503
504 502 503
504 503 505
506 504 505
506 505 507
508 506 507
508 507 509
510 508 509
510 509 511
512 510 511
512 511 513
514 512 513
514 515 512
516 515 514
516 517 515
518 517 516
518 516 519
520 518 519
520 519 521
521 522 520
521 523 522
524 525 526
524 526 527
528 529 530
528 530 531
532 533 534
532 534 535
535 534 536
535 536 537
537 536 538
537 538 539
538 540 539
538 541 540
541 542 540
541 543 542
542 543 544
542 544 545
545 544 546
545 546 547
548 547 546
548 549 547
550 549 548
550 551 549
552 551 550
552 553 551
554 553 552
554 555 553
556 555 554
556 557 555
558 557 556
558 559 557
559 558 560
559 560 561
561 560 562
561 562 563
562 564 563
562 565 564
564 565 566
564 566 567
568 567 566
568 566 569
570 571 572
570 572 573
574 575 576
574 577 575
578 575 577
578 579 575
580 579 578
580 578 581
582 580 581
582 583 580
584 583 582
584 585 583
584 586 585
584 587 586
586 587 588
586 588 589
589 588 590
589 590 591
591 590 592
591 592 593
594 593 592
594 595 593
596 595 594
596 597 595
597 596 598
597 598 599
599 598 600
599 600 601
602 601 600
602 603 601
604 603 602
604 605 603
606 605 604
606 607 605
608 607 606
608 606 609
609 610 608
609 611 610
612 613 614
612 614 615
616 617 618
616 619 617
617 619 620
617 620 621
622 623 624
622 625 623
622 626 625
622 627 626
628 629 630
628 630 631
632 633 634
632 634 635
636 637 638
636 638 639
640 641 642
640 642 643
644 645 646
644 646 647
648 649 650
648 650 651
652 653 654
652 654 655
654 656 655
654 657 656
656 657 658
656 658 659
659 658 660
659 660 661
661 660 662
661 662 663
663 662 664
663 664 665
665 664 666
665 666 667
667 666 668
667 668 669
669 668 670
669 670 671
671 670 672
671 672 673
674 673 672
674 672 675
676 674 675
676 675 677
678 676 677
678 677 679
680 678 679
680 679 681
681 682 680
681 683 682
682 683 684
682 684 685
686 687 688
686 688 689
690 689 688
690 691 689
692 691 690
692 693 691
694 693 692
694 695 693
694 696 695
694 697 696
697 698 696
697 699 698
699 700 698
699 701 700
701 702 700
701 703 702
703 704 702
703 705 704
705 706 704
705 707 706
708 706 707
708 709 706
710 709 708
710 708 711
710 711 712
710 712 713
713 712 714
713 714 715
714 716 715
714 717 716
716 717 718
716 718 719
720 721 722
720 722 723
724 720 723
724 725 720
726 725 724
726 727 725
728 727 726
728 726 729
730 728 729
730 731 728
732 731 730
732 730 733
734 732 733
734 735 732
736 735 734
736 734 737
738 736 737
738 739 736
740 739 738
740 738 741
741 742 740
741 743 742
743 744 742
743 745 744
746 744 745
746 747 744
748 747 746
748 746 749
750 748 749
750 749 751
752 750 751
752 751 753
754 755 756
754 756 757
757 756 758
757 758 759
759 758 760
759 760 761
761 760 762
761 762 763
763 762 764
763 764 765
765 764 766
765 766 767
768 767 766
768 769 767
770 769 768
770 771 769
772 771 770
772 773 771
774 773 772
774 775 773
776 775 774
776 777 775
778 777 776
778 779 777
780 779 778
780 781 779
782 781 780
782 783 781
784 783 782
784 785 783
785 784 786
785 786 787
788 789 790
788 790 791
791 790 792
791 792 793
793 792 794
793 794 795
795 794 796
795 796 797
797 796 798
797 798 799
799 798 800
799 800 801
801 800 802
801 802 803
803 802 804
803 804 805
805 804 806
805 806 807
807 806 808
807 808 809
809 808 810
809 810 811
811 810 812
811 812 813
813 812 814
813 814 815
815 814 816
815 816 817
817 816 818
817 818 819
819 818 820
819 820 821
821 820 822
821 822 823
823 822 824
823 824 825
825 824 826
825 826 827
827 826 828
827 828 829
829 828 830
829 830 831
831 830 832
831 832 833
833 832 834
833 834 835
835 834 836
835 836 837
837 836 838
837 838 839
840 841 842
842 841 843
843 841 844
844 841 845
845 841 846
846 841 847
847 841 848
848 841 849
849 841 850
850 841 851
851 841 852
852 841 853
853 841 854
854 841 855
855 841 856
856 841 857
857 841 858
858 841 859
859 841 860
860 841 861
861 841 862
862 841 863
863 841 864
865 866 867
868 866 865
869 866 868
870 866 869
871 866 870
872 866 871
873 866 872
874 866 873
875 866 874
876 866 875
877 866 876
878 866 877
879 866 878
880 866 879
881 866 880
882 866 881
883 866 882
884 866 883
885 866 884
886 866 885
887 866 886
888 866 887
889 866 888
890 891 892
890 893 891
891 893 894
891 894 895
895 894 896
895 896 897
898 897 896
898 899 897
900 899 898
900 898 901
902 900 901
902 901 903
904 902 903
904 903 905
904 905 906
904 906 907
907 906 908
907 908 909
909 908 910
909 910 911
911 910 912
911 912 913
913 912 914
913 914 915
915 914 916
915 916 917
917 916 918
917 918 919
919 918 920
919 920 921
921 920 922
921 922 923
923 922 924
923 924 925
926 925 924
926 924 927
928 929 930
928 931 929
932 931 928
932 928 933
934 932 933
934 933 935
936 934 935
936 937 934
938 937 936
938 939 937
938 940 939
938 941 940
941 942 940
941 943 942
944 942 943
944 943 945
946 944 945
946 945 947
948 946 947
948 947 949
950 948 949
950 949 951
952 950 951
952 951 953
954 952 953
954 953 955
956 954 955
956 957 954
958 957 956
958 959 957
960 959 958
960 958 961
962 960 961
962 961 963
963 964 962
963 965 964
966 967 968
966 968 969
969 968 970
969 970 971
971 970 972
971 972 973
972 974 973
972 975 974
975 976 974
975 977 976
976 977 978
976 978 979
979 978 980
979 980 981
982 981 980
982 983 981
984 983 982
984 985 983
986 985 984
986 987 985
988 987 986
988 989 987
990 989 988
990 991 989
992 991 990
992 993 991
993 992 994
993 994 995
995 994 996
995 996 997
996 998 997
996 999 998
998 999 1000
998 1000 1001
1002 1001 1000
1002 1000 1003
1004 1005 1006
1004 1006 1007
1008 1009 1010
1008 1011 1009
1012 1009 1011
1012 1013 1009
1014 1013 1012
1014 1012 1015
1016 1014 1015
1016 1017 1014
1018 1017 1016
1018 1019 1017
1018 1020 1019
1018 1021 1020
1020 1021 1022
1020 1022 1023
1023 1022 1024
1023 1024 1025
1025 1024 1026
1025 1026 1027
1028 1027 1026
1028 1029 1027
1030 1029 1028
1030 1031 1029
1031 1030 1032
1031 1032 1033
1033 1032 1034
1033 1034 1035
1036 1035 1034
1036 1037 1035
1038 1037 1036
1038 1039 1037
1040 1039 1038
1040 1041 1039
1042 1041 1040
1042 1040 1043
1043 1044 1042
1043 1045 1044
1046 1047 1048
1046 1048 1049
1050 1051 1052
1053 1050 1052
1053 1052 1054
1055 1053 1054
1055 1054 1056
1057 1055 1056
1057 1056 1058
1059 1057 1058
1059 1058 1060
1061 1059 1060
1061 1060 1062
1063 1061 1062
1063 1064 1061
1065 1064 1063
1065 1063 1066
1067 1065 1066
1067 1066 1068
1069 1067 1068
1069 1068 1070
1071 1069 1070
1071 1070 1072
1073 1071 1072
1073 1072 1074
1075 1073 1074
1075 1076 1073
1075 1077 1076
1075 1078 1077
1078 1079 1077
1080 1081 1082
1083 1080 1082
1083 1082 1084
1085 1083 1084
1085 1084 1086
1087 1085 1086
1087 1086 1088
1089 1087 1088
1089 1088 1090
1091 1089 1090
1091 1090 1092
1092 1093 1091
1092 1094 1093
1095 1093 1094
1095 1094 1096
1097 1095 1096
1097 1096 1098
1099 1097 1098
1099 1098 1100
1101 1099 1100
1101 1100 1102
1103 1101 1102
1103 1102 1104
1105 1103 1104
1105 1104 1106
1105 1106 1107
1105 1107 1108
1108 1107 1109
1110 1111 1112
1110 1112 1113
1114 1110 1113
1114 1115 1110
1116 1115 1114
1116 1117 1115
1118 1117 1116
1118 1119 1117
1120 1119 1118
1120 1121 1119
1122 1121 1120
1122 1123 1121
1122 1124 1123
1122 1125 1124
1126 1124 1125
1126 1127 1124
1128 1127 1126
1128 1129 1127
1130 1129 1128
1130 1131 1129
1132 1131 1130
1132 1133 1131
1134 1133 1132
1134 1135 1133
1136 1135 1134
1136 1137 1135
1138 1137 1136
1138 1139 1137
1140 1139 1138
1140 1141 1139
1142 1141 1140
1142 1143 1141
1144 1143 1142
1144 1145 1143
1146 1145 1144
1146 1147 1145
1148 1147 1146
1148 1149 1147
1150 1149 1148
1150 1151 1149
1152 1151 1150
1152 1153 1151
1154 1153 1152
1154 1155 1153
1156 1155 1154
1156 1157 1155
1158 1157 1156
1158 1156 1159
1160 1158 1159
1160 1161 1158
1162 1161 1160
1162 1163 1161
1164 1163 1162
1164 1165 1163
1166 1165 1164
1166 1167 1165
1168 1167 1166
1168 1166 1169
1170 1168 1169
1170 1171 1168
1172 1173 1174
1172 1174 1175
1176 1172 1175
1176 1177 1172
1178 1177 1176
1178 1179 1177
1180 1179 1178
1180 1181 1179
1182 1181 1180
1182 1183 1181
1183 1182 1184
1183 1184 1185
1185 1184 1186
1185 1186 1187
1187 1186 1188
1187 1188 1189
1188 1190 1189
1188 1191 1190
1192 1190 1191
1192 1191 1193
1194 1192 1193
1194 1195 1192
1196 1195 1194
1196 1194 1197
1198 1196 1197
1198 1199 1196
1198 1200 1199
1198 1201 1200
1202 1203 1204
1202 1205 1203
1206 1205 1202
1206 1202 1207
1208 1206 1207
1208 1207 1209
1208 1209 1210
1208 1210 1211
1210 1212 1211
1210 1213 1212
1213 1214 1212
1213 1215 1214
1215 1216 1214
1217 1218 1219
1217 1220 1218
1221 1218 1220
1221 1220 1222
1223 1221 1222
1223 1222 1224
1225 1223 1224
1225 1224 1226
1227 1225 1226
1227 1226 1228
1228 1229 1227
1228 1230 1229
1230 1231 1229
1232 1233 1234
1232 1234 1235
1236 1237 1238
1236 1238 1239
1238 1240 1239
1238 1241 1240
1241 1242 1240
1241 1243 1242
1244 1242 1243
1244 1243 1245
1246 1244 1245
1246 1247 1244
1248 1247 1246
1248 1249 1247
1250 1249 1248
1250 1251 1249
1250 1252 1251
1250 1253 1252
1253 1254 1252
1253 1255 1254
1255 1256 1254
1255 1257 1256
1257 1258 1256
1257 1259 1258
1259 1260 1258
1259 1261 1260
1261 1262 1260
1261 1263 1262
1263 1264 1262
1263 1265 1264
1265 1266 1264
1265 1267 1266
1267 1268 1266
1267 1269 1268
1269 1270 1268
1269 1271 1270
1272 1270 1271
1272 1273 1270
1274 1275 1276
1274 1276 1277
1278 1274 1277
1278 1279 1274
1280 1279 1278
1280 1281 1279
1282 1281 1280
1282 1280 1283
1284 1282 1283
1284 1283 1285
1284 1285 1286
1284 1286 1287
1287 1286 1288
1287 1288 1289
1290 1289 1288
1290 1291 1289
1292 1291 1290
1292 1293 1291
1294 1293 1292
1294 1295 1293
1296 1295 1294
1296 1297 1295
1298 1297 1296
1298 1299 1297
1300 1299 1298
1300 1301 1299
1302 1301 1300
1302 1300 1303
1304 1302 1303
1304 1303 1305
1306 1304 1305
1306 1307 1304
1308 1307 1306
1308 1309 1307
1309 1308 1310
1309 1310 1311
1312 1313 1314
1312 1314 1315
1316 1317 1318
1316 1318 1319
1320 1321 1322
1320 1323 1321
1323 1324 1321
1323 1325 1324
1325 1326 1324
1325 1327 1326
1326 1327 1328
1326 1328 1329
1329 1328 1330
1329 1330 1331
1330 1332 1331
1330 1333 1332
1333 1334 1332
1333 1335 1334
1336 1334 1335
1336 1335 1337
1338 1336 1337
1338 1337 1339
1340 1338 1339
1340 1339 1341
1342 1340 1341
1342 1341 1343
1344 1342 1343
1344 1343 1345
1346 1344 1345
1346 1345 1347
1347 1348 1346
1347 1349 1348
1349 1350 1348
1349 1351 1350
1350 1351 1352
1350 1352 1353
1352 1354 1353
1352 1355 1354
1356 1354 1355
1356 1357 1354
1358 1359 1360
1358 1360 1361
1362 1363 1364
1362 1364 1365
1366 1365 1364
1366 1364 1367
1368 1366 1367
1368 1369 1366
1370 1369 1368
1370 1368 1371
1372 1370 1371
1372 1371 1373
1372 1373 1374
1372 1374 1375
1374 1376 1375
1374 1377 1376
1377 1378 1376
1377 1379 1378
1379 1380 1378
1379 1381 1380
1382 1380 1381
1382 1381 1383
1384 1382 1383
1384 1383 1385
1385 1386 1384
1385 1387 1386
1387 1388 1386
1387 1389 1388
1390 1388 1389
1390 1389 1391
1392 1390 1391
1392 1391 1393
1394 1392 1393
1394 1393 1395
1396 1394 1395
1396 1397 1394
1397 1396 1398
1397 1398 1399
1400 1401 1402
1400 1402 1403
1404 1405 1406
1404 1406 1407
1406 1408 1407
1406 1409 1408
1410 1411 1412
1410 1412 1413
1410 1413 1414
1410 1414 1415
1416 1417 1418
1416 1418 1419
1420 1421 1422
1420 1422 1423
1424 1425 1426
1424 1426 1427
1428 1429 1430
1428 1430 1431
1432 1433 1434
1432 1434 1435
1436 1437 1438
1436 1438 1439
1440 1441 1442
1440 1443 1441
1441 1443 1444
1441 1444 1445
1444 1446 1445
1444 1447 1446
1447 1448 1446
1447 1449 1448
1449 1450 1448
1449 1451 1450
1451 1452 1450
1451 1453 1452
1453 1454 1452
1453 1455 1454
1455 1456 1454
1455 1457 1456
1457 1458 1456
1457 1459 1458
1459 1460 1458
1459 1461 1460
1462 1460 1461
1462 1463 1460
1464 1463 1462
1464 1465 1463
1466 1465 1464
1466 1467 1465
1468 1467 1466
1468 1469 1467
1469 1468 1470
1469 1470 1471
1470 1472 1471
1470 1473 1472
1474 1475 1476
1474 1477 1475
1478 1475 1477
1478 1477 1479
1480 1478 1479
1480 1479 1481
1482 1480 1481
1482 1481 1483
1482 1483 1484
1482 1484 1485
1485 1484 1486
1485 1486 1487
1487 1486 1488
1487 1488 1489
1489 1488 1490
1489 1490 1491
1491 1490 1492
1491 1492 1493
1493 1492 1494
1493 1494 1495
1496 1495 1494
1496 1494 1497
1498 1496 1497
1498 1499 1496
1498 1500 1499
1498 1501 1500
1501 1502 1500
1501 1503 1502
1502 1503 1504
1502 1504 1505
1504 1506 1505
1504 1507 1506
1508 1509 1510
1508 1511 1509
1512 1511 1508
1512 1508 1513
1514 1512 1513
1514 1513 1515
1516 1514 1515
1516 1517 1514
1518 1517 1516
1518 1516 1519
1520 1518 1519
1520 1521 1518
1522 1521 1520
1522 1520 1523
1524 1522 1523
1524 1525 1522
1526 1525 1524
1526 1524 1527
1528 1526 1527
1528 1529 1526
1529 1528 1530
1529 1530 1531
1531 1530 1532
1531 1532 1533
1534 1533 1532
1534 1532 1535
1536 1534 1535
1536 1537 1534
1538 1537 1536
1538 1539 1537
1540 1539 1538
1540 1541 1539
1542 1543 1544
1542 1545 1543
1545 1546 1543
1545 1547 1546
1547 1548 1546
1547 1549 1548
1549 1550 1548
1549 1551 1550
1551 1552 1550
1551 1553 1552
1553 1554 1552
1553 1555 1554
1556 1554 1555
1556 1555 1557
1558 1556 1557
1558 1557 1559
1560 1558 1559
1560 1559 1561
1562 1560 1561
1562 1561 1563
1564 1562 1563
1564 1563 1565
1566 1564 1565
1566 1565 1567
1568 1566 1567
1568 1567 1569
1570 1568 1569
1570 1569 1571
1572 1570 1571
1572 1571 1573
1573 1574 1572
1573 1575 1574
1576 1577 1578
1576 1578 1579
1580 1581 1582
1580 1582 1583
1584 1585 1586
1584 1586 1587
1588 1589 1590
1588 1590 1591
1592 1593 1594
1592 1594 1595
1596 1597 1598
1596 1598 1599
1600 1601 1602
1600 1602 1603
1604 1605 1606
1604 1606 1607
1608 1609 1610
1608 1610 1611
1612 1613 1614
1612 1614 1615
1616 1617 1618
1616 1618 1619
1620 1621 1622
1620 1622 1623
1624 1625 1626
1627 1625 1624
1627 1628 1625
1629 1628 1627
1629 1630 1628
1631 1630 1629
1631 1632 1630
1633 1632 1631
1633 1634 1632
1633 1635 1634
1633 1636 1635
1636 1637 1635
1636 1638 1637
1637 1638 1639
1637 1639 1640
1640 1639 1641
1640 1641 1642
1641 1643 1642
1641 1644 1643
1643 1644 1645
1643 1645 1646
1646 1645 1647
1648 1649 1650
1648 1651 1649
1648 1652 1651
1648 1653 1652
1653 1654 1652
1653 1655 1654
1654 1655 1656
1654 1656 1657
1656 1658 1657
1656 1659 1658
1659 1660 1658
1659 1661 1660
1661 1662 1660
1661 1663 1662
1663 1664 1662
1663 1665 1664
1665 1666 1664
1665 1667 1666
1667 1668 1666
1667 1669 1668
1669 1670 1668
1669 1671 1670
1671 1672 1670
1671 1673 1672
1674 1672 1673
1674 1675 1672
1674 1676 1675
1674 1677 1676
1677 1678 1676
1677 1679 1678
1678 1679 1680
1678 1680 1681
1680 1682 1681
1680 1683 1682
1683 1684 1682
1683 1685 1684
1685 1686 1684
1685 1687 1686
1687 1688 1686
1687 1689 1688
1689 1690 1688
1689 1691 1690
1691 1692 1690
1691 1693 1692
1693 1694 1692
1693 1695 1694
1695 1696 1694
1695 1697 1696
1698 1699 1700
1701 1698 1700
1701 1700 1702
1703 1701 1702
1703 1704 1701
1705 1704 1703
1705 1706 1704
1707 1706 1705
1707 1708 1706
1709 1708 1707
1709 1707 1710
1711 1709 1710
1711 1710 1712
1711 1712 1713
1711 1713 1714
1713 1715 1714
1713 1716 1715
1716 1717 1715
1716 1718 1717
1718 1719 1717
1718 1720 1719
1720 1721 1719
1722 1723 1724
1725 1722 1724
1725 1724 1726
1727 1725 1726
1727 1726 1728
1729 1727 1728
1729 1728 1730
1731 1729 1730
1731 1730 1732
1731 1732 1733
1731 1733 1734
1734 1733 1735
1734 1735 1736
1735 1737 1736
1735 1738 1737
1738 1739 1737
1738 1740 1739
1740 1741 1739
1740 1742 1741
1742 1743 1741
1742 1744 1743
1744 1745 1743
1746 1747 1748
1746 1748 1749
1746 1749 1750
1746 1750 1751
1751 1750 1752
1751 1752 1753
1752 1754 1753
1752 1755 1754
1754 1755 1756
1754 1756 1757
1756 1758 1757
1756 1759 1758
1758 1759 1760
1758 1760 1761
1761 1760 1762
1761 1762 1763
1763 1762 1764
1763 1764 1765
1765 1764 1766
1765 1766 1767
1767 1766 1768
1767 1768 1769
1768 1770 1769
1768 1771 1770
1772 1770 1771
1772 1771 1773
1772 1773 1774
1772 1774 1775
1775 1774 1776
1775 1776 1777
1776 1778 1777
1776 1779 1778
1778 1779 1780
1778 1780 1781
1780 1782 1781
1780 1783 1782
1782 1783 1784
1782 1784 1785
1785 1784 1786
1785 1786 1787
1787 1786 1788
1787 1788 1789
1789 1788 1790
1789 1790 1791
1791 1790 1792
1791 1792 1793
1792 1794 1793
1792 1795 1794
1796 1797 1798
1799 1796 1798
1799 1798 1800
1801 1799 1800
1801 1800 1802
1803 1801 1802
1803 1802 1804
1805 1803 1804
1805 1804 1806
1805 1806 1807
1805 1807 1808
1808 1807 1809
1808 1809 1810
1809 1811 1810
1809 1812 1811
1812 1813 1811
1812 1814 1813
1814 1815 1813
1814 1816 1815
1816 1817 1815
1816 1818 1817
1818 1819 1817
1820 1821 1822
1820 1822 1823
1823 1822 1824
1823 1824 1825
1825 1824 1826
1825 1826 1827
1826 1828 1827
1826 1829 1828
1830 1831 1832
1830 1832 1833
1830 1833 1834
1830 1834 1835
1835 1834 1836
1835 1836 1837
1837 1836 1838
1837 1838 1839
1839 1838 1840
1839 1840 1841
1841 1840 1842
1841 1842 1843
1843 1842 1844
1843 1844 1845
1845 1844 1846
1845 1846 1847
1847 1846 1848
1847 1848 1849
1849 1848 1850
1849 1850 1851
1851 1850 1852
1851 1852 1853
1853 1852 1854
1853 1854 1855
1855 1854 1856
1855 1856 1857
1856 1858 1857
1856 1859 1858
1859 1860 1858
1859 1861 1860
1862 1863 1864
1862 1865 1863
1862 1866 1865
1866 1867 1865
1866 1868 1867
1862 1869 1866
1862 1870 1869
1870 1871 1869
1870 1872 1871
1872 1873 1871
1872 1874 1873
1874 1875 1873
1874 1876 1875
1876 1877 1875
1876 1878 1877
1878 1879 1877
1878 1880 1879
1881 1882 1883
1881 1883 1884
1885 1881 1884
1885 1884 1886
1887 1885 1886
1887 1886 1888
1889 1887 1888
1889 1888 1890
1891 1889 1890
1891 1890 1892
1893 1891 1892
1893 1894 1891
1893 1895 1894
1893 1896 1895
1893 1897 1896
1895 1898 1894
1898 1899 1894
1900 1901 1902
1900 1903 1901
1903 1904 1901
1903 1905 1904
1905 1906 1904
1905 1907 1906
1906 1907 1908
1906 1908 1909
1910 1911 1912
1910 1913 1911
1910 1914 1913
1910 1915 1914
1915 1916 1914
1915 1917 1916
1917 1918 1916
1917 1919 1918
1919 1920 1918
1919 1921 1920
1921 1922 1920
1921 1923 1922
1923 1924 1922
1923 1925 1924
1925 1926 1924
1925 1927 1926
1927 1928 1926
1927 1929 1928
1929 1930 1928
1929 1931 1930
1931 1932 1930
1931 1933 1932
1933 1934 1932
1933 1935 1934
1935 1936 1934
1935 1937 1936
1936 1937 1938
1936 1938 1939
1939 1938 1940
1939 1940 1941
1942 1943 1944
1942 1944 1945
1942 1945 1946
1946 1945 1947
1946 1947 1948
1942 1946 1949
1942 1949 1950
1950 1949 1951
1950 1951 1952
1952 1951 1953
1952 1953 1954
1954 1953 1955
1954 1955 1956
1956 1955 1957
1956 1957 1958
1958 1957 1959
1958 1959 1960
1961 1962 1963
1961 1964 1962
1965 1964 1961
1965 1966 1964
1967 1966 1965
1967 1968 1966
1969 1968 1967
1969 1970 1968
1971 1970 1969
1971 1972 1970
1973 1972 1971
1973 1971 1974
1973 1974 1975
1973 1975 1976
1973 1976 1977
1975 1974 1978
1978 1974 1979
1980 1981 1982
1980 1982 1983
1984 1980 1983
1984 1985 1980
1986 1985 1984
1986 1987 1985
1986 1988 1987
1986 1989 1988
1988 1989 1990
1988 1990 1991
1991 1990 1992
1991 1992 1993
1993 1992 1994
1993 1994 1995
1995 1994 1996
1995 1996 1997
1997 1996 1998
1997 1998 1999
1999 1998 2000
1999 2000 2001
2001 2000 2002
2001 2002 2003
2003 2002 2004
2003 2004 2005
2005 2004 2006
2005 2006 2007
2007 2006 2008
2007 2008 2009
2009 2008 2010
2009 2010 2011
2011 2010 2012
2011 2012 2013
2014 2013 2012
2014 2012 2015
2016 2014 2015
2016 2017 2014
2018 2017 2016
2018 2019 2017
2020 2019 2018
2020 2021 2019
2021 2020 2022
2021 2022 2023
2022 2024 2023
2022 2025 2024
2024 2025 2026
2024 2026 2027
2027 2026 2028
2027 2028 2029
2029 2028 2030
2029 2030 2031
2031 2030 2032
2031 2032 2033
2033 2032 2034
2033 2034 2035
2035 2034 2036
2035 2036 2037
2037 2036 2038
2037 2038 2039
2038 2040 2039
2038 2041 2040
2042 2043 2044
2045 2042 2044
2045 2044 2046
2047 2045 2046
2047 2046 2048
2049 2047 2048
2049 2048 2050
2051 2049 2050
2051 2050 2052
2053 2051 2052
2053 2052 2054
2055 2053 2054
2055 2056 2053
2057 2056 2055
2057 2058 2056
2059 2058 2057
2059 2060 2058
2059 2061 2060
2059 2062 2061
2061 2062 2063
2061 2063 2064
2063 2065 2064
2063 2066 2065
2066 2067 2065
2066 2068 2067
2068 2069 2067
2068 2070 2069
2070 2071 2069
2072 2073 2074
2075 2072 2074
2075 2074 2076
2077 2075 2076
2077 2076 2078
2079 2077 2078
2079 2080 2077
2079 2081 2080
2079 2082 2081
2082 2083 2081
2082 2084 2083
2084 2085 2083
2084 2086 2085
2085 2086 2087
2085 2087 2088
2088 2087 2089
2088 2089 2090
2090 2089 2091
2090 2091 2092
2091 2093 2092
2091 2094 2093
2094 2095 2093
2094 2096 2095
2096 2097 2095
2096 2098 2097
2098 2099 2097
2098 2100 2099
2100 2101 2099
2102 2103 2104
2102 2104 2105
2106 2102 2105
2106 2105 2107
2108 2106 2107
2108 2107 2109
2110 2108 2109
2110 2109 2111
2112 2110 2111
2112 2111 2113
2114 2112 2113
2114 2113 2115
2116 2114 2115
2116 2115 2117
2118 2116 2117
2118 2117 2119
2120 2118 2119
2120 2119 2121
2122 2120 2121
2122 2121 2123
2123 2124 2122
2123 2125 2124
2125 2126 2124
2125 2127 2126
2127 2128 2126
2127 2129 2128
2128 2129 2130
2128 2130 2131
2132 2131 2130
2132 2130 2133
2134 2132 2133
2134 2133 2135
2136 2134 2135
2136 2135 2137
2138 2136 2137
2138 2137 2139
2140 2138 2139
2140 2139 2141
2142 2140 2141
2142 2141 2143
2144 2142 2143
2144 2143 2145
2146 2144 2145
2146 2145 2147
2148 2146 2147
2148 2147 2149
2150 2148 2149
2150 2149 2151
2152 2150 2151
2152 2151 2153
2154 2152 2153
2154 2153 2155
2156 2154 2155
2156 2157 2154
2156 2158 2157
2156 2159 2158
2159 2160 2158
2159 2161 2160
2160 2161 2162
2160 2162 2163
2164 2165 2166
2167 2165 2164
2167 2168 2165
2169 2168 2167
2169 2170 2168
2171 2170 2169
2171 2172 2170
2173 2172 2171
2173 2174 2172
2175 2174 2173
2175 2176 2174
2177 2176 2175
2177 2175 2178
2179 2177 2178
2179 2178 2180
2181 2179 2180
2181 2180 2182
2181 2182 2183
2181 2183 2184
2183 2185 2184
2183 2186 2185
2186 2187 2185
2186 2188 2187
2187 2188 2189
2187 2189 2190
2190 2189 2191
2190 2191 2192
2192 2191 2193
2194 2195 2196
2197 2195 2194
2197 2198 2195
2199 2198 2197
2199 2200 2198
2201 2200 2199
2201 2199 2202
2201 2202 2203
2201 2203 2204
2204 2203 2205
2204 2205 2206
2206 2205 2207
2206 2207 2208
2207 2209 2208
2207 2210 2209
2210 2211 2209
2210 2212 2211
2212 2213 2211
2212 2214 2213
2213 2214 2215
2213 2215 2216
2215 2217 2216
2215 2218 2217
2217 2218 2219
2217 2219 2220
2220 2219 2221
2220 2221 2222
2222 2221 2223
2224 2225 2226
2227 2224 2226
2227 2226 2228
2229 2227 2228
2229 2228 2230
2231 2229 2230
2231 2230 2232
2233 2231 2232
2233 2232 2234
2235 2233 2234
2235 2234 2236
2237 2235 2236
2237 2238 2235
2239 2238 2237
2239 2237 2240
2241 2239 2240
2241 2240 2242
2243 2241 2242
2243 2242 2244
2245 2243 2244
2245 2244 2246
2247 2245 2246
2247 2246 2248
2249 2247 2248
2249 2250 2247
2249 2251 2250
2249 2252 2251
2252 2253 2251
2254 2255 2256
2257 2254 2256
2257 2256 2258
2259 2257 2258
2259 2258 2260
2261 2259 2260
2261 2260 2262
2263 2261 2262
2263 2262 2264
2265 2263 2264
2265 2264 2266
2266 2267 2265
2266 2268 2267
2269 2267 2268
2269 2268 2270
2271 2269 2270
2271 2270 2272
2273 2271 2272
2273 2272 2274
2275 2273 2274
2275 2274 2276
2277 2275 2276
2277 2276 2278
2279 2277 2278
2279 2278 2280
2279 2280 2281
2279 2281 2282
2282 2281 2283
2284 2285 2286
2284 2286 2287
2288 2284 2287
2288 2289 2284
2290 2289 2288
2290 2291 2289
2292 2291 2290
2292 2293 2291
2294 2293 2292
2294 2295 2293
2296 2295 2294
2296 2297 2295
2296 2298 2297
2296 2299 2298
2300 2298 2299
2300 2301 2298
2302 2301 2300
2302 2303 2301
2304 2303 2302
2304 2305 2303
2306 2305 2304
2306 2307 2305
2308 2307 2306
2308 2309 2307
2310 2309 2308
2310 2311 2309
2312 2311 2310
2312 2313 2311
2314 2313 2312
2314 2315 2313
2316 2315 2314
2316 2317 2315
2318 2317 2316
2318 2319 2317
2320 2319 2318
2320 2321 2319
2322 2321 2320
2322 2323 2321
2324 2323 2322
2324 2325 2323
2326 2325 2324
2326 2327 2325
2328 2327 2326
2328 2329 2327
2330 2329 2328
2330 2331 2329
2332 2331 2330
2332 2330 2333
2334 2332 2333
2334 2335 2332
2336 2335 2334
2336 2337 2335
2338 2337 2336
2338 2339 2337
2340 2339 2338
2340 2341 2339
2342 2341 2340
2342 2340 2343
2344 2342 2343
2344 2345 2342
2346 2347 2348
2349 2347 2346
2349 2350 2347
2351 2350 2349
2351 2352 2350
2353 2352 2351
2353 2354 2352
2355 2354 2353
2355 2356 2354
2357 2356 2355
2357 2358 2356
2359 2358 2357
2359 2357 2360
2361 2359 2360
2361 2362 2359
2363 2362 2361
2363 2364 2362
2365 2364 2363
2365 2366 2364
2367 2366 2365
2367 2368 2366
2369 2368 2367
2369 2370 2368
2371 2370 2369
2371 2369 2372
2371 2372 2373
2371 2373 2374
2374 2373 2375
2376 2377 2378
2379 2377 2376
2379 2380 2377
2381 2380 2379
2381 2382 2380
2383 2382 2381
2383 2384 2382
2385 2384 2383
2385 2386 2384
2387 2386 2385
2387 2388 2386
2388 2387 2389
2388 2389 2390
2391 2390 2389
2391 2392 2390
2393 2392 2391
2393 2394 2392
2395 2394 2393
2395 2396 2394
2397 2396 2395
2397 2398 2396
2399 2398 2397
2399 2400 2398
2401 2400 2399
2401 2402 2400
2401 2403 2402
2401 2404 2403
2404 2405 2403
2406 2407 2408
2406 2409 2407
2410 2409 2406
2410 2406 2411
2412 2410 2411
2412 2411 2413
2414 2412 2413
2414 2413 2415
2416 2414 2415
2416 2415 2417
2418 2416 2417
2418 2417 2419
2418 2419 2420
2418 2420 2421
2422 2421 2420
2422 2420 2423
2424 2422 2423
2424 2423 2425
2426 2424 2425
2426 2425 2427
2428 2426 2427
2428 2427 2429
2430 2428 2429
2430 2429 2431
2432 2430 2431
2432 2431 2433
2434 2432 2433
2434 2433 2435
2436 2434 2435
2436 2435 2437
2438 2436 2437
2438 2437 2439
2440 2438 2439
2440 2439 2441
2442 2440 2441
2442 2441 2443
2444 2442 2443
2444 2443 2445
2446 2444 2445
2446 2445 2447
2448 2446 2447
2448 2447 2449
2450 2448 2449
2450 2449 2451
2452 2450 2451
2452 2451 2453
2454 2452 2453
2454 2455 2452
2456 2455 2454
2456 2454 2457
2458 2456 2457
2458 2457 2459
2460 2458 2459
2460 2459 2461
2462 2460 2461
2462 2461 2463
2464 2462 2463
2464 2465 2462
2466 2465 2464
2466 2464 2467
