byte offset: 0
first index: 2268
index count: 7302
topology: trianglelist
format: DXGI_FORMAT_R16_UINT

594 595 596
597 598 599
600 601 602
602 603 604
602 605 606
602 607 605
608 607 602
608 609 607
610 611 607
610 607 612
612 607 613
612 613 614
615 616 612
615 612 617
618 617 612
618 619 617
620 621 617
620 622 621
623 617 621
623 624 617
625 626 617
627 628 621
621 629 630
621 631 629
632 631 621
632 621 633
631 634 635
631 635 636
636 637 631
636 638 637
639 638 636
639 636 640
640 636 641
640 641 642
643 638 639
643 644 638
637 645 646
637 646 647
648 649 638
648 638 650
651 652 653
654 655 656
657 658 659
660 661 662
663 660 664
663 665 660
666 660 665
667 660 666
667 668 660
667 666 669
667 669 670
666 665 671
666 671 672
666 672 673
671 665 674
665 675 674
665 676 675
671 674 677
677 678 671
677 679 678
679 677 680
677 674 681
682 681 674
682 674 683
677 681 684
684 685 677
684 686 685
687 684 681
688 684 687
688 689 684
687 681 690
691 690 681
691 681 692
687 690 693
693 694 687
693 695 694
696 697 698
697 699 700
697 701 699
702 703 701
702 701 704
705 706 707
708 706 709
706 710 711
706 712 710
713 712 706
713 714 712
715 716 712
715 712 717
718 717 712
718 719 717
717 720 721
717 721 722
723 717 722
723 724 717
722 725 726
722 726 727
728 722 727
728 727 729
727 730 731
727 731 732
732 733 727
734 733 735
736 732 737
736 737 738
736 739 732
740 732 739
740 739 741
742 740 743
741 744 745
741 745 746
747 748 749
749 750 751
749 751 752
753 754 749
753 749 755
756 749 757
756 757 758
759 756 760
759 760 761
761 762 759
763 764 765
766 767 768
769 770 771
772 773 774
775 776 777
778 779 780
780 781 782
780 782 783
784 785 786
787 788 789
790 791 792
793 794 795
796 797 798
797 799 800
797 800 801
802 803 804
805 806 807
808 809 807
808 807 810
807 811 812
807 812 813
814 813 812
814 812 815
807 813 816
816 813 817
816 817 818
807 816 819
807 819 820
820 819 821
822 819 816
822 823 819
822 816 824
822 824 825
826 812 827
826 828 812
829 812 828
829 828 830
831 830 828
831 828 832
833 832 828
831 834 830
831 835 834
830 836 837
830 837 815
838 839 840
822 841 840
822 840 842
843 822 842
843 842 844
845 842 840
845 840 846
845 846 847
845 848 842
848 849 842
848 850 849
848 845 851
851 845 852
851 852 853
848 851 854
855 848 854
855 854 856
854 851 857
857 851 858
857 858 859
854 857 860
861 854 860
861 860 862
863 860 857
864 863 857
864 865 863
863 866 860
866 863 867
860 866 868
860 868 869
863 870 871
872 866 873
874 875 842
876 877 878
879 880 881
882 883 884
885 883 886
885 886 887
888 889 890
891 890 892
890 893 894
890 894 895
896 890 897
896 897 898
899 900 901
902 903 904
905 906 907
908 909 910
911 912 909
909 913 914
909 914 915
916 909 915
916 917 909
918 919 915
918 915 920
920 915 921
920 921 922
920 923 924
920 924 925
925 924 926
925 926 927
928 920 925
928 925 927
928 929 920
928 927 930
931 930 927
931 927 932
932 933 931
927 934 932
927 935 934
932 936 933
932 937 936
933 938 939
933 939 940
940 941 933
942 933 941
942 943 933
943 942 944
943 944 945
942 946 944
942 947 946
947 942 941
948 945 944
949 948 944
949 944 950
948 951 945
945 951 952
953 952 951
953 954 952
951 948 955
951 955 953
948 956 955
948 957 956
958 953 955
959 958 955
959 955 960
958 961 953
961 962 953
961 963 962
964 961 958
965 964 958
965 958 966
964 967 961
967 968 961
967 969 968
964 970 967
967 970 971
967 971 972
964 973 970
974 973 964
974 975 973
973 976 970
977 978 973
970 979 980
981 982 940
983 940 984
983 984 985
983 986 940
940 986 941
987 941 986
947 941 987
987 986 988
989 947 987
989 987 990
983 991 986
991 983 992
993 992 983
993 994 992
991 992 995
995 996 991
986 991 996
996 997 986
996 998 997
999 987 1000
1001 1002 947
1001 947 1003
1004 948 1005
1006 1007 1008
1009 1010 1011
1012 1013 1014
1015 1016 1017
1018 1019 1020
1021 1022 1023
1024 1023 1025
1024 1025 1026
1027 1028 1024
1027 1024 1029
1029 1024 1030
1029 1030 1031
1032 1033 1024
1032 1024 1034
1035 1036 1029
1035 1029 1037
1038 1037 1029
1038 1039 1037
1040 1037 1041
1042 1037 1040
1042 1043 1037
1040 1044 1045
1040 1046 1047
1040 1047 1048
1049 1050 1040
1049 1040 1051
1040 1052 1051
1053 1049 1051
1053 1051 1054
1055 1051 1052
1055 1052 1056
1057 1058 1049
1059 1060 1051
1061 1062 1063
1064 1065 1066
1067 1068 1066
1067 1069 1068
1070 1071 1069
1070 1069 1072
1073 1074 1075
1076 1077 1078
1079 1080 1081
1082 1083 1084
1082 1085 1086
1082 1087 1088
1082 1089 1090
1091 1090 1092
1091 1092 1093
1094 1091 1093
1094 1095 1091
1094 1096 1095
1094 1097 1096
1094 1098 1097
1094 1093 1099
1098 1094 1100
1094 1099 1100
1101 1099 1093
1101 1093 1102
1103 1100 1099
1103 1099 1104
1098 1100 1105
1105 1106 1098
1107 1098 1106
1105 1108 1106
1109 1108 1105
1109 1110 1108
1111 1105 1100
1111 1100 1112
1113 1100 1114
1115 1116 1117
1118 1119 1120
1121 1119 1122
1121 1122 1123
1124 1125 1126
1126 1127 1128
1126 1128 1129
1130 1131 1132
1133 1134 1135
1136 1137 1138
1139 1093 1140
1141 1093 1142
1143 1144 1145
1146 1144 1147
1146 1147 1148
1149 1150 1151
1152 1153 1154
1152 1155 1156
1152 1156 1157
1157 1158 1152
1157 1159 1158
1160 1161 1157
1160 1157 1162
1157 1163 1162
1157 1164 1163
1162 1163 1165
1162 1165 1166
1167 1162 1166
1167 1166 1168
1169 1170 1166
1171 1166 1172
1173 1174 1175
1176 1177 1174
1176 1178 1177
1176 1179 1178
1177 1180 1174
1177 1152 1180
1177 1181 1152
1177 1182 1181
1183 1176 1174
1183 1184 1176
1185 1176 1184
1185 1186 1176
1176 1186 1187
1176 1187 1188
1189 1185 1184
1189 1190 1185
1191 1174 1192
1191 1192 1193
1183 1194 1195
1183 1195 1196
1184 1197 1198
1184 1198 1199
1200 1201 1202
1203 1204 1205
1206 1207 1208
1207 1209 1210
1207 1211 1209
1209 1211 1212
1213 1209 1212
1214 1209 1213
1207 1215 1211
1216 1211 1215
1212 1211 1216
1217 1215 1207
1216 1215 1218
1217 1207 1219
1220 1217 1219
1220 1219 1221
1219 1207 1222
1219 1222 1223
1221 1219 1224
1221 1224 1225
1216 1226 1212
1212 1226 1227
1216 1228 1226
1212 1227 1213
1229 1228 1216
1229 1230 1228
1218 1229 1216
1230 1229 1231
1231 1229 1218
1230 1231 1232
1231 1218 1233
1231 1234 1232
1233 1234 1231
1235 1213 1227
1235 1227 1236
1213 1235 1237
1213 1238 1239
1240 1241 1242
1242 1243 1244
1242 1245 1246
1242 1247 1245
1248 1247 1242
1248 1249 1247
1247 1250 1251
1247 1252 1250
1253 1252 1247
1253 1254 1252
1252 1255 1256
1252 1221 1255
1257 1221 1252
1257 1258 1221
1259 1260 1261
1262 1263 1264
1265 1264 1266
1267 1264 1268
1269 1268 1264
1269 1264 1270
1271 1270 1264
1271 1264 1272
1271 1273 1270
1271 1274 1273
1274 1275 1273
1276 1273 1275
1277 1274 1271
1277 1271 1278
1279 1274 1277
1279 1275 1274
1280 1279 1277
1280 1277 1281
1275 1279 1282
1279 1283 1282
1279 1280 1283
1280 1284 1283
1275 1282 1285
1280 1286 1284
1286 1280 1287
1286 1287 1288
1280 1289 1287
1290 1275 1285
1290 1285 1291
1276 1275 1290
1292 1290 1291
1292 1276 1290
1292 1291 1293
1292 1294 1276
1292 1293 1295
1294 1292 1295
1296 1297 1298
1299 1300 1301
1302 1303 1300
1304 1300 1305
1306 1307 1300
1306 1308 1307
1306 1300 1309
1306 1309 1310
1306 1311 1312
1306 1313 1311
1314 1313 1306
1314 1315 1313
1313 1316 1317
1313 1318 1316
1319 1318 1313
1320 1321 1319
1322 1323 1318
1318 1324 1325
1318 1326 1324
1327 1326 1318
1327 1318 1328
1326 1329 1330
1326 1331 1329
1326 1332 1331
1326 1333 1332
1334 1331 1335
1334 1336 1331
1337 1336 1334
1331 1336 1338
1331 1338 1339
1336 1340 1338
1336 1341 1340
1342 1338 1340
1342 1340 1343
1344 1338 1342
1344 1345 1338
1346 1339 1344
1346 1344 1347
1344 1342 1348
1344 1348 1349
1350 1347 1344
1350 1351 1347
1352 1353 1342
1342 1354 1355
1356 1357 1347
1356 1347 1358
1358 1347 1359
1358 1359 1360
1361 1362 1358
1361 1358 1363
1363 1358 1364
1363 1364 1365
1366 1367 1363
1363 1368 1369
1370 1371 1372
1373 1374 1375
1376 1377 1378
1379 1378 1380
1379 1380 1381
1382 1378 1379
1382 1379 1383
1384 1378 1385
1386 1379 1387
1379 1388 1389
1379 1390 1388
1391 1390 1379
1391 1392 1390
1390 1393 1394
1390 1394 1395
1396 1397 1390
1396 1398 1397
1399 1400 1401
1402 1401 1403
1402 1403 1404
1405 1406 1407
1408 1409 1410
1410 1411 1412
1410 1413 1414
1410 1415 1413
1416 1415 1410
1416 1417 1415
1415 1418 1413
1415 1419 1418
1420 1419 1415
1420 1421 1419
1422 1423 1419
1422 1419 1424
1424 1419 1425
1424 1425 1426
1424 1427 1428
1424 1429 1427
1429 1424 1430
1429 1430 1431
1432 1433 1429
1432 1434 1433
1435 1429 1433
1435 1436 1429
1437 1436 1435
1438 1437 1435
1437 1439 1436
1438 1440 1437
1438 1334 1440
1438 1441 1334
1442 1334 1441
1443 1435 1433
1438 1435 1443
1444 1438 1443
1444 1445 1438
1444 1443 1446
1443 1433 1447
1447 1448 1443
1447 1449 1448
1450 1449 1447
1450 1447 1451
1452 1447 1433
1452 1433 1453
1438 1454 1455
1456 1457 1458
1459 1460 1461
1462 1463 1464
1465 1466 1467
1468 1469 1470
1471 1472 1473
1474 1475 1476
1477 1478 1479
1480 1481 1482
1483 1484 1485
1486 1484 1487
1484 1488 1489
1484 1490 1488
1491 1490 1484
1491 1484 1492
1493 1494 1490
1493 1495 1494
1496 1493 1490
1496 1497 1493
1498 1493 1499
1498 1500 1493
1500 1501 1493
1500 1502 1501
1500 1503 1504
1500 1504 1505
1505 1506 1500
1505 1507 1506
1508 1509 1505
1510 1511 1505
1510 1505 1512
1513 1505 1514
1513 1514 1515
1516 1517 1518
1517 1519 1520
1517 1520 1521
1522 1517 1523
1522 1523 1524
1525 1517 1526
1525 1526 1527
1528 1529 1530
1531 1532 1529
1533 1529 1534
1533 1535 1529
1529 1535 1536
1529 1536 1537
1538 1539 1535
1538 1535 1540
1540 1535 1541
1540 1541 1542
1540 1543 1544
1540 1545 1543
1545 1540 1546
1545 1546 1547
1548 1545 1549
1550 1551 1545
1550 1545 1552
1552 1545 1553
1554 1555 1552
1552 1556 1557
1552 1557 1558
1559 1560 1561
1562 1559 1563
1563 1559 1564
1565 1566 1563
1563 1567 1568
1569 1570 1563
1571 1572 1559
1571 1573 1572
1574 1571 1559
1574 1575 1571
1576 1577 1571
1576 1578 1577
1576 1571 1579
1576 1579 1580
1581 1582 1576
1576 1583 1584
1585 1586 1587
1588 1589 1590
1590 1591 1592
1593 1594 1590
1595 1590 1596
1595 1597 1590
1597 1598 1590
1597 1599 1598
1598 1599 1600
1598 1600 1601
1597 1602 1599
1599 1602 1603
1599 1603 1604
1597 1605 1602
1606 1605 1597
1606 1597 1607
1608 1602 1605
1609 1602 1608
1609 1608 1610
1608 1605 1611
1612 1611 1605
1608 1611 1613
1614 1613 1611
1614 1611 1615
1608 1613 1616
1617 1608 1616
1617 1616 1618
1619 1616 1613
1620 1621 1616
1622 1613 1623
1624 1625 1626
1627 1625 1628
1629 1625 1630
1625 1629 1631
1632 1633 1625
1632 1634 1633
1629 1635 1636
1636 1637 1629
1636 1638 1637
1638 1636 1639
1638 1639 1640
1636 1641 1639
1639 1642 1643
1644 1645 1629
1644 1646 1645
1647 1639 1648
1647 1649 1639
1649 1650 1639
1649 1651 1650
1652 1653 1649
1653 1654 1649
1655 1653 1656
1657 1658 1653
1653 1659 1660
1661 1662 1663
1664 1665 1666
1667 1668 1669
1670 1668 1671
1670 1672 1668
1673 1668 1672
1673 1674 1668
1675 1668 1674
1676 1674 1673
1676 1673 1677
1675 1674 1678
1678 1679 1675
1680 1679 1678
1681 1678 1674
1681 1674 1682
1672 1683 1673
1684 1683 1672
1684 1672 1685
1673 1683 1686
1673 1686 1687
1688 1678 1689
1690 1683 1691
1692 1693 1683
1694 1695 1696
1697 1698 1699
1700 1701 1702
1703 1704 1705
1706 1707 1708
1709 1710 1711
1710 1712 1713
1710 1714 1715
1710 1716 1714
1717 1716 1710
1717 1718 1716
1716 1719 1720
1716 1721 1719
1722 1721 1716
1722 1723 1721
1721 1724 1725
1721 1726 1724
1727 1726 1721
1727 1728 1726
1726 1729 1730
1726 1730 1268
1731 1726 1268
1731 1268 1732
1733 1734 1735
1736 1737 1738
1739 1740 1738
1739 1738 1741
1742 1743 1738
1742 1744 1743
1743 1745 1738
1743 1746 1745
1743 1747 1748
1743 1748 1749
1750 1751 1743
1750 1752 1751
1753 1754 1755
1756 1757 1758
1759 1760 1761
1762 1763 1764
1765 1766 1767
1768 1766 1769
1770 1771 1772
1773 1774 1775
1774 1776 1777
1774 1778 1776
1778 1774 1779
1774 1780 1779
1774 1781 1780
1779 1780 1782
1779 1782 1783
1778 1779 1784
1784 1779 1785
1784 1785 1786
1787 1778 1784
1778 1787 1788
1778 1788 1789
1787 1784 1790
1784 1791 1790
1784 1792 1791
1787 1790 1793
1794 1793 1790
1794 1790 1795
1787 1793 1796
1797 1796 1793
1798 1787 1796
1798 1796 1799
1797 1800 1796
1797 1801 1800
1797 1793 1802
1793 1803 1802
1793 1804 1803
1802 1803 1805
1802 1805 1806
1806 1797 1802
1806 1807 1797
1808 1797 1807
1808 1809 1797
1808 1807 1810
1780 1811 1812
1813 1814 1780
1815 1816 1817
1818 1816 1819
1818 1820 1816
1820 1821 1816
1816 1821 1822
1820 1823 1821
1821 1823 1824
1821 1824 1825
1826 1823 1820
1827 1826 1820
1827 1820 1828
1826 1829 1823
1823 1829 1830
1823 1830 1831
1826 1832 1829
1829 1832 1833
1829 1833 1834
1826 1835 1832
1836 1835 1826
1836 1837 1835
1838 1832 1835
1832 1838 1839
1832 1839 1840
1838 1835 1841
1841 1835 1842
1841 1842 1843
1844 1838 1841
1844 1841 1843
1844 1845 1838
1844 1843 1846
1847 1844 1846
1848 1844 1847
1848 1849 1844
1847 1850 1848
1847 1851 1850
1852 1851 1847
1852 1847 1853
1847 1846 1853
1852 1853 1854
1855 1854 1853
1856 1855 1853
1853 1846 1856
1856 1857 1855
1858 1857 1856
1846 1843 1859
1846 1859 1856
1858 1856 1860
1859 1860 1856
1860 1861 1858
1860 1862 1861
1843 1863 1859
1843 1864 1863
1859 1865 1860
1863 1865 1859
1865 1866 1860
1865 1867 1866
1863 1868 1865
1869 1865 1870
1869 1870 1871
1863 1872 1873
1863 1873 1874
1875 1863 1874
1875 1874 1876
1877 1874 1878
1877 1879 1874
1879 1880 1874
1879 1881 1880
1882 1879 1883
1882 1884 1879
1885 1879 1884
1885 1884 1886
1887 1884 1888
1887 1889 1884
1890 1884 1889
1890 1889 1891
1892 1889 1893
1894 1895 1889
1896 1897 1821
1838 1898 1899
1838 1900 1901
1902 1903 1904
1905 1906 1907
1908 1909 1910
1911 1912 1913
1914 1915 1916
1917 1918 1919
1920 1921 1922
1923 1924 1925
1926 1927 1928
1929 1930 1931
1932 1933 1934
1933 1935 1936
1937 1938 1933
1937 1933 1939
1939 1933 1940
1939 1940 1941
1939 1942 1943
1939 1944 1942
1939 1945 1944
1939 1946 1945
1947 1948 1944
1947 1944 1949
1950 1949 1944
1950 1944 1951
1952 1949 1950
1952 1953 1949
1953 1954 1949
1953 1955 1954
1956 1952 1950
1956 1950 1957
1957 1950 1958
1957 1959 1956
1957 1958 1960
1961 1957 1960
1962 1952 1956
1963 1962 1956
1963 1956 1964
1962 1965 1952
1965 1953 1952
1965 1966 1953
1966 1967 1953
1967 1968 1953
1967 1969 1968
1970 1971 1957
1972 1960 1973
1972 1974 1960
1974 1975 1960
1974 1976 1975
1977 1974 1978
1977 1979 1974
1979 1980 1974
1979 1981 1980
1982 1979 1983
1982 1984 1979
1984 1985 1979
1984 1986 1985
1987 1984 1988
1987 1988 1989
1990 1988 1984
1990 1991 1988
1988 1992 1993
1994 1995 1988
1996 1997 1998
1999 1996 2000
1999 2001 1996
1996 2001 2002
1996 2002 2003
2004 1996 2005
2004 2005 2006
2007 2004 2008
2007 2008 2009
2001 2010 2011
2001 2011 2012
2001 2012 2013
2001 2013 2014
2015 2007 2016
2015 2017 2007
2018 2007 2017
2018 2019 2007
2019 2018 2020
2021 2007 2019
2021 2022 2007
2019 2020 2023
2019 2023 2021
2020 2024 2023
2020 2025 2024
2026 2024 2025
2027 2021 2023
2028 2021 2027
2028 2027 2029
2027 2023 2030
2031 2023 2024
2031 2032 2023
2033 2031 2024
2033 2024 2034
2035 2024 2036
2037 2038 2027
2037 2027 2039
2039 2027 2040
2039 2040 2041
2042 2039 2041
2042 2041 2043
2042 2044 2039
2042 2045 2044
2046 2047 2031
2046 2031 2048
2049 2050 2031
2050 2051 2031
2050 2052 2051
2053 2054 2050
2054 2055 2050
2054 2056 2055
2057 2054 2058
2059 2060 2054
2060 2061 2054
2060 2062 2061
2063 2060 2064
2065 2060 2066
2065 2067 2060
2067 2068 2060
2067 2069 2068
2070 2071 2067
2072 2067 2073
2074 2075 2076
2076 2077 2078
2012 2079 2076
2012 2080 2079
2012 2076 2081
2012 2081 2082
2083 2084 2085
2086 2087 2085
2088 2089 2085
2088 2090 2089
2091 2088 2085
2091 2092 2088
2093 2094 2088
2093 2095 2094
2096 2093 2088
2096 2097 2093
2093 2098 2099
2093 2099 2100
2100 2101 2093
2100 2102 2101
2100 2103 2104
2100 2104 2105
2105 2106 2100
2105 2107 2106
2108 2109 2105
2108 2110 2109
2111 2105 2112
2111 2112 2113
2114 2115 2116
2116 2117 2118
2116 2119 2120
2116 2120 2121
2116 2121 2122
2116 2122 2123
2124 2121 2125
2124 2042 2121
2121 2042 2126
2121 2126 2127
2128 2129 2130
2131 2132 2133
2134 2135 2136
2137 2138 2139
2140 2141 2142
2143 2144 2142
2145 2142 2146
2145 2147 2142
2148 2142 2147
2148 2149 2142
2150 2147 2151
2152 2147 2153
2152 2154 2147
2155 2147 2154
2156 2154 2157
2156 2158 2154
2159 2154 2158
2159 2160 2154
2161 2158 2162
2163 2164 2158
2165 2158 2164
2165 2164 2166
2167 2168 2169
2170 2171 2167
2170 2167 2172
2173 2174 2175
2176 2177 2178
2179 2180 2181
2182 2183 2184
2185 2184 2186
2187 2188 2184
2187 2189 2188
2190 2184 2188
2190 2188 2191
2192 2193 2188
2192 2194 2193
2195 2188 2193
2195 2193 2196
2197 2193 2198
2198 2193 2199
2198 2199 2200
2197 2198 2201
2201 2198 2202
2201 2202 2203
2204 2205 2198
2204 2206 2205
2207 2208 2209
2210 2211 2207
2210 2207 2212
2213 2214 2210
2213 2215 2214
2216 2217 2218
2219 2220 2221
2222 2223 2224
2225 2226 2227
2226 2228 2229
2226 2229 2230
2231 2226 2232
2231 2232 2233
2234 2226 2235
2234 2235 2236
2237 2238 2239
2240 2241 2239
2240 2242 2241
2243 2244 2245
2246 2247 2248
2249 2250 2251
2252 2253 2254
2255 2253 2256
2255 2257 2253
2257 2258 2253
2257 2259 2258
2260 2257 2261
2260 2262 2257
2263 2253 2264
2263 2265 2253
2266 2253 2265
2266 2265 2267
2265 2268 2269
2265 2269 2270
2271 2265 2270
2271 2270 2272
2273 2274 2270
2273 2270 2275
2275 2270 2276
2275 2276 2277
2278 2273 2275
2278 2275 2279
2278 2279 2280
2281 2273 2278
2281 2282 2273
2283 2284 2278
2285 2278 2286
2287 2278 2288
2289 2290 2273
2289 2291 2290
2292 2293 2294
2294 2295 2296
2297 2298 2294
2297 2294 2299
2299 2294 2300
2299 2300 2301
2299 2302 2303
2299 2304 2302
2305 2304 2299
2305 2306 2304
2304 2307 2308
2304 2309 2307
2310 2309 2304
2310 2311 2309
2312 2313 2309
2312 2309 2314
2314 2309 2315
2314 2315 2316
2317 2314 2318
2318 2314 2319
2320 2318 2321
2322 2323 2314
2322 2324 2323
2318 2325 2326
2327 2325 2318
2327 2328 2325
2329 2325 2328
2329 2328 2330
2331 2332 2325
2331 2325 2333
2334 2328 2335
2334 2335 2336
2337 2335 2328
2337 2338 2335
2335 2339 2340
2335 2340 2341
2342 2335 2341
2342 2341 2343
2341 2344 2345
2341 2346 2347
2348 2349 2350
2351 2352 2353
2354 2355 2356
2357 2358 2359
2360 2361 2362
2363 2364 2365
2366 2367 2368
2369 2370 2366
2371 2366 2372
2373 2372 2366
2373 2374 2372
2375 2372 2376
2377 2378 2366
2377 2379 2378
2372 2380 2381
2372 2381 2382
2383 2384 2385
2386 2387 2388
2389 2390 2391
2392 2393 2394
2395 2396 2397
2397 2398 2399
2397 2400 2401
2402 2397 2403
2402 2404 2397
2405 2397 2404
2405 2404 2406
2404 2407 2408
2404 2409 2407
2409 2404 2410
2409 2410 2411
2409 2412 2413
2409 2414 2412
2414 2409 2415
2414 2415 2416
2417 2418 2414
2417 2414 2419
2419 2414 2420
2419 2420 2421
2422 2423 2419
2419 2424 2425
2426 2427 2428
2429 2430 2431
2432 2433 2434
2435 2436 2437
2438 2439 2440
2441 2442 2443
2444 2445 2446
2447 2448 2449
2450 2451 2449
2450 2449 2452
2453 2449 2454
2453 2454 2455
2453 2456 2449
2453 2457 2456
2453 2458 2459
2453 2459 2460
2461 2453 2460
2461 2460 2462
2459 2463 2460
2459 2464 2463
2463 2465 2460
2463 2466 2467
2468 2463 2469
2468 2470 2463
2470 2471 2463
2470 2472 2473
2474 2472 2470
2475 2474 2470
2475 2476 2474
2477 2472 2474
2477 2478 2472
2479 2480 2472
2481 2482 2472
2483 2484 2474
2483 2474 2485
2486 2487 2488
2489 2490 2491
2492 2493 2494
2495 2496 2497
2498 2499 2500
2501 2502 2503
2504 2505 2506
2507 2508 2509
2510 2511 2508
2508 2512 2513
2508 2514 2512
2515 2514 2508
2515 2508 2516
2514 2517 2518
2514 2519 2517
2520 2519 2514
2520 2521 2519
2519 2522 2523
2519 2524 2522
2525 2524 2519
2525 2526 2524
2527 2524 2528
2527 2528 2529
2530 2528 2524
2530 2531 2528
2532 2528 2533
2532 2534 2528
2535 2528 2534
2535 2534 2536
2537 2534 2538
2539 2534 2537
2539 2540 2534
2541 2534 2542
2541 2542 2543
2544 2545 2543
2543 2546 2547
2548 2549 2543
2550 2551 2552
2553 2554 2551
2553 2555 2554
2556 2557 2558
2559 2560 2561
2562 2563 2564
2565 2566 2563
2563 2566 2567
2568 2563 2569
2568 2569 2570
2569 2563 2571
2569 2571 2572
2573 2569 2574
2573 2574 2575
2574 2569 2576
2574 2576 2577
2574 2578 2579
2574 2579 2580
2581 2574 2580
2581 2580 2582
2583 2580 2584
2585 2586 2587
2586 2588 2589
2586 2589 2590
2586 2591 2592
2593 2591 2586
2593 2594 2591
2591 2595 2596
2597 2591 2598
2597 2599 2591
2591 2599 2600
2601 2602 2599
2601 2599 2603
2603 2599 2604
2603 2604 2605
2603 2606 2607
2603 2607 2608
2603 2608 2609
2603 2609 2610
2611 2612 2608
2611 2608 2613
2614 2615 2608
2614 2616 2615
2617 2618 2619
2620 2621 2622
2623 2624 2625
2626 2627 2628
2629 1271 2630
2631 2632 2633
2634 2635 2636
2637 2638 2639
2640 2637 2641
2642 2643 2637
2644 2642 2637
2645 2644 2637
2645 2646 2644
2644 2647 2642
2642 2647 2648
2642 2648 2649
2650 2647 2644
2647 2650 2651
2647 2651 2652
2650 2644 2653
2654 2653 2644
2654 2655 2653
2656 2650 2653
2653 2657 2656
2653 2658 2657
2656 2659 2650
2650 2659 2660
2650 2660 2661
2662 2659 2656
2663 2662 2656
2663 2664 2662
2662 2665 2659
2665 2666 2659
2667 2665 2662
2667 2662 2668
2667 2668 2669
2667 2670 2665
2665 2670 2671
2665 2671 2672
2673 2670 2667
2667 2674 2673
2667 2675 2674
2673 2676 2670
2676 2677 2670
2676 2678 2677
2679 2676 2673
2679 2673 2680
2679 2680 2681
2679 2682 2676
2682 2683 2676
2682 2684 2683
2685 2682 2679
2685 2679 2686
2685 2686 2687
2685 2688 2682
2689 2688 2685
2688 2690 2682
2688 2691 2690
2689 2685 2692
2689 2692 2693
2689 2694 2688
2694 2695 2688
2696 2694 2689
2696 2697 2694
2696 2698 2697
2696 2689 2699
2689 2700 2699
2689 2701 2700
2696 2699 2702
2696 2702 2703
2699 2704 2702
2699 2705 2704
2688 2706 2707
2708 2702 2709
2710 2711 2696
2710 2712 2711
2713 2702 2714
2714 2702 2715
2716 2714 2717
2665 2718 2719
2720 2721 2722
2723 2724 2725
2725 2726 2727
2725 2727 2728
2725 2728 2729
2730 2729 2728
2727 2731 2728
2731 2732 2728
2733 2725 2729
2733 2734 2725
2733 2735 2734
2733 2729 2736
2737 2736 2729
2738 2733 2736
2738 2739 2733
2727 2740 2731
2740 2741 2731
2727 2742 2740
2741 2743 2731
2738 2736 2744
2745 2744 2736
2740 2746 2741
2740 2747 2746
2748 2738 2744
2749 2738 2748
2749 2748 2750
2751 2741 2746
2746 2752 2751
2746 2753 2752
2748 2744 2754
2744 2755 2754
2744 2756 2755
2757 2748 2754
2758 2748 2757
2758 2759 2748
2757 2754 2760
2761 2760 2754
2762 2757 2760
2763 2757 2762
2763 2762 2764
2762 2760 2765
2760 2766 2765
2760 2767 2766
2768 2762 2765
2769 2762 2768
2769 2770 2762
2768 2765 2771
2772 2771 2765
2772 2773 2771
2768 2771 2774
2775 2776 2760
2777 2778 2768
2779 2768 2780
2781 2771 2782
2783 2784 2771
2785 2786 2731
2787 2788 2738
2789 2790 2736
2791 2792 2744
2793 2794 2729
2795 2796 2727
2797 2798 2741
2799 2800 2741
2799 2741 2801
2751 2801 2741
2802 2801 2751
2802 2751 2803
2751 2804 2803
2751 2805 2804
2806 2802 2803
2807 2801 2802
2808 2801 2807
2808 2809 2801
2810 2807 2802
2810 2802 2811
2812 2807 2813
2814 2807 2815
2806 2816 2817
2803 2816 2818
2816 2803 2819
2820 2816 2821
2822 2823 2820
2822 2824 2825
2826 2827 2822
2828 2822 2829
2830 2831 2828
2832 2833 2740
2834 2835 2836
2837 2838 2839
2840 2841 2839
2842 2839 2841
2842 2841 2843
2844 2839 2842
2844 2845 2839
2846 2839 2845
2847 2845 2848
2849 2850 2844
2849 2851 2850
2845 2852 2850
2845 2850 2853
2854 2842 2855
2854 2855 2856
2854 2857 2842
2854 2858 2857
2859 2860 2854
2859 2854 2861
2859 2861 2862
2859 2863 2864
2865 2866 2859
2867 2859 2868
2867 2869 2859
2867 2870 2871
2872 2873 2867
2872 2867 2874
2874 2867 2875
2874 2875 2876
2877 2874 2878
2879 2880 2874
2881 2882 2883
2884 2885 2886
2887 2885 2888
2889 2885 2890
2889 2891 2885
2892 2885 2891
2892 2893 2885
2894 2895 2891
2894 2891 2896
2897 2898 2891
2897 2899 2898
2900 2901 2902
2903 2904 2900
2905 2906 2900
2905 2900 2907
2900 2908 2907
2900 2909 2908
2907 2910 2911
2907 2912 2910
2913 2912 2907
2913 2914 2912
2912 2915 2916
2912 2917 2915
2918 2917 2912
2918 2919 2917
2917 2920 2921
2922 2923 2917
2917 2924 2925
2917 2925 2926
2927 2928 2929
2930 2931 2932
2933 2934 2931
2933 2935 2934
2936 2937 2938
2936 2939 2940
2941 2942 2943
2944 2945 2946
2947 2948 2949
2950 2951 2952
2953 2954 2955
2956 2953 2957
2956 2957 2958
2959 2960 2961
2962 2963 2964
2965 2966 2967
2968 2969 2970
2971 2972 2973
2973 2974 2975
2973 2975 2976
2977 2978 2979
2980 2981 2982
2983 2984 2985
2986 2987 2988
2989 2990 2987
2991 2987 2992
2991 2992 2993
2994 2992 2987
2994 2995 2992
2996 2997 2992
2998 2992 2999
3000 2992 3001
3000 3001 3002
3003 3004 3005
3006 3007 3008
3009 3010 3011
3012 3013 3014
3015 3016 3017
3018 3019 3020
3021 3022 3023
3024 3025 3021
3026 3021 3027
3028 3021 3026
3029 3021 3028
3029 3028 3030
3028 3026 3031
3026 3032 3031
3026 3033 3032
3034 3028 3031
3031 3035 3034
3031 3036 3035
3034 3037 3028
3038 3028 3037
3038 3037 3039
3040 3037 3034
3037 3040 3041
3037 3041 3042
3040 3034 3043
3034 3044 3043
3034 3045 3044
3046 3040 3043
3047 3040 3046
3047 3046 3048
3046 3043 3049
3049 3043 3050
3051 3046 3049
3051 3052 3046
3051 3053 3052
3051 3049 3054
3049 3055 3054
3049 3056 3055
3057 3051 3054
3051 3057 3058
3051 3058 3059
3057 3054 3060
3060 3054 3061
3060 3061 3062
3063 3057 3060
3063 3064 3057
3063 3065 3064
3063 3060 3066
3066 3060 3067
3066 3067 3068
3069 3063 3066
3069 3070 3063
3069 3071 3070
3069 3066 3072
3073 3069 3072
3072 3066 3074
3072 3074 3075
3073 3076 3069
3073 3077 3076
3073 3072 3078
3078 3072 3079
3080 3073 3078
3080 3078 3081
3080 3081 3082
3080 3083 3073
3073 3083 3084
3073 3084 3085
3080 3086 3083
3080 3087 3086
3083 3086 3088
3083 3088 3089
3072 3090 3091
3092 3093 3086
3094 3080 3095
3094 3095 3096
3097 3098 3086
3098 3099 3086
3100 3101 3098
3049 3102 3103
3104 3105 3106
3107 3108 3109
3108 3110 3111
3108 3112 3110
3108 3113 3112
3114 3112 3113
3110 3112 3115
3115 3112 3116
3117 3113 3108
3117 3108 3118
3117 3118 3119
3117 3120 3113
3121 3113 3120
3122 3120 3117
3122 3117 3123
3110 3115 3124
3124 3115 3125
3110 3124 3126
3125 3115 3127
3122 3128 3120
3129 3120 3128
3124 3125 3130
3124 3130 3131
3132 3128 3122
3133 3132 3122
3133 3134 3132
3135 3130 3125
3130 3135 3136
3130 3136 3137
3132 3138 3128
3128 3138 3139
3128 3139 3140
3141 3138 3132
3142 3141 3132
3142 3132 3143
3141 3144 3138
3145 3138 3144
3146 3144 3141
3147 3146 3141
3147 3148 3146
3146 3149 3144
3144 3149 3150
3144 3150 3151
3152 3149 3146
3153 3152 3146
3153 3146 3154
3152 3155 3149
3156 3149 3155
3156 3155 3157
3152 3158 3155
3159 3144 3160
3161 3152 3162
3163 3164 3152
3165 3166 3155
3167 3155 3168
3169 3115 3170
3171 3122 3172
3173 3120 3174
3175 3128 3176
3177 3113 3178
3179 3110 3180
3181 3125 3182
3183 3125 3184
3183 3185 3125
3135 3125 3185
3186 3135 3185
3186 3187 3135
3135 3187 3188
3135 3188 3189
3190 3187 3186
3191 3186 3185
3192 3191 3185
3192 3185 3193
3194 3186 3191
3194 3195 3186
3196 3197 3191
3198 3199 3191
3190 3200 3201
3187 3202 3201
3201 3203 3187
3204 3205 3201
3206 3204 3207
3206 3208 3209
3210 3206 3211
3212 3213 3206
3214 3212 3215
3216 3124 3217
3218 3219 3220
3221 3222 3223
3224 3222 3225
3226 3225 3222
3226 3227 3225
3228 3226 3222
3228 3222 3229
3230 3229 3222
3231 3232 3229
3233 3228 3234
3233 3234 3235
3229 3236 3234
3229 3234 3237
3238 3239 3226
3238 3240 3239
3238 3226 3241
3238 3241 3242
3243 3238 3244
3243 3245 3238
3243 3246 3245
3243 3247 3248
3249 3243 3250
3251 3252 3243
3251 3243 3253
3251 3254 3255
3256 3251 3257
3256 3258 3251
3258 3259 3251
3258 3260 3259
3261 3262 3258
3263 3258 3264
3265 3266 3267
3268 3269 3270
3271 3272 3270
3273 3274 3270
3273 3270 3275
3276 3275 3270
3276 3270 3277
3278 3279 3275
3278 3275 3280
3281 3275 3282
3281 3282 3283
3284 3285 3286
3287 3284 3288
3289 3284 3290
3289 3291 3284
3284 3291 3292
3284 3292 3293
3291 3294 3295
3291 3295 3296
3297 3291 3296
3297 3296 3298
3296 3299 3300
3296 3300 3301
3302 3296 3301
3302 3301 3303
3301 3304 3305
3306 3301 3307
3301 3308 3309
3301 3309 3310
3311 3312 3313
3314 3315 3316
3317 3316 3318
3317 3318 3319
3320 3321 3322
3320 3323 3324
3325 3326 3327
3328 3329 3330
3331 3332 3333
3334 3335 3336
3337 3338 3339
3340 3341 3337
3340 3342 3341
3343 3344 3345
3346 3347 3348
3349 3350 3351
3352 3353 3354
3355 3356 3357
3356 3358 3359
3356 3359 3360
3361 3362 3363
3364 3365 3366
3367 3368 3369
3370 3371 3372
3373 3372 3374
3375 3376 3372
3375 3377 3376
3378 3372 3376
3378 3376 3379
3380 3376 3381
3382 3383 3376
3384 3385 3376
3384 3386 3385
3387 3388 3389
3390 3391 3392
3393 3394 3395
3396 3397 3398
3399 3400 3401
3402 3403 3404
3405 3406 3407
3408 3409 3410
3408 3410 3411
3412 3413 3414
3412 3414 3415
3416 3417 3418
3416 3418 3419
3420 3421 3422
3420 3422 3423
3424 3425 3426
3424 3426 3427
3428 3429 3430
3428 3430 3431
3432 3433 3434
3432 3434 3435
3434 3436 3435
3437 3438 3439
3437 3439 3440
3441 3442 3443
3441 3443 3444
3445 3446 3447
3445 3447 3448
3449 3445 3450
3449 3450 3451
3452 3453 3454
3452 3454 3455
3456 3457 3458
3456 3458 3459
3460 3461 3462
3460 3462 3463
3464 3465 3466
3467 3466 3465
3467 3468 3466
3469 3470 3468
3469 3468 3471
3472 3473 3469
3472 3474 3473
3475 3476 3477
3475 3477 3478
667 3479 3480
667 3480 3481
3482 3483 3484
3482 3484 3485
3486 3487 3488
3486 3488 3489
3490 3491 3492
3490 3492 3493
3494 3495 3496
3494 3496 3497
3498 3499 3500
3498 3500 3501
3502 3503 3504
3502 3504 3505
3506 3507 3508
3506 3508 3509
3510 3511 3512
3510 3512 3513
3514 3515 3516
3514 3516 3517
3518 3519 3520
3518 3520 3521
3522 3523 3524
3522 3524 3525
3526 3527 3528
3526 3528 3529
3530 3531 3532
3530 3532 3533
3534 3535 3536
3534 3536 3537
3538 3539 3540
3538 3540 3541
3542 3543 3544
3542 3544 3545
3546 3547 3548
3546 3548 3549
3550 3551 3552
3550 3552 3553
3554 3555 3556
3554 3556 3557
3558 3559 3560
3558 3560 3561
3562 3563 3564
3562 3564 3565
3566 3567 3568
3566 3568 3569
3570 3571 3572
3570 3572 3573
3574 3575 3576
3574 3576 3577
3578 3579 3580
3578 3580 3581
3582 3583 3584
3582 3584 3585
3586 3587 3588
3586 3588 3589
3590 3591 3592
3590 3592 3593
3594 3595 3596
3594 3596 3597
3598 3599 3600
3598 3600 3601
3602 3603 3604
3602 3604 3605
3606 3607 3608
3606 3608 3609
3610 3611 3612
3610 3612 3613
3614 3615 3616
3614 3616 3617
3618 3619 3620
3618 3620 3621
3622 3623 3624
3622 3624 3625
3626 3627 3628
3626 3628 3629
3630 3631 3632
3630 3632 3633
3634 3635 3636
3634 3636 3637
3638 3639 3640
3638 3640 3641
3642 3643 3644
3642 3644 3645
3646 3647 3648
3646 3648 3649
3650 3651 3652
3650 3652 3653
3654 3655 3656
3654 3656 3657
3658 3659 3660
3658 3660 3661
3662 3663 3664
3662 3664 3665
3666 3667 3668
3666 3668 3669
3670 3671 3672
3670 3672 3673
3674 3675 3676
3674 3676 3677
3678 3679 3680
3678 3680 3681
3682 3683 3684
3682 3684 3685
3686 3687 3688
3686 3688 3689
3690 3691 3692
3690 3692 3693
3694 3695 3696
3694 3696 3697
3698 3699 3700
3698 3701 3699
3702 3703 3701
3702 3701 3704
3705 3706 3707
3705 3707 3708
3709 3710 3711
3709 3711 3712
3713 3714 3715
3713 3715 3716
3717 3718 3713
3717 3719 3718
3720 3721 3722
3720 3722 3723
3724 3725 3726
3724 3726 3727
3728 3729 3730
3728 3730 3731
3732 3733 3734
3732 3734 3735
3736 3737 3738
3736 3738 3739
3740 3741 3742
3740 3742 3743
3744 3745 3746
3744 3746 3747
3748 3749 3750
3748 3750 3751
3752 3753 3754
3752 3754 3755
3756 3757 3758
3756 3758 3759
1091 3760 3761
1091 3761 3762
3763 3764 3765
3763 3765 3766
3767 3768 3769
3767 3769 3770
3771 3772 3773
3771 3773 3774
3775 3776 3777
3775 3777 3778
3779 3780 3781
3779 3781 3782
3783 3784 3785
3783 3785 3786
3787 3788 3789
3787 1082 3788
3787 3790 1082
3787 3791 3790
3792 3791 3787
3792 3793 3791
3794 3787 3795
3794 3795 3796
3797 3798 3799
3797 3799 3800
3801 3802 3803
3801 3803 3804
3805 3806 3807
3805 3807 3808
3809 3810 3811
3809 3811 3812
3813 3814 3815
3813 3815 3816
3817 3818 3819
3817 3819 3820
3821 3822 3823
3821 1437 3822
3824 3825 3826
3824 3826 3827
3828 3829 3830
3828 3830 3831
3832 3833 3834
3832 3834 3835
3836 3837 3838
3836 3838 3839
3840 3841 3842
3840 3842 3843
3844 3845 3846
3844 3846 3847
3848 3849 3850
3848 3850 3851
3852 3853 3854
3852 3854 3855
3856 3857 3858
3856 3858 3859
3860 3861 3862
3860 3862 3863
3864 3865 3866
3864 3866 3867
3868 3869 3870
3868 3870 3871
3872 3873 3874
3872 3874 3875
3876 3877 3878
3876 3878 3879
3880 3881 3882
3880 3882 3883
3884 3885 3886
3884 3886 3887
3888 3889 3890
3888 3890 3891
3892 3893 3894
3892 3894 3895
3896 3897 3898
3896 3898 3899
3900 3901 3902
3900 3902 3903
3904 3905 3906
3904 3906 3907
3908 3907 3909
3908 3909 3910
3911 3912 3913
3911 3913 3914
3915 3916 3917
3915 3917 3918
3919 3920 3921
3919 3921 3922
3923 3924 3925
3923 3925 3926
3927 3928 3929
3927 3929 3930
3931 3932 3933
3931 3933 3934
3935 3936 3937
3935 3937 3938
3939 3940 3941
3939 3941 3942
3943 3944 3945
3943 3945 3946
3947 3948 3949
3947 3949 3950
3951 3952 3953
3951 3953 3954
3955 3956 3957
3955 3957 3958
3959 3960 3961
3959 3961 3962
3963 3964 3965
3963 3965 3966
3967 3968 3969
3967 3969 3970
3971 3972 3973
3971 3973 3974
3975 3976 3977
3975 3977 3978
3979 3980 3981
3979 3981 3982
3983 3984 3985
3983 3985 3986
3987 3988 3989
3987 3989 3990
3991 3992 3993
3991 3993 3994
3995 3996 3997
3997 3996 3998
3999 4000 4001
3999 4001 4002
4003 4004 4005
4003 4005 4006
4007 4008 4009
4007 4009 4010
4011 4012 4013
4011 4013 4014
4015 4016 4017
4015 4017 4018
4019 4020 4021
4019 4021 4022
4023 4024 4025
4023 4025 4026
4027 4028 4029
4027 4029 4030
4031 4032 4033
4031 4033 4034
4035 4036 4037
4035 4037 4038
4039 4040 4041
4039 4041 4042
4043 4044 4045
4043 4045 4046
4047 4048 4049
4047 4049 4050
4051 4052 4053
4051 4053 4054
4055 4056 4057
4055 4057 4058
4059 4060 4061
4059 4061 4062
4063 4064 4065
4063 4065 4066
4065 4067 4068
4065 4068 4069
4070 4071 4072
4070 4072 4073
4074 4075 4076
4074 4076 4077
4078 4079 4080
4078 4080 4081
4082 4083 4084
4082 4084 4085
4086 4087 4088
4086 4088 4089
4090 4091 4092
4090 4092 4093
4094 4095 4096
4094 4096 4097
4098 4099 4100
4098 4100 4101
4102 4103 4104
4102 4104 4105
4106 4107 4108
4106 4108 4109
4110 4111 4112
4110 4112 4113
4114 4115 4116
4114 4116 4117
4118 4119 4120
4118 4120 4121
4122 4123 4124
4122 4124 4125
4126 4127 4125
4126 4125 4128
4129 4130 4131
4129 4131 4132
4133 4134 4135
4133 4135 4136
4137 4138 4139
4137 4139 4140
4141 4142 4143
4141 4143 4144
4145 4146 4147
4145 4147 4148
4149 4150 4151
4149 1207 4150
4152 4153 4154
4152 4154 4155
4156 4157 4158
4156 4158 4159
4160 4161 4162
4160 4162 4163
4164 4165 4166
4164 4166 4167
4168 4169 4170
4168 4170 4171
4172 4173 4174
4172 4174 4175
4176 4177 4178
4176 4178 4179
4180 4181 4182
4180 4182 4183
4184 4185 4186
4184 4186 4187
4188 4189 4190
4188 4190 4191
4192 4193 4194
4192 4194 4195
4196 4197 4198
4196 4198 4199
4200 4201 4202
4200 4202 4203
4204 2642 4205
2642 4206 4205
4207 4208 4209
4207 4209 4210
4211 4212 4213
4211 4213 4214
4215 4211 4216
4215 4216 4217
4218 4219 4220
4218 4220 4221
4222 4223 4224
4222 4224 4225
4226 4227 4228
4226 4228 4229
4230 4231 4232
4230 4232 4233
4234 4235 4236
4234 4236 4237
4238 4239 4240
4238 4240 4241
4242 4243 4244
4242 4244 4245
4246 4247 4248
4246 4248 4249
4250 4251 4252
4250 4252 4253
4254 4255 4256
4254 4256 4257
4258 4259 4260
4258 4260 4261
4262 4263 4264
4262 4264 4265
4266 4267 4268
4266 4268 4269
4270 4271 4272
4270 4272 4273
4274 4275 4276
4274 4276 4277
4278 4279 4280
4280 4279 4281
4280 4281 4282
4283 4284 4285
4283 4285 4286
4287 4288 4289
4287 4289 4290
4291 4292 4293
4291 4293 4294
4295 4296 3026
3026 4296 4297
4298 4299 4300
4298 4300 4301
4302 4303 4304
4302 4304 4305
4306 4307 4302
4306 4308 4307
4309 4310 4311
4309 4311 4312
4313 4314 4315
4313 4315 4316
4317 4318 4319
4317 4319 4320
4321 4322 4323
4321 4323 4324
4325 4326 4327
4325 4327 4328
4329 4330 4331
4329 4331 4332
4333 4334 4335
4333 4335 4336
4337 4338 4339
4337 4339 4340
4341 4342 4343
4341 4343 4344
4345 4346 4347
4345 4347 4348
4349 4350 4351
4349 4351 4352
4353 4354 4355
4353 4355 4356
4357 4358 4359
4357 4359 4360
4361 4362 4363
4361 4363 4364
4365 4366 4367
4365 4367 4368
4369 4370 4371
4370 4372 4371
4370 4373 4372
4374 4375 4376
4374 4376 4377
4378 4379 4380
4378 4380 4381
4382 4383 4384
4382 4384 4385
4386 4387 4388
4386 4388 4389
4390 4391 4392
4390 4392 4393
4394 4395 4396
4394 4396 4397
4398 4399 4400
4398 4400 4401
4402 4403 4404
4402 4404 4405
4406 4407 4408
4406 4408 4409
