byte offset: 0
first index: 0
index count: 16650
topology: trianglelist
format: DXGI_FORMAT_R16_UINT

0 1 2
0 2 3
4 3 2
5 0 3
4 6 3
5 3 7
7 3 6
8 5 7
7 6 9
8 7 10
9 10 7
11 8 10
9 12 10
11 10 13
12 13 10
12 14 13
13 15 11
14 16 13
13 16 15
17 15 16
14 18 16
18 17 16
17 19 15
18 20 17
21 17 20
17 22 19
21 23 17
17 23 22
24 23 21
25 22 23
24 25 23
25 26 22
27 25 24
26 25 28
27 28 25
26 28 29
30 28 27
29 28 31
30 31 28
29 31 32
31 30 33
32 31 34
31 33 34
35 34 33
32 34 36
35 37 34
36 34 37
36 37 38
39 40 41
39 41 42
42 41 43
42 43 44
44 43 45
44 45 46
46 45 47
46 47 48
48 47 49
48 49 50
50 49 51
50 51 52
52 51 53
52 53 54
54 53 55
54 55 56
56 55 57
56 57 58
58 57 59
58 59 60
60 59 61
60 61 62
62 61 63
62 63 64
65 66 67
65 67 68
68 67 69
68 69 70
71 72 73
71 73 74
75 76 77
75 77 78
78 77 79
78 79 80
81 82 83
81 83 84
85 81 84
85 84 86
87 88 89
87 89 90
91 92 93
91 94 92
94 95 92
94 96 95
97 98 99
97 99 100
101 102 103
101 104 102
104 105 102
104 106 105
107 108 109
107 110 108
111 110 107
111 112 110
113 114 115
113 115 116
117 118 119
117 120 118
121 118 120
120 117 122
122 117 123
124 122 123
124 123 125
126 124 125
127 124 126
128 124 127
129 122 124
128 129 124
129 120 122
128 130 129
129 130 131
120 129 131
131 130 132
132 133 131
132 134 133
120 131 135
135 131 133
121 120 135
135 136 121
135 137 136
135 133 137
138 136 137
138 137 139
139 137 133
134 140 133
134 141 140
140 141 142
143 133 140
139 133 143
138 139 144
138 144 145
140 142 146
143 140 146
139 143 147
139 147 144
145 144 148
145 148 149
142 150 146
142 151 150
150 151 152
143 146 153
153 147 143
150 153 146
144 147 154
144 154 148
149 148 155
149 155 156
148 154 157
148 157 155
158 157 154
158 154 159
147 159 154
160 156 155
160 161 156
162 161 160
163 155 157
163 160 155
158 163 157
147 164 159
153 164 147
162 160 165
165 160 163
164 166 159
166 158 159
167 164 153
164 167 166
162 165 168
162 168 169
170 169 168
170 168 171
172 170 171
165 173 168
171 168 173
165 163 174
165 174 173
158 175 163
175 174 163
167 153 176
176 153 150
172 171 177
177 178 172
179 178 177
179 177 180
180 177 181
181 177 182
171 182 177
181 182 183
176 150 184
150 152 184
185 176 184
152 185 184
176 186 167
185 186 176
187 186 185
152 188 185
185 188 187
152 189 188
188 189 190
171 191 182
171 173 191
192 183 182
192 193 183
194 191 173
174 194 173
195 182 191
195 192 182
194 195 191
196 193 192
196 197 193
174 198 194
175 198 174
199 195 194
198 199 194
192 195 200
192 200 196
199 200 195
197 196 201
197 201 202
196 200 203
196 203 201
204 200 199
204 203 200
198 205 199
205 204 199
206 202 201
206 207 202
201 203 208
201 208 206
209 203 204
209 208 203
207 206 210
207 210 211
212 211 210
212 213 211
206 214 210
206 208 214
210 214 212
212 215 213
213 215 216
217 215 212
212 218 217
218 219 217
220 209 204
205 220 204
208 209 221
208 221 214
212 214 222
212 222 218
214 223 222
214 221 223
224 221 209
220 224 209
218 225 219
226 225 218
219 225 227
228 227 225
222 229 218
222 223 229
226 218 229
230 228 225
226 230 225
230 231 228
232 231 230
231 232 233
232 234 233
234 235 233
232 236 234
223 237 229
237 226 229
232 238 236
239 236 238
239 238 240
240 241 239
238 232 242
240 238 242
232 230 243
232 243 242
240 244 241
245 241 244
243 230 246
226 246 230
243 246 247
242 243 247
240 242 248
244 240 248
245 244 249
249 250 245
251 246 226
247 246 251
242 247 252
248 242 252
244 248 253
249 244 253
249 254 250
254 255 250
251 226 256
237 256 226
248 252 257
257 253 248
249 253 258
254 249 258
254 259 255
260 255 259
257 261 253
261 258 253
254 258 262
262 259 254
260 259 263
264 260 263
265 264 263
265 263 266
263 267 266
267 263 268
268 263 259
267 268 269
261 270 258
270 262 258
262 271 259
268 259 271
269 268 272
269 272 273
274 273 272
275 271 262
270 275 262
268 271 276
268 276 272
275 276 271
274 272 277
277 272 276
277 278 274
279 276 275
277 276 279
277 280 278
279 280 277
280 281 278
282 275 270
279 275 282
280 283 281
284 281 283
279 285 280
285 283 280
284 283 286
287 284 286
282 270 288
288 270 261
289 279 282
289 285 279
290 285 289
290 291 285
285 291 283
286 283 291
287 286 292
293 287 292
286 291 294
290 294 291
292 286 294
288 261 295
295 261 257
296 282 288
296 289 282
295 257 297
297 257 252
298 288 295
298 296 288
297 298 295
289 296 299
298 299 296
298 300 299
289 299 301
301 299 300
301 290 289
297 252 302
302 252 247
297 303 298
303 300 298
304 303 297
304 297 302
302 247 305
247 251 305
306 302 305
306 304 302
307 305 251
307 306 305
256 307 251
303 308 300
303 304 308
256 309 307
307 309 310
237 309 256
306 307 311
307 310 311
304 306 312
306 311 312
237 313 309
313 310 309
304 314 308
304 312 314
313 237 315
223 315 237
316 315 223
316 223 221
224 316 221
313 315 317
317 315 316
318 316 224
317 316 318
317 319 313
313 319 310
318 224 320
220 320 224
318 321 317
317 321 319
220 322 320
320 322 323
322 220 205
320 324 318
320 323 324
322 205 325
325 205 198
325 198 175
322 325 326
175 326 325
322 326 323
175 327 326
327 323 326
327 175 158
318 328 321
318 324 328
327 158 329
327 329 330
327 330 323
329 158 331
331 330 329
331 323 330
166 331 158
323 331 332
332 324 323
332 331 166
328 324 333
333 324 332
332 166 334
334 166 167
332 335 333
332 334 335
333 335 328
334 167 336
335 334 336
167 186 336
336 186 337
187 337 186
338 328 335
335 336 339
338 335 339
336 337 340
336 340 339
328 338 341
341 321 328
338 339 342
342 341 338
342 339 343
339 340 343
340 337 344
344 337 187
345 321 341
319 321 345
342 346 341
346 342 343
343 340 347
347 340 344
348 345 341
346 348 341
346 343 349
349 343 347
346 349 350
346 350 348
349 347 351
350 349 351
347 344 352
351 347 352
344 187 353
344 353 352
345 348 354
348 350 355
348 355 354
350 351 356
355 350 356
351 352 357
356 351 357
353 358 352
358 357 352
358 353 359
187 360 353
353 360 359
354 361 345
319 345 361
187 362 360
187 188 362
188 190 362
360 362 190
190 363 360
360 363 359
190 364 363
365 363 364
359 363 365
365 364 366
367 365 366
359 365 367
368 367 366
361 369 319
369 310 319
359 367 370
368 371 367
367 371 370
371 372 370
359 370 373
373 370 372
358 359 373
374 371 368
374 368 375
376 358 373
373 372 376
377 371 374
377 372 371
375 378 374
377 374 378
379 378 375
380 378 379
380 381 378
382 378 381
377 378 382
382 381 383
383 384 382
382 384 377
384 385 377
385 372 377
384 386 385
387 385 386
385 388 372
387 389 385
389 388 385
390 372 388
376 372 390
387 391 389
387 392 391
393 391 392
389 394 388
389 391 395
389 395 394
391 396 395
393 397 391
391 397 396
398 397 393
399 398 393
398 399 400
398 400 401
397 398 401
402 401 400
402 403 401
403 404 401
404 405 401
397 401 405
405 404 406
397 405 407
405 406 407
397 407 396
406 408 407
406 409 408
407 410 396
408 410 407
411 410 408
408 409 412
411 408 412
412 409 413
412 413 414
411 412 414
415 414 413
416 396 410
411 416 410
415 417 414
417 411 414
416 418 396
419 416 411
418 416 419
420 411 417
419 411 420
421 420 417
417 415 422
421 417 422
423 422 415
421 422 423
423 415 424
425 423 424
418 426 396
426 395 396
427 421 423
425 427 423
418 419 428
429 418 428
418 429 426
419 430 428
430 429 428
419 431 430
431 419 420
431 420 432
432 420 421
430 431 433
433 431 432
430 434 429
435 426 429
434 435 429
430 433 436
436 434 430
432 421 437
438 433 432
438 432 437
421 439 437
421 427 439
440 438 437
440 437 439
441 433 438
433 442 436
433 441 442
440 443 438
441 438 443
436 444 434
445 436 442
445 444 436
441 446 442
446 445 442
447 441 443
441 447 446
444 448 434
434 448 435
449 444 445
446 450 445
450 449 445
447 451 446
446 451 450
452 447 443
447 452 451
444 453 448
449 453 444
454 435 448
454 448 453
452 443 455
455 443 440
314 451 452
452 455 314
449 456 453
454 453 456
454 457 435
457 426 435
458 454 456
457 454 458
457 459 426
426 459 395
459 460 395
460 459 457
460 394 395
460 457 461
457 458 461
460 462 394
462 460 461
463 394 462
463 388 394
464 388 463
390 388 464
463 465 464
465 390 464
462 466 463
463 466 465
462 461 467
462 467 466
461 468 467
466 467 468
461 458 468
466 468 469
465 466 469
470 468 458
470 469 468
470 458 471
458 456 471
465 472 390
465 469 473
473 472 465
472 474 390
390 474 376
473 475 472
475 474 472
474 476 376
376 476 358
358 476 357
477 476 474
477 357 476
475 477 474
356 357 477
478 477 475
478 356 477
473 478 475
355 356 478
473 479 478
469 479 473
479 355 478
469 480 479
470 480 469
479 481 355
480 481 479
354 355 481
482 480 470
482 470 471
354 481 483
354 483 361
480 484 481
484 483 481
482 484 480
485 484 482
482 471 486
485 482 486
456 486 471
361 483 487
484 487 483
485 487 484
361 487 369
485 369 487
456 488 486
449 488 456
485 489 369
489 310 369
489 490 310
485 490 489
490 311 310
485 486 491
485 491 490
488 491 486
492 488 449
450 492 449
493 311 490
493 490 491
488 494 491
492 494 488
493 491 494
492 493 494
495 492 450
492 495 493
311 493 495
450 451 495
311 495 312
495 451 312
451 314 312
314 496 308
496 314 455
496 497 308
497 496 455
497 300 308
497 455 498
455 440 498
498 440 499
499 440 439
497 498 500
498 499 500
300 497 501
497 500 501
502 499 439
427 502 439
501 503 300
301 300 503
301 503 504
501 504 503
301 504 290
504 501 290
500 290 501
500 505 290
290 505 294
506 500 499
506 505 500
507 294 505
507 505 506
292 294 507
499 508 506
499 502 508
508 507 506
509 292 507
293 292 509
508 510 507
509 507 510
509 510 511
293 509 512
509 511 512
293 512 513
514 513 512
514 512 511
514 515 513
515 514 516
515 516 517
514 511 518
516 514 518
519 517 516
519 520 517
516 521 519
521 522 519
523 521 516
516 518 523
524 522 521
523 524 521
524 525 522
526 525 524
527 526 524
528 527 524
528 524 523
528 523 529
523 518 529
518 530 529
530 518 511
530 511 531
531 511 532
531 532 533
510 532 511
532 534 533
510 535 532
532 535 534
510 508 535
534 535 536
536 535 508
534 536 537
502 536 508
536 425 537
502 538 536
536 538 425
427 538 502
425 538 427
539 540 541
539 542 540
542 543 540
542 544 543
544 545 543
544 546 545
546 547 545
546 548 547
548 549 547
548 550 549
550 551 549
550 552 551
552 553 551
552 554 553
554 555 553
554 556 555
556 557 555
556 558 557
558 559 557
558 560 559
561 562 563
561 563 564
565 561 564
565 564 566
565 566 567
565 567 568
568 567 569
568 569 570
571 572 573
571 574 572
574 575 572
574 576 575
577 578 579
577 580 578
580 581 578
580 582 581
582 583 581
582 584 583
585 586 587
585 587 588
588 587 589
588 589 590
590 589 591
590 591 592
592 591 593
592 593 594
594 593 595
594 595 596
596 595 597
596 597 598
598 597 599
598 599 600
600 599 601
600 601 602
602 601 603
602 603 604
604 603 605
604 605 606
607 608 609
607 609 610
610 609 611
610 611 612
613 614 615
613 615 616
616 615 617
616 617 618
618 617 619
618 619 620
621 622 623
622 624 623
622 625 624
624 626 623
625 627 624
624 628 626
628 629 626
627 630 624
630 628 624
627 631 630
627 632 631
633 631 632
628 634 629
630 634 628
634 635 629
634 636 635
636 637 635
630 638 634
638 636 634
636 639 637
638 639 636
640 637 639
641 638 630
641 630 631
642 640 639
642 643 640
638 644 639
644 638 641
644 642 639
643 642 645
643 645 646
645 647 646
644 648 642
645 642 648
649 648 644
645 648 650
650 648 649
645 651 647
651 645 650
651 652 647
653 652 651
653 651 654
651 650 654
655 653 654
655 654 656
657 655 656
658 657 656
649 644 659
644 641 659
650 660 654
660 656 654
661 658 656
658 661 662
659 641 663
663 641 631
664 663 631
659 663 665
665 663 664
664 631 666
666 631 633
667 666 633
664 666 667
667 633 668
668 669 667
668 670 669
671 664 667
671 667 669
672 669 670
672 670 673
672 673 674
675 669 672
675 671 669
672 674 676
675 672 676
674 677 676
674 678 677
678 679 677
678 680 679
681 679 680
681 680 682
682 683 681
681 683 684
682 685 683
686 679 681
681 684 686
677 679 687
686 687 679
676 677 688
677 687 688
675 676 689
676 688 689
690 683 685
690 685 691
687 686 692
688 687 692
693 686 684
693 692 686
688 692 694
689 688 694
695 675 689
695 671 675
683 690 696
683 696 684
691 697 690
691 698 697
699 692 693
694 692 699
689 694 700
695 689 700
695 701 671
701 664 671
690 702 696
690 697 702
698 703 697
704 703 698
704 705 703
704 706 705
703 705 707
703 707 708
697 703 708
708 707 709
708 710 697
708 709 710
697 710 702
710 709 711
710 711 712
702 710 712
712 711 713
712 713 714
712 714 702
714 713 715
702 714 716
696 702 716
714 715 717
716 714 717
717 715 718
717 718 719
717 719 716
719 718 720
696 716 721
721 684 696
716 719 722
721 716 722
719 720 723
722 719 723
723 720 724
723 724 725
725 722 723
725 724 726
725 726 727
727 726 728
725 729 722
727 729 725
727 728 730
727 730 729
730 728 731
721 722 732
729 732 722
730 731 733
733 731 734
729 730 735
735 730 733
733 734 736
736 735 733
736 734 737
736 737 738
738 737 739
740 736 738
740 735 736
741 735 740
742 729 735
729 742 732
742 735 741
738 739 743
743 740 738
743 739 744
743 744 745
745 746 743
743 746 740
747 740 746
741 740 747
741 747 748
747 746 749
747 749 750
750 751 747
751 748 747
751 752 748
748 752 753
748 753 754
755 754 753
755 753 756
757 755 756
758 748 754
759 754 755
759 758 754
757 760 755
760 759 755
741 748 761
758 761 748
762 760 757
763 762 757
763 764 762
763 765 764
764 766 762
762 766 760
765 767 764
767 766 764
765 768 767
760 769 759
770 758 759
769 770 759
771 761 758
770 771 758
760 766 772
760 772 769
771 773 761
741 761 773
741 773 774
741 774 742
742 774 775
742 775 732
776 774 773
776 775 774
732 775 777
732 777 721
721 777 684
775 778 777
777 778 684
775 776 778
778 693 684
776 693 778
776 699 693
699 776 773
779 699 773
779 773 771
694 699 779
700 694 779
780 779 771
700 779 780
780 771 770
781 700 780
781 695 700
781 701 695
782 780 770
782 781 780
769 782 770
781 783 701
782 783 781
769 784 782
782 784 783
769 772 784
772 785 784
766 785 772
786 701 783
701 786 664
665 664 786
783 784 787
787 784 785
766 788 785
767 788 766
786 783 789
783 787 789
787 790 789
787 785 791
788 791 785
789 792 786
790 792 789
786 792 793
793 665 786
793 792 790
791 794 787
787 794 790
793 795 665
795 659 665
793 796 795
793 790 796
795 797 659
797 795 796
797 796 790
797 649 659
797 790 798
794 798 790
797 798 649
791 799 794
791 788 799
794 800 798
800 649 798
799 800 794
800 801 649
650 649 801
800 802 801
799 802 800
803 650 801
802 803 801
803 660 650
804 799 788
802 799 805
804 805 799
788 806 804
806 805 804
806 788 767
768 806 767
806 768 807
806 807 805
768 808 807
802 805 809
802 809 803
807 809 805
809 810 803
807 810 809
803 811 660
811 803 810
807 812 810
807 808 812
811 810 812
811 813 660
813 811 812
813 656 660
814 812 808
813 812 814
814 808 815
813 816 656
816 813 814
816 661 656
817 814 815
816 814 817
817 815 818
816 819 661
662 661 819
816 820 819
816 817 820
821 662 819
820 821 819
821 822 662
817 818 823
818 824 823
823 824 825
817 826 820
820 826 821
826 817 823
821 826 823
822 821 827
821 823 827
823 825 827
822 827 828
827 825 828
829 830 831
831 830 832
831 832 833
832 830 834
833 832 835
832 834 836
836 834 837
835 832 838
838 832 836
835 838 839
835 839 840
841 840 839
836 837 842
838 836 842
842 837 843
842 843 844
844 843 845
838 842 846
846 842 844
844 845 847
846 844 847
848 847 845
849 838 846
849 839 838
850 847 848
850 848 851
846 847 852
852 849 846
852 847 850
851 853 850
851 854 853
853 854 855
852 850 856
853 856 850
857 852 856
853 858 856
858 857 856
853 855 859
859 858 853
859 855 860
861 859 860
861 862 859
859 862 858
863 862 861
863 864 862
865 864 863
866 864 865
857 867 852
852 867 849
858 862 868
868 862 864
869 864 866
866 870 869
867 871 849
871 839 849
872 839 871
867 873 871
873 872 871
872 874 839
874 841 839
875 841 874
872 875 874
875 876 841
876 875 877
876 877 878
879 875 872
879 877 875
880 878 877
880 881 878
880 882 881
883 880 877
883 877 879
880 884 882
883 884 880
882 884 885
882 885 886
886 885 887
886 887 888
889 888 887
889 890 888
890 889 891
889 892 891
890 891 893
894 889 887
889 894 892
885 895 887
894 887 895
884 896 885
885 896 895
883 897 884
884 897 896
898 893 891
898 899 893
895 900 894
896 900 895
901 892 894
901 894 900
896 902 900
897 902 896
903 897 883
903 883 879
891 892 904
891 904 898
899 898 905
899 905 906
907 901 900
902 907 900
897 908 902
903 908 897
903 879 909
909 879 872
898 904 910
898 910 905
906 905 911
912 906 911
912 911 913
912 913 914
911 915 913
911 916 915
905 916 911
916 917 915
916 905 918
916 918 917
905 910 918
918 919 917
918 920 919
910 920 918
920 921 919
920 922 921
920 910 922
922 923 921
910 924 922
904 924 910
922 925 923
924 925 922
925 926 923
925 927 926
925 924 927
927 928 926
904 929 924
929 904 892
924 930 927
929 930 924
927 931 928
930 931 927
931 932 928
931 933 932
933 931 930
933 934 932
933 935 934
935 936 934
933 930 937
935 933 937
935 938 936
935 937 938
938 939 936
929 940 930
937 930 940
929 892 941
940 929 941
938 942 939
942 943 939
937 944 938
944 942 938
942 945 943
945 942 944
945 946 943
941 892 947
947 892 901
940 941 948
948 941 947
937 940 949
949 944 937
949 940 948
949 950 944
951 947 901
948 947 951
951 901 907
949 948 952
951 952 948
950 949 952
951 953 952
907 953 951
950 952 953
950 954 944
954 945 944
955 953 907
902 955 907
908 955 902
954 956 945
945 956 946
956 957 946
956 958 957
958 956 954
958 959 957
958 960 959
960 958 961
958 954 961
962 961 954
962 963 961
962 964 963
964 962 965
965 962 966
950 962 954
950 966 962
965 966 967
966 968 967
950 969 966
950 953 969
970 969 953
955 970 953
971 966 969
970 971 969
966 972 968
971 972 966
973 970 955
908 973 955
974 968 972
974 975 968
976 975 974
977 972 971
977 974 972
978 971 970
973 978 970
978 977 971
979 973 908
979 908 903
979 903 909
976 974 980
980 974 977
981 977 978
980 977 981
982 978 973
982 973 979
981 978 982
979 909 983
982 979 983
981 982 984
982 983 984
985 976 980
986 976 985
980 981 987
981 984 987
986 985 988
986 988 989
985 980 990
980 987 990
988 985 990
989 988 991
991 988 990
989 991 992
987 984 993
990 987 993
991 990 994
990 993 994
992 991 995
995 991 994
996 993 984
983 996 984
995 997 992
992 997 998
994 993 999
996 999 993
994 1000 995
999 1001 994
1000 994 1001
995 1000 1002
995 1002 997
1000 1001 1002
999 996 1003
999 1003 1001
996 1004 1003
983 1005 996
996 1005 1004
1006 1005 983
1006 983 909
909 872 1006
873 1006 872
1005 1006 1007
1004 1005 1007
1006 1008 1007
1008 1006 873
1008 1004 1007
1008 873 1009
1009 873 867
1008 1009 1010
1008 1010 1004
1009 867 1011
1011 1010 1009
1011 1004 1010
1011 867 857
1011 1012 1004
1011 857 1012
1003 1004 1012
1003 1012 1013
1013 1012 857
1001 1003 1013
1013 857 1014
858 1014 857
1001 1013 1015
1013 1014 1015
1015 1002 1001
1016 1014 858
1015 1014 1016
1016 858 868
1015 1017 1002
1015 1016 1017
997 1002 1017
1017 1016 1018
997 1017 1018
1016 868 1019
1019 1018 1016
997 1018 1020
1019 1020 1018
997 1020 998
1019 868 1021
1021 1020 1019
1021 868 864
1022 998 1020
1021 1022 1020
1022 1023 998
1021 864 1024
1024 1022 1021
1024 864 869
1025 1023 1022
1024 1025 1022
1025 1026 1023
1024 869 1027
870 1027 869
1024 1027 1028
1024 1028 1025
1029 1027 870
1028 1027 1029
1029 870 1030
1025 1031 1026
1026 1031 1032
1031 1033 1032
1025 1028 1034
1028 1029 1034
1034 1031 1025
1029 1031 1034
1030 1035 1029
1029 1035 1031
1031 1035 1033
1030 1036 1035
1035 1036 1033
1037 1038 1039
1037 1040 1038
1041 1040 1037
1041 1037 1042
1043 1041 1042
1043 1044 1041
1045 1044 1043
1045 1043 1046
1047 1045 1046
1047 1048 1045
1049 1048 1047
1049 1047 1050
1051 1049 1050
1051 1052 1049
1053 1052 1051
1053 1051 1054
1055 1053 1054
1055 1054 1056
1057 1055 1056
1058 1055 1057
1058 1059 1055
1060 1059 1058
1060 1058 1061
1062 1060 1061
1062 1063 1060
1064 1063 1062
1064 1062 1065
1066 1064 1065
1066 1067 1064
1068 1067 1066
1068 1066 1069
1070 1071 1072
1070 1073 1071
1074 1073 1070
1074 1070 1075
1076 1074 1075
1076 1077 1074
1078 1077 1076
1078 1076 1079
1080 1078 1079
1080 1081 1078
1082 1081 1080
1082 1080 1083
1084 1082 1083
1084 1085 1082
1086 1085 1084
1086 1084 1087
1088 1086 1087
1088 1087 1089
1090 1088 1089
1090 1091 1088
1092 1093 1094
1092 1094 1095
1096 1092 1095
1096 1097 1092
1098 1097 1096
1098 1096 1099
1100 1098 1099
1100 1101 1098
1102 1101 1100
1102 1100 1103
1104 1105 1106
1104 1106 1107
1108 1109 1110
1110 1109 1111
1112 1110 1111
1109 1113 1111
1112 1111 1114
1109 1115 1113
1116 1112 1114
1116 1117 1112
1115 1118 1113
1115 1119 1118
1120 1117 1116
1120 1116 1121
1118 1119 1122
1118 1122 1123
1124 1120 1121
1124 1125 1120
1126 1125 1124
1126 1124 1127
1122 1128 1123
1122 1129 1128
1128 1129 1130
1128 1130 1131
1130 1132 1131
1130 1133 1132
1132 1133 1134
1132 1134 1135
1134 1136 1135
1134 1137 1136
1136 1137 1138
1136 1138 1139
1140 1141 1142
1140 1142 1143
1142 1144 1143
1142 1145 1144
1144 1145 1146
1143 1147 1140
1144 1146 1148
1149 1144 1148
1150 1149 1148
1143 1151 1147
1144 1151 1143
1147 1151 1152
1147 1152 1153
1152 1154 1153
1144 1155 1151
1149 1155 1144
1152 1151 1155
1152 1155 1156
1156 1155 1149
1152 1157 1154
1157 1152 1156
1157 1156 1158
1154 1157 1159
1154 1159 1160
1156 1149 1161
1158 1156 1161
1149 1162 1161
1149 1163 1162
1150 1163 1149
1164 1163 1150
1162 1163 1164
1164 1150 1165
1165 1166 1164
1165 1167 1166
1166 1167 1168
1169 1157 1158
1157 1169 1159
1160 1159 1170
1160 1170 1171
1170 1172 1171
1162 1164 1173
1166 1173 1164
1166 1168 1174
1174 1168 1175
1166 1176 1173
1174 1176 1166
1162 1173 1177
1176 1177 1173
1174 1175 1178
1179 1178 1175
1179 1180 1178
1181 1180 1179
1182 1174 1178
1178 1180 1182
1174 1183 1176
1182 1183 1174
1181 1184 1180
1185 1184 1181
1180 1186 1182
1186 1183 1182
1180 1184 1186
1183 1187 1176
1176 1187 1177
1186 1188 1183
1183 1188 1187
1184 1189 1186
1189 1188 1186
1185 1190 1184
1184 1190 1189
1185 1191 1190
1190 1191 1189
1185 1192 1191
1193 1191 1192
1189 1194 1188
1191 1194 1189
1193 1195 1191
1191 1195 1194
1196 1195 1193
1188 1197 1187
1188 1194 1197
1194 1195 1198
1196 1198 1195
1194 1198 1197
1199 1198 1196
1197 1198 1199
1199 1196 1200
1187 1197 1201
1197 1199 1201
1187 1201 1177
1202 1199 1200
1202 1200 1203
1204 1202 1203
1201 1205 1177
1162 1177 1205
1206 1201 1199
1206 1199 1202
1201 1206 1205
1162 1205 1207
1208 1205 1206
1208 1207 1205
1202 1209 1206
1209 1208 1206
1204 1210 1202
1202 1210 1209
1162 1207 1211
1211 1161 1162
1211 1158 1161
1211 1207 1212
1213 1207 1208
1213 1212 1207
1214 1158 1211
1211 1212 1214
1215 1208 1209
1210 1216 1209
1216 1215 1209
1208 1217 1213
1208 1215 1217
1218 1210 1204
1204 1219 1218
1204 1220 1219
1221 1218 1219
1218 1222 1210
1210 1222 1216
1221 1223 1218
1223 1222 1218
1223 1221 1224
1223 1224 1225
1225 1226 1223
1223 1226 1222
1225 1227 1226
1226 1227 1228
1222 1226 1229
1222 1229 1216
1226 1228 1229
1230 1216 1229
1216 1230 1215
1228 1231 1229
1230 1229 1231
1228 1232 1231
1232 1233 1231
1232 1234 1233
1235 1233 1234
1236 1215 1230
1236 1217 1215
1230 1231 1237
1230 1237 1236
1237 1217 1236
1231 1233 1237
1238 1217 1237
1213 1217 1238
1235 1239 1233
1239 1235 1240
1241 1237 1233
1241 1238 1237
1242 1241 1233
1241 1242 1238
1242 1233 1239
1213 1238 1243
1243 1238 1242
1212 1213 1243
1239 1240 1244
1245 1244 1240
1239 1246 1242
1242 1246 1243
1244 1246 1239
1243 1246 1247
1244 1247 1246
1248 1212 1243
1243 1247 1248
1245 1249 1244
1250 1249 1245
1247 1244 1251
1248 1247 1251
1249 1251 1244
1250 1252 1249
1253 1252 1250
1249 1254 1251
1252 1254 1249
1248 1255 1212
1255 1214 1212
1248 1251 1256
1254 1256 1251
1248 1256 1257
1248 1257 1255
1254 1258 1256
1258 1257 1256
1252 1259 1254
1259 1258 1254
1253 1260 1252
1260 1259 1252
1253 1261 1260
1262 1261 1253
1260 1261 1263
1263 1264 1260
1260 1264 1265
1260 1265 1259
1265 1264 1266
1259 1267 1258
1265 1267 1259
1266 1268 1265
1265 1268 1267
1266 1269 1268
1269 1270 1268
1267 1271 1258
1258 1271 1257
1268 1270 1272
1270 1273 1272
1268 1274 1267
1267 1274 1271
1268 1272 1274
1272 1273 1275
1275 1273 1276
1276 1277 1275
1272 1278 1274
1272 1275 1278
1274 1279 1271
1274 1278 1279
1271 1280 1257
1271 1279 1280
1275 1277 1281
1281 1277 1282
1282 1283 1281
1275 1284 1278
1275 1281 1284
1278 1285 1279
1278 1284 1285
1281 1283 1286
1286 1283 1287
1287 1288 1286
1281 1289 1284
1281 1286 1289
1286 1288 1290
1290 1288 1291
1286 1290 1292
1286 1292 1289
1289 1292 1293
1284 1289 1294
1289 1293 1294
1284 1294 1285
1294 1293 1172
1294 1172 1295
1285 1294 1295
1170 1295 1172
1285 1295 1296
1279 1285 1296
1279 1296 1280
1297 1295 1170
1297 1296 1295
1280 1296 1298
1297 1298 1296
1280 1298 1299
1299 1257 1280
1299 1255 1257
1299 1298 1300
1300 1298 1297
1301 1297 1170
1301 1170 1159
1302 1297 1301
1159 1302 1301
1300 1297 1302
1159 1169 1302
1302 1169 1303
1300 1302 1303
1169 1158 1303
1299 1300 1304
1304 1255 1299
1303 1304 1300
1305 1303 1158
1303 1305 1304
1305 1255 1304
1305 1158 1214
1255 1305 1214
1306 1307 1308
1306 1308 1309
1310 1306 1309
1310 1309 1311
1312 1310 1311
1312 1311 1313
1312 1313 1314
1312 1314 1315
1315 1314 1316
1315 1316 1317
1317 1316 1318
1319 1317 1318
1320 1319 1318
1321 1322 1323
1321 1323 1324
1325 1326 1327
1328 1325 1327
1328 1327 1329
1330 1328 1329
1330 1331 1328
1332 1333 1334
1332 1334 1335
1336 1332 1335
1336 1337 1332
1338 1337 1336
1338 1336 1339
1340 1338 1339
1340 1341 1338
1342 1341 1340
1342 1340 1343
1344 1342 1343
1344 1345 1342
1346 1345 1344
1346 1344 1347
1348 1346 1347
1348 1349 1346
1350 1349 1348
1350 1351 1349
1352 1351 1350
1353 1352 1350
1353 1350 1354
1355 1353 1354
1355 1356 1353
1357 1356 1355
1357 1355 1358
1359 1357 1358
1359 1360 1357
1361 1360 1359
1361 1359 1362
1363 1361 1362
1363 1364 1361
1365 1366 1367
1365 1367 1368
1369 1365 1368
1369 1370 1365
1371 1370 1369
1371 1369 1372
1373 1371 1372
1373 1374 1371
1375 1374 1373
1375 1373 1376
1377 1375 1376
1377 1378 1375
1379 1378 1377
1379 1377 1380
1381 1379 1380
1381 1382 1379
1383 1382 1381
1383 1384 1382
1385 1384 1383
1385 1383 1386
1387 1388 1389
1387 1390 1388
1391 1390 1387
1391 1387 1392
1393 1391 1392
1393 1394 1391
1395 1394 1393
1395 1393 1396
1397 1395 1396
1397 1398 1395
1399 1400 1401
1399 1401 1402
1403 1404 1405
1404 1406 1405
1407 1406 1404
1405 1406 1408
1407 1409 1406
1405 1408 1410
1411 1409 1407
1411 1407 1412
1410 1408 1413
1410 1413 1414
1415 1411 1412
1415 1416 1411
1413 1417 1414
1413 1418 1417
1419 1416 1415
1419 1415 1420
1421 1419 1420
1421 1422 1419
1417 1418 1423
1417 1423 1424
1423 1425 1424
1423 1426 1425
1425 1426 1427
1425 1427 1428
1427 1429 1428
1427 1430 1429
1429 1430 1431
1429 1431 1432
1431 1433 1432
1431 1434 1433
1435 1436 1437
1435 1438 1436
1436 1438 1439
1436 1439 1440
1439 1441 1440
1438 1435 1442
1439 1443 1441
1444 1443 1439
1445 1443 1444
1438 1442 1446
1439 1438 1446
1442 1447 1446
1442 1448 1447
1447 1448 1449
1439 1446 1450
1444 1439 1450
1447 1450 1446
1447 1451 1450
1451 1444 1450
1447 1449 1452
1452 1451 1447
1452 1453 1451
1449 1454 1452
1449 1455 1454
1451 1456 1444
1453 1456 1451
1444 1456 1457
1444 1457 1458
1445 1444 1458
1459 1445 1458
1457 1459 1458
1459 1460 1445
1460 1459 1461
1460 1461 1462
1461 1463 1462
1464 1453 1452
1452 1454 1464
1455 1465 1454
1455 1466 1465
1465 1466 1467
1457 1468 1459
1461 1459 1468
1461 1469 1463
1469 1470 1463
1461 1468 1471
1469 1461 1471
1457 1472 1468
1471 1468 1472
1469 1473 1470
1474 1470 1473
1474 1473 1475
1476 1474 1475
1477 1473 1469
1473 1477 1475
1469 1471 1478
1477 1469 1478
1476 1475 1479
1480 1476 1479
1475 1477 1481
1481 1477 1478
1475 1481 1479
1478 1471 1482
1471 1472 1482
1481 1478 1483
1478 1482 1483
1479 1481 1484
1484 1481 1483
1480 1479 1485
1479 1484 1485
1480 1485 1486
1485 1484 1486
1480 1486 1487
1488 1487 1486
1484 1483 1489
1486 1484 1489
1488 1486 1490
1486 1489 1490
1491 1488 1490
1483 1482 1492
1483 1492 1489
1489 1493 1490
1491 1490 1493
1489 1492 1493
1494 1491 1493
1492 1494 1493
1494 1495 1491
1482 1496 1492
1492 1496 1494
1482 1472 1496
1497 1495 1494
1497 1498 1495
1499 1498 1497
1496 1472 1500
1457 1500 1472
1501 1494 1496
1501 1497 1494
1496 1500 1501
1457 1502 1500
1503 1501 1500
1503 1500 1502
1497 1501 1504
1504 1501 1503
1499 1497 1505
1497 1504 1505
1457 1506 1502
1506 1457 1456
1506 1456 1453
1506 1507 1502
1508 1503 1502
1508 1502 1507
1509 1506 1453
1506 1509 1507
1510 1504 1503
1505 1504 1511
1511 1504 1510
1503 1508 1512
1503 1512 1510
1513 1499 1505
1499 1513 1514
1499 1514 1515
1516 1514 1513
1513 1505 1517
1505 1511 1517
1516 1513 1518
1518 1513 1517
1518 1519 1516
1518 1520 1519
1520 1518 1521
1518 1517 1521
1520 1521 1522
1521 1523 1522
1517 1524 1521
1517 1511 1524
1521 1524 1523
1511 1510 1525
1525 1524 1511
1523 1524 1526
1525 1526 1524
1523 1526 1527
1527 1526 1528
1527 1528 1529
1530 1529 1528
1531 1525 1510
1531 1510 1512
1525 1532 1526
1525 1531 1532
1532 1531 1512
1526 1532 1528
1533 1532 1512
1508 1533 1512
1530 1528 1534
1534 1535 1530
1536 1528 1532
1536 1532 1533
1537 1528 1536
1536 1533 1537
1537 1534 1528
1508 1538 1533
1538 1537 1533
1507 1538 1508
1534 1539 1535
1540 1535 1539
1534 1537 1541
1537 1538 1541
1539 1534 1541
1538 1542 1541
1539 1541 1542
1543 1538 1507
1538 1543 1542
1540 1539 1544
1545 1540 1544
1542 1546 1539
1543 1546 1542
1544 1539 1546
1545 1544 1547
1548 1545 1547
1544 1546 1549
1547 1544 1549
1543 1507 1550
1550 1507 1509
1543 1551 1546
1549 1546 1551
1543 1552 1551
1543 1550 1552
1549 1551 1553
1553 1551 1552
1547 1549 1554
1554 1549 1553
1548 1547 1555
1555 1547 1554
1548 1555 1556
1557 1548 1556
1555 1558 1556
1558 1555 1559
1555 1560 1559
1555 1554 1560
1560 1561 1559
1554 1553 1562
1560 1554 1562
1561 1560 1563
1560 1562 1563
1561 1563 1564
1564 1563 1565
1562 1553 1566
1553 1552 1566
1563 1562 1567
1562 1566 1567
1563 1568 1565
1563 1567 1568
1565 1568 1569
1568 1570 1569
1570 1571 1569
1571 1570 1572
1568 1567 1573
1568 1573 1570
1567 1566 1574
1567 1574 1573
1566 1552 1575
1566 1575 1574
1570 1576 1572
1576 1577 1572
1577 1576 1578
1570 1573 1579
1570 1579 1576
1573 1574 1580
1573 1580 1579
1576 1581 1578
1581 1582 1578
1582 1581 1583
1576 1579 1584
1576 1584 1581
1581 1585 1583
1585 1586 1583
1581 1587 1585
1581 1584 1587
1584 1588 1587
1579 1589 1584
1584 1589 1588
1579 1580 1589
1589 1467 1588
1589 1590 1467
1580 1590 1589
1465 1467 1590
1580 1591 1590
1574 1591 1580
1574 1575 1591
1592 1465 1590
1592 1590 1591
1575 1593 1591
1592 1591 1593
1575 1594 1593
1594 1575 1552
1594 1552 1550
1594 1595 1593
1595 1592 1593
1596 1465 1592
1596 1454 1465
1597 1596 1592
1454 1596 1597
1595 1597 1592
1454 1597 1464
1597 1598 1464
1595 1598 1597
1464 1598 1453
1594 1599 1595
1599 1594 1550
1598 1595 1599
1600 1453 1598
1598 1599 1600
1600 1599 1550
1600 1509 1453
1550 1509 1600
1601 1602 1603
1601 1604 1602
1605 1604 1601
1605 1606 1604
1607 1606 1605
1607 1608 1606
1607 1609 1608
1607 1610 1609
1610 1611 1609
1610 1612 1611
1612 1613 1611
1614 1613 1612
1615 1613 1614
1616 1617 1618
1616 1618 1619
1620 1621 1622
1623 1621 1620
1623 1624 1621
1625 1624 1623
1625 1623 1626
1627 1628 1629
1627 1629 1630
1630 1629 1631
1630 1631 1632
1633 1627 1630
1634 1630 1632
1633 1630 1634
1634 1632 1635
1636 1634 1635
1634 1637 1633
1636 1638 1634
1634 1638 1637
1639 1638 1636
1637 1638 1639
1639 1636 1640
1641 1639 1640
1641 1640 1642
1641 1642 1643
1641 1643 1644
1633 1637 1645
1646 1633 1645
1646 1645 1647
1646 1647 1648
1645 1637 1649
1647 1645 1649
1637 1639 1650
1649 1637 1650
1639 1651 1650
1639 1641 1651
1651 1652 1650
1641 1652 1651
1649 1650 1652
1644 1653 1641
1641 1653 1652
1644 1654 1653
1648 1647 1655
1648 1655 1656
1657 1656 1655
1657 1655 1658
1659 1657 1658
1647 1660 1655
1660 1658 1655
1661 1647 1649
1647 1661 1660
1652 1662 1649
1661 1649 1662
1652 1653 1663
1652 1663 1662
1664 1653 1654
1664 1663 1653
1665 1664 1654
1665 1654 1666
1665 1666 1667
1665 1667 1668
1668 1667 1669
1664 1665 1670
1668 1670 1665
1663 1664 1671
1664 1670 1671
1663 1672 1662
1663 1671 1672
1662 1673 1661
1662 1672 1673
1668 1669 1674
1675 1674 1669
1671 1676 1672
1671 1670 1676
1668 1677 1670
1674 1677 1668
1678 1672 1676
1678 1673 1672
1673 1678 1679
1661 1673 1680
1673 1679 1680
1661 1680 1660
1670 1681 1676
1670 1677 1681
1681 1678 1676
1682 1677 1674
1682 1681 1677
1680 1683 1660
1660 1683 1658
1679 1684 1680
1680 1684 1683
1683 1685 1658
1659 1658 1685
1686 1682 1674
1675 1686 1674
1687 1686 1675
1687 1675 1688
1689 1683 1684
1683 1689 1685
1659 1685 1690
1659 1690 1691
1686 1692 1682
1692 1686 1687
1693 1687 1688
1693 1688 1694
1695 1693 1694
1696 1687 1693
1696 1692 1687
1695 1697 1693
1696 1693 1697
1698 1697 1695
1698 1695 1699
1698 1699 1700
1697 1698 1701
1697 1701 1696
1702 1696 1701
1698 1700 1703
1703 1701 1698
1703 1700 1704
1692 1696 1705
1702 1705 1696
1692 1705 1706
1682 1692 1706
1707 1702 1701
1703 1707 1701
1708 1706 1705
1702 1708 1705
1702 1709 1708
1708 1710 1706
1702 1711 1709
1682 1706 1712
1710 1712 1706
1710 1713 1712
1712 1681 1682
1714 1712 1713
1712 1715 1681
1714 1715 1712
1681 1715 1678
1678 1715 1714
1678 1714 1679
1679 1714 1716
1717 1711 1702
1707 1717 1702
1718 1711 1717
1718 1717 1707
1719 1711 1718
1720 1711 1719
1721 1720 1719
1718 1707 1722
1722 1707 1703
1719 1718 1723
1722 1723 1718
1722 1703 1724
1703 1704 1724
1724 1725 1722
1722 1725 1723
1704 1726 1724
1724 1726 1725
1704 1727 1726
1727 1728 1726
1727 1729 1728
1728 1729 1730
1728 1730 1731
1731 1730 1732
1731 1732 1733
1733 1732 1734
1735 1733 1734
1731 1733 1735
1734 1736 1735
1734 1737 1736
1738 1736 1737
1738 1737 1739
1739 1740 1738
1739 1741 1740
1738 1740 1742
1743 1738 1742
1744 1738 1743
1744 1743 1745
1744 1745 1746
1746 1745 1747
1747 1748 1746
1749 1738 1744
1749 1736 1738
1746 1749 1744
1750 1735 1736
1750 1736 1749
1746 1748 1751
1751 1748 1752
1753 1751 1752
1754 1751 1753
1754 1753 1755
1754 1755 1756
1754 1756 1757
1757 1756 1758
1758 1759 1757
1760 1751 1754
1757 1760 1754
1746 1751 1761
1760 1761 1751
1746 1762 1749
1746 1761 1762
1749 1762 1763
1749 1763 1750
1762 1761 1764
1762 1764 1763
1765 1761 1760
1765 1764 1761
1757 1759 1766
1766 1759 1767
1767 1768 1766
1757 1769 1760
1765 1760 1769
1766 1768 1770
1770 1768 1771
1757 1766 1772
1772 1766 1770
1757 1772 1769
1772 1770 1773
1765 1769 1774
1772 1774 1769
1773 1775 1772
1772 1775 1774
1773 1776 1775
1774 1777 1765
1777 1764 1765
1776 1778 1775
1779 1778 1776
1780 1774 1775
1774 1780 1777
1777 1781 1764
1781 1763 1764
1775 1778 1782
1780 1775 1782
1783 1782 1778
1780 1782 1783
1784 1778 1779
1783 1778 1784
1785 1784 1779
1783 1784 1785
1785 1779 1786
1787 1777 1780
1783 1787 1780
1786 1788 1785
1786 1789 1788
1785 1790 1783
1790 1787 1783
1785 1788 1790
1787 1791 1777
1791 1781 1777
1790 1792 1787
1792 1791 1787
1793 1792 1790
1790 1788 1793
1789 1794 1788
1789 1795 1794
1794 1795 1796
1791 1792 1797
1793 1797 1792
1798 1793 1788
1798 1788 1794
1794 1796 1799
1800 1799 1796
1794 1799 1801
1794 1801 1798
1802 1793 1798
1802 1797 1793
1791 1797 1803
1803 1781 1791
1800 1804 1799
1804 1801 1799
1805 1803 1797
1802 1805 1797
1803 1806 1781
1805 1806 1803
1781 1806 1807
1781 1807 1763
1798 1801 1808
1798 1808 1802
1809 1804 1800
1809 1800 1810
1805 1811 1806
1807 1806 1811
1763 1807 1812
1763 1812 1750
1807 1811 1813
1812 1807 1813
1814 1811 1805
1814 1813 1811
1815 1805 1802
1814 1805 1815
1802 1808 1816
1802 1816 1815
1812 1817 1750
1817 1735 1750
1818 1814 1815
1818 1815 1816
1814 1819 1813
1818 1819 1814
1812 1813 1820
1817 1812 1820
1817 1821 1735
1731 1735 1821
1822 1821 1817
1817 1820 1822
1823 1822 1820
1820 1813 1824
1813 1819 1824
1823 1820 1824
1825 1731 1821
1822 1825 1821
1825 1822 1823
1825 1728 1731
1728 1825 1826
1825 1823 1826
1726 1728 1826
1827 1726 1826
1823 1827 1826
1726 1827 1725
1725 1827 1828
1823 1828 1827
1725 1828 1723
1829 1823 1824
1829 1828 1823
1723 1828 1829
1819 1829 1824
1723 1829 1830
1819 1830 1829
1719 1723 1830
1819 1831 1830
1831 1719 1830
1721 1719 1831
1818 1831 1819
1721 1831 1818
1721 1818 1832
1816 1832 1818
1816 1833 1832
1834 1833 1816
1834 1816 1808
1801 1834 1808
1835 1833 1834
1835 1836 1833
1837 1836 1835
1801 1838 1834
1804 1838 1801
1834 1838 1839
1839 1838 1804
1834 1839 1835
1839 1804 1809
1837 1835 1840
1840 1835 1839
1809 1841 1839
1840 1839 1841
1842 1840 1841
1843 1837 1840
1842 1843 1840
1843 1844 1837
1845 1844 1843
1845 1843 1846
1846 1843 1842
1847 1845 1846
1809 1848 1841
1810 1848 1809
1810 1849 1848
1841 1848 1850
1850 1848 1849
1842 1841 1850
1850 1849 1851
1852 1850 1851
1842 1850 1852
1852 1851 1853
1854 1852 1853
1855 1842 1852
1854 1855 1852
1856 1842 1855
1846 1842 1856
1857 1855 1854
1856 1855 1857
1857 1854 1858
1857 1858 1859
1857 1859 1860
1860 1859 1861
1857 1862 1856
1860 1862 1857
1856 1863 1846
1856 1862 1864
1856 1864 1863
1846 1863 1865
1847 1846 1865
1866 1863 1864
1865 1863 1866
1867 1864 1862
1866 1864 1867
1868 1862 1860
1867 1862 1868
1860 1861 1869
1868 1860 1869
1861 1870 1869
1870 1868 1869
1861 1871 1870
1865 1866 1872
1847 1865 1872
1847 1872 1873
1874 1866 1867
1874 1872 1866
1868 1875 1867
1874 1867 1875
1871 1876 1870
1871 1877 1876
1870 1878 1868
1868 1878 1875
1870 1879 1878
1876 1879 1870
1878 1879 1875
1880 1876 1877
1880 1877 1881
1880 1882 1876
1882 1879 1876
1880 1883 1882
1883 1884 1882
1883 1885 1884
1884 1885 1886
1882 1887 1879
1884 1887 1882
1879 1888 1875
1879 1887 1888
1875 1888 1889
1889 1888 1887
1875 1889 1874
1884 1886 1890
1890 1886 1891
1884 1892 1887
1890 1892 1884
1893 1887 1892
1889 1887 1893
1889 1894 1874
1874 1894 1872
1890 1895 1892
1893 1892 1895
1890 1891 1896
1895 1890 1896
1889 1897 1894
1893 1897 1889
1894 1898 1872
1897 1898 1894
1872 1898 1873
1899 1896 1891
1899 1891 1900
1895 1896 1901
1899 1901 1896
1893 1895 1902
1902 1895 1901
1893 1903 1897
1902 1903 1893
1897 1904 1898
1903 1904 1897
1900 1905 1899
1900 1906 1905
1907 1905 1906
1902 1901 1908
1902 1909 1903
1908 1909 1902
1903 1910 1904
1909 1910 1903
1911 1898 1904
1911 1904 1910
1899 1912 1901
1908 1901 1912
1899 1905 1913
1899 1913 1912
1907 1914 1905
1914 1913 1905
1915 1910 1909
1908 1915 1909
1908 1912 1916
1913 1916 1912
1914 1917 1913
1918 1917 1914
1918 1914 1907
1918 1907 1919
1920 1918 1919
1915 1921 1910
1921 1911 1910
1922 1915 1908
1922 1908 1916
1913 1923 1916
1913 1924 1923
1916 1923 1925
1924 1925 1923
1916 1925 1922
1924 1926 1925
1925 1926 1927
1925 1927 1928
1928 1922 1925
1928 1927 1691
1928 1691 1690
1929 1915 1922
1928 1929 1922
1690 1929 1928
1929 1921 1915
1690 1930 1929
1930 1921 1929
1930 1690 1685
1930 1685 1689
1930 1931 1921
1931 1930 1689
1921 1931 1911
1931 1689 1932
1932 1911 1931
1689 1684 1932
1933 1911 1932
1911 1933 1898
1873 1898 1933
1873 1933 1932
1934 1932 1684
1873 1932 1934
1934 1684 1935
1679 1935 1684
1679 1936 1935
1936 1934 1935
1716 1936 1679
1937 1873 1934
1936 1937 1934
1873 1937 1938
1938 1937 1936
1873 1938 1847
1938 1939 1847
1940 1939 1938
1716 1940 1941
1716 1941 1936
1940 1938 1941
1938 1936 1941
1942 1943 1944
1942 1945 1943
1945 1946 1943
1945 1947 1946
1948 1945 1942
1949 1947 1945
1948 1949 1945
1949 1950 1947
1951 1950 1949
1949 1948 1952
1951 1949 1953
1949 1952 1953
1954 1951 1953
1952 1954 1953
1954 1955 1951
1956 1955 1954
1956 1957 1955
1956 1958 1957
1956 1959 1958
1948 1960 1952
1961 1960 1948
1961 1962 1960
1961 1963 1962
1960 1964 1952
1962 1964 1960
1952 1965 1954
1964 1965 1952
1954 1965 1966
1954 1966 1956
1966 1965 1967
1956 1966 1967
1964 1967 1965
1959 1956 1968
1956 1967 1968
1959 1968 1969
1963 1970 1962
1963 1971 1970
1972 1970 1971
1972 1973 1970
1974 1973 1972
1962 1970 1975
1975 1970 1973
1976 1964 1962
1962 1975 1976
1967 1964 1977
1976 1977 1964
1967 1978 1968
1967 1977 1978
1979 1969 1968
1979 1968 1978
1980 1969 1979
1980 1981 1969
1980 1982 1981
1980 1983 1982
1983 1984 1982
1979 1985 1980
1983 1980 1985
1978 1986 1979
1979 1986 1985
1978 1977 1987
1978 1987 1986
1977 1976 1988
1977 1988 1987
1983 1989 1984
1990 1984 1989
1986 1987 1991
1986 1991 1985
1983 1985 1992
1989 1983 1992
1990 1989 1993
1994 1990 1993
1995 1991 1987
1995 1987 1988
1988 1996 1995
1976 1997 1988
1988 1997 1996
1976 1975 1997
1985 1991 1998
1985 1998 1992
1998 1991 1995
1999 1989 1992
1993 1989 1999
1999 1992 1998
1994 1993 2000
2001 1994 2000
1997 1975 2002
1975 1973 2002
1993 1999 2003
2000 1993 2003
2001 2000 2004
2005 2001 2004
2006 2004 2000
2006 2000 2003
2005 2004 2007
2006 2007 2004
2008 2005 2007
2008 2009 2005
2008 2010 2009
2007 2011 2008
2007 2006 2011
2012 2011 2006
2008 2013 2010
2013 2008 2011
2013 2014 2010
2003 2015 2006
2012 2006 2015
2003 2016 2015
1999 2016 2003
2017 2011 2012
2013 2011 2017
2018 2015 2016
2012 2015 2018
2012 2018 2019
2018 2016 2020
2012 2019 2021
1999 2022 2016
2020 2016 2022
2020 2022 2023
2022 1999 1998
2024 2023 2022
2022 1998 2025
2024 2022 2025
1998 1995 2025
1995 2024 2025
1995 1996 2024
1996 2026 2024
2027 2012 2021
2017 2012 2027
2028 2027 2021
2028 2017 2027
2029 2028 2021
2030 2029 2021
2031 2029 2030
2028 2032 2017
2032 2013 2017
2029 2033 2028
2032 2028 2033
2032 2034 2013
2013 2034 2014
2034 2032 2035
2032 2033 2035
2014 2034 2036
2034 2035 2036
2014 2036 2037
2037 2036 2038
2037 2038 2039
2038 2040 2039
2038 2041 2040
2041 2042 2040
2041 2043 2042
2043 2044 2042
2045 2044 2043
2041 2045 2043
2044 2045 2046
2044 2046 2047
2048 2047 2046
2048 2049 2047
2049 2048 2050
2049 2050 2051
2048 2052 2050
2053 2052 2048
2054 2053 2048
2054 2055 2053
2054 2056 2055
2056 2057 2055
2057 2056 2058
2059 2054 2048
2059 2048 2046
2056 2054 2059
2060 2046 2045
2060 2059 2046
2056 2061 2058
2061 2062 2058
2063 2062 2061
2064 2063 2061
2064 2065 2063
2064 2066 2065
2064 2067 2066
2067 2068 2066
2068 2067 2069
2070 2064 2061
2067 2064 2070
2056 2071 2061
2070 2061 2071
2056 2059 2072
2056 2072 2071
2059 2073 2072
2059 2060 2073
2072 2074 2071
2072 2073 2074
2075 2070 2071
2075 2071 2074
2067 2076 2069
2076 2077 2069
2077 2076 2078
2067 2070 2079
2075 2079 2070
2076 2080 2078
2080 2081 2078
2067 2082 2076
2082 2080 2076
2067 2079 2082
2082 2083 2080
2075 2084 2079
2082 2079 2084
2083 2082 2085
2082 2084 2085
2083 2085 2086
2087 2075 2074
2084 2075 2087
2088 2085 2084
2084 2087 2088
2086 2085 2089
2090 2086 2089
2087 2074 2091
2091 2074 2073
2088 2092 2085
2085 2092 2089
2088 2093 2092
2093 2089 2092
2094 2090 2089
2093 2094 2089
2095 2090 2094
2093 2095 2094
2095 2096 2090
2097 2088 2087
2093 2088 2097
2096 2095 2098
2096 2098 2099
2095 2093 2100
2100 2093 2097
2095 2100 2098
2097 2087 2101
2101 2087 2091
2100 2097 2102
2102 2097 2101
2103 2100 2102
2100 2103 2098
2099 2098 2104
2099 2104 2105
2104 2106 2105
2101 2107 2102
2103 2102 2107
2108 2098 2103
2108 2104 2098
2104 2109 2106
2110 2106 2109
2104 2111 2109
2104 2108 2111
2112 2108 2103
2112 2103 2107
2101 2113 2107
2113 2101 2091
2110 2109 2114
2114 2109 2111
2115 2107 2113
2112 2107 2115
2113 2091 2116
2115 2113 2116
2091 2117 2116
2091 2073 2117
2108 2112 2118
2108 2118 2111
2119 2110 2114
2119 2120 2110
2115 2116 2121
2117 2121 2116
2073 2122 2117
2073 2060 2122
2117 2123 2121
2122 2123 2117
2124 2115 2121
2124 2121 2123
2122 2060 2125
2125 2060 2045
2120 2119 2126
2120 2126 2127
2128 2127 2126
2128 2126 2129
2130 2128 2129
2119 2131 2126
2129 2126 2131
2130 2129 2132
2132 2129 2131
2133 2130 2132
2122 2134 2123
2125 2134 2122
2125 2045 2135
2041 2135 2045
2136 2125 2135
2125 2136 2134
2137 2134 2136
2138 2135 2041
2136 2135 2138
2138 2137 2136
2138 2041 2038
2038 2139 2138
2138 2139 2137
2036 2139 2038
2140 2139 2036
2137 2139 2140
2036 2035 2140
2035 2141 2140
2137 2140 2141
2035 2033 2141
2137 2142 2134
2134 2142 2123
2143 2137 2141
2033 2143 2141
2143 2142 2137
2123 2142 2144
2144 2142 2143
2124 2123 2144
2033 2145 2143
2144 2143 2145
2029 2145 2033
2146 2145 2029
2144 2145 2146
2031 2146 2029
2147 2144 2146
2031 2147 2146
2147 2124 2144
2031 2148 2147
2147 2149 2124
2124 2149 2115
2149 2112 2115
2150 2147 2148
2147 2150 2149
2112 2149 2150
2112 2150 2118
2150 2148 2151
2152 2118 2150
2152 2150 2151
2111 2118 2152
2153 2152 2151
2153 2151 2154
2155 2153 2154
2111 2152 2156
2114 2111 2156
2152 2157 2156
2157 2114 2156
2152 2153 2157
2157 2119 2114
2119 2157 2131
2158 2157 2153
2155 2158 2153
2158 2131 2157
2159 2158 2155
2159 2155 2160
2161 2159 2160
2162 2131 2158
2162 2158 2159
2132 2131 2162
2161 2163 2159
2163 2162 2159
2164 2163 2161
2165 2132 2162
2133 2132 2165
2166 2165 2162
2163 2166 2162
2167 2133 2165
2166 2167 2165
2167 2168 2133
2167 2169 2168
2167 2170 2169
2170 2171 2169
2167 2166 2172
2170 2167 2172
2166 2163 2173
2164 2174 2163
2163 2174 2173
2166 2173 2175
2166 2175 2172
2174 2176 2173
2176 2175 2173
2177 2172 2175
2176 2177 2175
2178 2170 2172
2177 2178 2172
2170 2179 2171
2178 2179 2170
2171 2179 2180
2180 2179 2178
2171 2180 2181
2174 2182 2176
2164 2182 2174
2183 2177 2176
2183 2176 2182
2178 2177 2184
2183 2184 2177
2181 2180 2185
2181 2185 2186
2180 2178 2187
2178 2184 2187
2180 2187 2188
2185 2180 2188
2187 2184 2188
2189 2186 2185
2189 2190 2186
2189 2185 2191
2191 2185 2188
2189 2191 2192
2192 2191 2193
2192 2193 2194
2193 2195 2194
2191 2188 2196
2193 2191 2196
2188 2184 2197
2188 2197 2196
2184 2198 2197
2198 2196 2197
2184 2183 2198
2193 2199 2195
2199 2200 2195
2193 2196 2201
2199 2193 2201
2202 2201 2196
2198 2202 2196
2198 2183 2203
2183 2182 2203
2199 2201 2204
2202 2204 2201
2199 2205 2200
2204 2205 2199
2198 2203 2206
2202 2198 2206
2203 2182 2207
2206 2203 2207
2208 2200 2205
2208 2209 2200
2204 2210 2205
2208 2205 2210
2202 2211 2204
2211 2210 2204
2202 2206 2212
2211 2202 2212
2182 2213 2207
2164 2213 2182
2209 2208 2214
2209 2214 2215
2216 2215 2214
2212 2206 2217
2206 2207 2217
2213 2164 2218
2164 2219 2218
2220 2218 2219
2220 2221 2218
2026 2221 2220
2221 2222 2218
2213 2218 2222
2026 2223 2221
2221 2223 2222
2026 1996 2223
2222 2224 2213
2223 2224 2222
2213 2225 2207
2224 2225 2213
2226 2217 2207
2226 2207 2225
1996 2227 2223
2223 2227 2224
2224 2228 2225
2227 2228 2224
2225 2228 2226
1996 2229 2227
2227 2229 2228
1996 1997 2229
1997 2002 2229
2230 2228 2229
2230 2229 2002
2226 2231 2217
2212 2217 2231
2228 2232 2226
2232 2228 2230
2002 2233 2230
2002 1973 2233
1974 2233 1973
2234 2226 2232
2234 2231 2226
2232 2230 2235
2235 2230 2233
2235 2234 2232
1974 2236 2233
2235 2233 2236
1974 2237 2236
2238 2212 2231
2211 2212 2238
2235 2239 2234
2236 2239 2235
2240 2236 2237
2236 2240 2239
2240 2237 2241
2242 2231 2234
2242 2238 2231
2239 2242 2234
2243 2211 2238
2243 2238 2242
2211 2243 2210
2239 2244 2242
2240 2244 2239
2244 2243 2242
2245 2240 2241
2240 2245 2244
2245 2241 2246
2247 2245 2246
2243 2248 2210
2208 2210 2248
2244 2249 2243
2249 2244 2245
2243 2249 2248
2247 2250 2245
2249 2245 2250
2251 2250 2247
2251 2249 2250
2251 2248 2249
2208 2248 2251
2208 2251 2214
2252 2214 2251
2252 2251 2253
2216 2214 2252
2254 2252 2253
2254 2216 2252
2254 2255 2216
2256 2255 2254
2257 2258 2259
2257 2260 2258
2261 2258 2260
2260 2257 2262
2261 2260 2263
2264 2261 2263
2260 2262 2265
2263 2260 2265
2266 2265 2262
2266 2262 2267
2268 2266 2267
2268 2269 2266
2270 2265 2266
2263 2265 2270
2271 2266 2269
2270 2266 2271
2272 2270 2271
2271 2269 2273
2272 2271 2273
2272 2273 2274
2274 2275 2272
2264 2263 2276
2276 2277 2264
2278 2263 2270
2278 2276 2263
2272 2278 2270
2276 2279 2277
2278 2279 2276
2280 2277 2279
2280 2281 2277
2282 2280 2279
2282 2279 2283
2278 2283 2279
2280 2284 2281
2278 2285 2283
2272 2285 2278
2285 2282 2283
2272 2275 2286
2272 2286 2285
2275 2287 2286
2275 2288 2287
2286 2289 2285
2285 2289 2282
2286 2287 2289
2288 2290 2287
2288 2291 2290
2292 2290 2291
2293 2289 2287
2289 2293 2282
2293 2287 2290
2294 2293 2290
2292 2295 2290
2294 2290 2295
2296 2295 2292
2296 2297 2295
2294 2295 2297
2298 2297 2296
2298 2299 2297
2299 2298 2300
2299 2300 2301
2301 2300 2302
2303 2301 2302
2297 2299 2304
2294 2297 2305
2297 2304 2305
2299 2301 2306
2299 2306 2304
2303 2307 2301
2308 2307 2303
2308 2303 2309
2301 2307 2310
2301 2310 2306
2310 2307 2308
2311 2308 2309
2311 2309 2312
2311 2313 2308
2310 2308 2313
2312 2314 2311
2311 2314 2313
2312 2315 2314
2315 2316 2314
2313 2314 2316
2313 2316 2317
2318 2313 2317
2318 2310 2313
2319 2310 2318
2319 2306 2310
2319 2320 2306
2306 2320 2304
2304 2320 2321
2322 2304 2321
2322 2305 2304
2323 2305 2322
2323 2294 2305
2294 2323 2324
2294 2324 2325
2325 2293 2294
2325 2324 2326
2325 2327 2293
2282 2293 2327
2325 2326 2328
2328 2326 2329
2330 2327 2325
2330 2325 2328
2282 2327 2331
2330 2331 2327
2328 2329 2332
2332 2329 2333
2328 2332 2334
2328 2334 2330
2335 2330 2334
2332 2333 2336
2334 2332 2336
2337 2336 2333
2282 2331 2338
2338 2280 2282
2330 2339 2331
2335 2339 2330
2338 2340 2280
2280 2340 2284
2331 2341 2338
2331 2339 2341
2340 2338 2341
2284 2340 2342
2341 2342 2340
2284 2342 2343
2339 2344 2341
2339 2335 2344
2341 2344 2342
2345 2344 2335
2343 2342 2346
2343 2346 2347
2348 2347 2346
2344 2349 2342
2346 2342 2349
2344 2345 2349
2348 2346 2350
2350 2346 2349
2351 2348 2350
2350 2349 2352
2352 2349 2345
2351 2350 2353
2352 2353 2350
2353 2354 2351
2353 2355 2354
2354 2355 2356
2357 2356 2355
2352 2358 2353
2355 2353 2358
2357 2355 2359
2359 2360 2357
2352 2345 2361
2358 2352 2361
2359 2355 2362
2355 2358 2362
2363 2360 2359
2363 2364 2360
2359 2362 2365
2363 2359 2365
2366 2364 2363
2366 2367 2364
2368 2367 2366
2366 2369 2368
2368 2370 2367
2371 2370 2368
2369 2371 2368
2371 2372 2370
2372 2371 2373
2369 2373 2371
2372 2373 2374
2373 2375 2374
2373 2376 2375
2369 2376 2373
2376 2377 2375
2376 2378 2377
2369 2378 2376
2379 2377 2378
2379 2378 2380
2380 2378 2369
2380 2381 2379
2366 2382 2369
2380 2369 2382
2363 2382 2366
2363 2383 2382
2380 2382 2383
2363 2365 2383
2380 2383 2384
2380 2384 2381
2365 2384 2383
2385 2381 2384
2365 2385 2384
2385 2386 2381
2385 2365 2362
2385 2387 2386
2385 2362 2388
2388 2387 2385
2388 2389 2387
2358 2388 2362
2389 2388 2390
2358 2391 2388
2390 2388 2391
2390 2391 2392
2358 2361 2391
2393 2392 2391
2393 2391 2361
2394 2393 2361
2394 2395 2393
2395 2394 2396
2394 2361 2345
2396 2394 2345
2395 2396 2397
2398 2396 2345
2345 2335 2398
2397 2396 2399
2397 2399 2400
2399 2401 2400
2402 2401 2399
2402 2403 2401
2402 2404 2403
2402 2405 2404
2402 2406 2405
2405 2407 2404
2408 2407 2405
2406 2408 2405
2408 2409 2407
2408 2410 2409
2411 2402 2399
2402 2411 2406
2396 2412 2399
2411 2399 2412
2413 2406 2411
2413 2411 2412
2396 2414 2412
2398 2414 2396
2415 2414 2398
2335 2415 2398
2412 2414 2416
2415 2416 2414
2413 2412 2417
2412 2416 2417
2335 2418 2415
2418 2419 2415
2335 2334 2418
2420 2416 2415
2420 2415 2419
2421 2416 2420
2421 2417 2416
2421 2420 2422
2422 2420 2419
2421 2423 2417
2417 2423 2424
2417 2424 2413
2422 2419 2425
2413 2424 2426
2419 2427 2425
2428 2413 2426
2428 2426 2429
2428 2429 2430
2413 2428 2406
2428 2430 2431
2431 2406 2428
2431 2430 2432
2419 2433 2427
2427 2433 2434
2431 2435 2406
2406 2435 2408
2432 2436 2431
2435 2431 2436
2432 2437 2436
2438 2408 2435
2408 2438 2410
2439 2436 2437
2439 2437 2440
2435 2436 2441
2438 2435 2441
2441 2436 2439
2410 2438 2442
2410 2442 2443
2438 2441 2444
2441 2439 2444
2438 2444 2442
2445 2439 2440
2444 2439 2445
2445 2440 2446
2443 2442 2447
2444 2447 2442
2443 2447 2448
2444 2445 2449
2446 2449 2445
2444 2449 2447
2449 2448 2447
2446 2450 2449
2449 2450 2448
2451 2452 2453
2451 2454 2452
2454 2451 2455
2455 2451 2456
2454 2457 2452
2456 2458 2455
2454 2459 2457
2454 2455 2459
2459 2460 2457
2459 2461 2460
2461 2462 2460
2459 2455 2463
2461 2459 2463
2461 2464 2462
2465 2462 2464
2465 2464 2466
2461 2463 2467
2464 2461 2467
2468 2466 2464
2464 2467 2468
2468 2469 2466
2469 2468 2470
2469 2470 2471
2463 2455 2472
2472 2467 2463
2473 2468 2467
2473 2470 2468
2472 2473 2467
2470 2474 2471
2475 2471 2474
2476 2475 2474
2472 2455 2477
2455 2458 2477
2478 2477 2458
2478 2458 2479
2480 2478 2479
2472 2477 2481
2478 2481 2477
2480 2482 2478
2481 2478 2482
2482 2480 2483
2472 2481 2484
2473 2472 2484
2476 2474 2485
2486 2476 2485
2482 2483 2487
2487 2483 2488
2481 2482 2489
2489 2484 2481
2473 2484 2490
2490 2470 2473
2491 2482 2487
2491 2489 2482
2487 2488 2492
2492 2491 2487
2493 2492 2488
2489 2494 2484
2490 2484 2494
2494 2489 2491
2493 2495 2492
2496 2495 2493
2492 2497 2491
2495 2497 2492
2494 2491 2498
2497 2498 2491
2496 2499 2495
2495 2500 2497
2500 2495 2499
2501 2497 2500
2497 2502 2498
2501 2502 2497
2496 2503 2499
2496 2504 2503
2505 2503 2504
2500 2499 2506
2506 2501 2500
2505 2507 2503
2508 2507 2505
2499 2503 2509
2499 2509 2506
2507 2509 2503
2506 2510 2501
2510 2506 2509
2508 2511 2507
2511 2508 2512
2511 2512 2513
2514 2513 2512
2507 2515 2509
2516 2507 2511
2516 2515 2507
2511 2513 2517
2511 2517 2516
2514 2518 2513
2518 2517 2513
2510 2509 2519
2515 2519 2509
2520 2518 2514
2520 2514 2521
2522 2520 2521
2522 2523 2520
2524 2523 2522
2524 2525 2523
2526 2523 2525
2525 2524 2527
2525 2527 2528
2528 2526 2525
2529 2528 2527
2530 2520 2523
2526 2530 2523
2531 2518 2520
2530 2531 2520
2529 2532 2528
2528 2532 2526
2533 2532 2529
2526 2532 2533
2533 2529 2534
2535 2533 2534
2526 2533 2535
2535 2534 2536
2526 2535 2537
2536 2537 2535
2526 2537 2530
2536 2538 2537
2530 2537 2539
2538 2539 2537
2530 2539 2531
2540 2531 2539
2538 2541 2539
2541 2540 2539
2541 2542 2540
2540 2542 2543
2540 2544 2531
2531 2544 2518
2518 2544 2517
2517 2544 2540
2540 2543 2545
2517 2540 2545
2546 2545 2543
2516 2517 2545
2546 2547 2545
2516 2545 2547
2547 2515 2516
2548 2547 2546
2547 2549 2515
2548 2549 2547
2515 2549 2519
2519 2549 2548
2519 2548 2550
2519 2550 2551
2519 2551 2510
2552 2510 2551
2552 2551 2553
2552 2501 2510
2552 2553 2554
2501 2552 2555
2552 2554 2555
2556 2501 2555
2501 2556 2502
2557 2555 2554
2557 2554 2558
2556 2559 2502
2556 2560 2559
2559 2498 2502
2556 2555 2561
2560 2556 2561
2562 2498 2559
2494 2498 2562
2563 2561 2555
2563 2555 2557
2557 2564 2563
2558 2565 2557
2557 2565 2564
2558 2566 2565
2565 2566 2567
2563 2568 2561
2560 2561 2568
2565 2567 2569
2564 2565 2569
2562 2559 2570
2570 2559 2560
2563 2571 2568
2564 2571 2563
2567 2572 2569
2567 2573 2572
2574 2572 2573
2575 2568 2571
2576 2575 2571
2564 2576 2571
2576 2577 2575
2575 2578 2568
2579 2577 2576
2578 2580 2568
2568 2580 2560
2578 2581 2580
2582 2580 2581
2579 2576 2583
2583 2576 2564
2584 2579 2583
2560 2580 2585
2582 2585 2580
2583 2564 2586
2564 2569 2586
2569 2587 2586
2587 2583 2586
2569 2572 2587
2584 2583 2588
2587 2588 2583
2584 2588 2589
2587 2589 2588
2584 2589 2590
2572 2591 2587
2587 2591 2589
2590 2589 2592
2590 2592 2593
2594 2593 2592
2589 2595 2592
2589 2591 2595
2591 2596 2595
2572 2597 2591
2591 2597 2596
2574 2597 2572
2596 2597 2574
2596 2574 2598
2596 2598 2599
2594 2592 2600
2600 2592 2595
2601 2594 2600
2596 2602 2595
2600 2595 2602
2596 2599 2603
2596 2603 2602
2603 2599 2604
2601 2600 2605
2605 2600 2602
2606 2601 2605
2607 2602 2603
2605 2602 2607
2603 2604 2608
2607 2603 2608
2609 2608 2604
2605 2607 2610
2610 2607 2608
2609 2611 2608
2610 2608 2611
2612 2611 2609
2612 2610 2611
2610 2612 2606
2606 2605 2613
2605 2610 2613
2610 2606 2613
2614 2615 2616
2614 2617 2615
2618 2617 2614
2617 2619 2615
2618 2620 2617
2620 2618 2621
2617 2622 2619
2620 2622 2617
2623 2619 2622
2620 2621 2624
2620 2624 2622
2625 2624 2621
2625 2626 2624
2622 2624 2626
2626 2625 2627
2623 2622 2628
2622 2626 2628
2629 2623 2628
2626 2627 2630
2630 2628 2626
2630 2627 2631
2629 2628 2632
2630 2632 2628
2632 2633 2629
2630 2631 2634
2632 2630 2634
2634 2631 2635
2632 2636 2633
2632 2634 2636
2637 2633 2636
2638 2634 2635
2638 2635 2639
2639 2640 2638
2638 2640 2641
2641 2640 2642
2641 2642 2643
2634 2644 2636
2634 2638 2644
2637 2636 2644
2641 2644 2638
2644 2645 2637
2641 2645 2644
2637 2645 2646
2645 2337 2646
2645 2647 2337
2641 2647 2645
2337 2647 2336
2641 2643 2648
2641 2648 2647
2647 2649 2336
2647 2648 2649
2334 2336 2649
2334 2649 2418
2643 2650 2648
2649 2648 2650
2643 2651 2650
2650 2651 2652
2649 2650 2653
2653 2418 2649
2650 2652 2653
2653 2654 2418
2418 2654 2419
2654 2433 2419
2652 2655 2653
2652 2656 2655
2655 2656 2657
2653 2658 2654
2654 2658 2433
2653 2655 2658
2655 2657 2659
2659 2657 2660
2659 2660 2661
2655 2662 2658
2433 2658 2662
2655 2659 2662
2659 2661 2663
2664 2663 2661
2433 2662 2665
2434 2433 2665
2434 2665 2666
2667 2666 2665
2659 2668 2662
2659 2663 2668
2665 2662 2668
2664 2669 2663
2669 2668 2663
2670 2669 2664
2669 2670 2671
2667 2665 2672
2665 2668 2672
2672 2673 2667
2669 2674 2668
2672 2668 2674
2675 2673 2672
2672 2674 2675
2675 2676 2673
2669 2671 2677
2677 2674 2669
2676 2675 2678
2676 2678 2679
2675 2674 2680
2677 2680 2674
2675 2680 2678
2681 2677 2671
2680 2677 2681
2681 2678 2680
2681 2671 2682
2683 2679 2678
2681 2683 2678
2683 2684 2679
2682 2685 2681
2685 2683 2681
2682 2686 2685
2687 2685 2686
2688 2687 2684
2688 2684 2683
2685 2688 2683
2687 2688 2685
2689 2690 2691
2689 2691 2692
2693 2692 2691
2692 2694 2689
2693 2695 2692
2696 2695 2693
2692 2697 2694
2695 2697 2692
2698 2694 2697
2698 2699 2694
2700 2699 2698
2700 2698 2701
2702 2698 2697
2695 2702 2697
2703 2701 2698
2702 2703 2698
2704 2703 2702
2703 2705 2701
2704 2705 2703
2704 2706 2705
2706 2704 2707
2696 2708 2695
2708 2696 2709
2710 2702 2695
2710 2695 2708
2704 2702 2710
2708 2709 2711
2710 2708 2711
2712 2711 2709
2712 2709 2713
2714 2711 2712
2714 2715 2711
2710 2711 2715
2712 2713 2716
2710 2715 2717
2704 2710 2717
2717 2715 2714
2704 2718 2707
2704 2717 2718
2707 2718 2719
2707 2719 2720
2718 2717 2721
2717 2714 2721
2718 2721 2719
2720 2719 2722
2720 2722 2723
2724 2723 2722
2725 2719 2721
2721 2714 2725
2725 2722 2719
2726 2722 2725
2724 2722 2727
2726 2727 2722
2728 2724 2727
2728 2727 2729
2726 2729 2727
2730 2728 2729
2730 2729 2731
2731 2732 2730
2731 2733 2732
2733 2734 2732
2735 2734 2733
2729 2736 2731
2726 2737 2729
2729 2737 2736
2731 2738 2733
2731 2736 2738
2735 2733 2739
2740 2735 2739
2740 2741 2735
2733 2742 2739
2733 2738 2742
2742 2740 2739
2743 2741 2740
2743 2744 2741
2743 2740 2745
2742 2745 2740
2744 2743 2746
2743 2745 2746
2744 2746 2747
2747 2746 2748
2745 2748 2746
2745 2749 2748
2750 2749 2745
2750 2745 2742
2751 2750 2742
2751 2742 2738
2751 2738 2752
2738 2736 2752
2736 2753 2752
2754 2753 2736
2754 2736 2737
2755 2754 2737
2755 2737 2726
2726 2756 2755
2726 2757 2756
2757 2726 2725
2757 2758 2756
2757 2725 2759
2714 2759 2725
2757 2760 2758
2760 2761 2758
2762 2757 2759
2762 2760 2757
2714 2763 2759
2762 2759 2763
2760 2764 2761
2764 2765 2761
2760 2766 2764
2760 2762 2766
2767 2766 2762
2764 2768 2765
2766 2768 2764
2769 2765 2768
2714 2770 2763
2770 2714 2712
2762 2763 2771
2767 2762 2771
2770 2712 2772
2712 2716 2772
2763 2770 2773
2763 2773 2771
2772 2773 2770
2716 2774 2772
2773 2772 2774
2716 2775 2774
2771 2773 2776
2771 2776 2767
2773 2774 2776
2777 2767 2776
2775 2778 2774
2775 2779 2778
2780 2778 2779
2776 2774 2781
2778 2781 2774
2776 2781 2777
2780 2782 2778
2782 2781 2778
2783 2782 2780
2782 2784 2781
2784 2777 2781
2783 2785 2782
2784 2782 2785
2785 2783 2786
2785 2786 2787
2786 2788 2787
2789 2787 2788
2784 2785 2790
2787 2790 2785
2789 2791 2787
2791 2789 2792
2784 2793 2777
2790 2793 2784
2791 2794 2787
2787 2794 2790
2795 2791 2792
2795 2792 2796
2791 2797 2794
2795 2797 2791
2798 2795 2796
2798 2796 2799
2800 2798 2799
2798 2800 2801
2800 2799 2802
2803 2800 2802
2801 2800 2803
2803 2802 2804
2804 2805 2803
2801 2803 2805
2804 2806 2805
2805 2806 2807
2805 2807 2808
2801 2805 2808
2808 2807 2809
2808 2809 2810
2801 2808 2810
2811 2810 2809
2811 2812 2810
2812 2801 2810
2812 2811 2813
2798 2801 2814
2812 2814 2801
2795 2798 2814
2795 2814 2815
2812 2815 2814
2795 2815 2797
2812 2816 2815
2812 2813 2816
2797 2815 2816
2817 2816 2813
2797 2816 2817
2817 2813 2818
2817 2794 2797
2817 2818 2819
2817 2820 2794
2820 2817 2819
2820 2819 2821
2790 2794 2820
2821 2822 2820
2790 2820 2823
2822 2823 2820
2822 2824 2823
2790 2823 2793
2825 2823 2824
2825 2793 2823
2826 2793 2825
2826 2825 2827
2827 2828 2826
2826 2777 2793
2828 2777 2826
2827 2829 2828
2830 2777 2828
2777 2830 2767
2829 2831 2828
2829 2832 2831
2831 2832 2833
2834 2831 2833
2834 2833 2835
2834 2835 2836
2834 2836 2837
2834 2837 2838
2837 2836 2839
2840 2837 2839
2838 2837 2840
2840 2839 2841
2840 2841 2842
2843 2831 2834
2834 2838 2843
2828 2831 2844
2843 2844 2831
2845 2843 2838
2845 2844 2843
2828 2844 2846
2830 2828 2846
2847 2830 2846
2767 2830 2847
2844 2848 2846
2847 2846 2848
2845 2849 2844
2844 2849 2848
2767 2847 2850
2850 2847 2851
2767 2850 2766
2852 2847 2848
2852 2851 2847
2853 2852 2848
2853 2848 2849
2853 2854 2852
2854 2851 2852
2853 2849 2855
2849 2856 2855
2849 2845 2856
2854 2857 2851
2845 2858 2856
2851 2857 2859
2860 2858 2845
2860 2861 2858
2860 2862 2861
2845 2838 2860
2860 2863 2862
2863 2860 2838
2863 2864 2862
2851 2859 2865
2859 2866 2865
2863 2838 2867
2838 2840 2867
2864 2863 2868
2867 2868 2863
2864 2868 2869
2870 2867 2840
2840 2842 2870
2867 2871 2868
2870 2871 2867
2872 2869 2868
2871 2872 2868
2872 2873 2869
2842 2874 2870
2842 2875 2874
2870 2876 2871
2871 2876 2872
2870 2874 2876
2877 2873 2872
2876 2877 2872
2877 2878 2873
2875 2879 2874
2876 2874 2879
2875 2880 2879
2876 2881 2877
2878 2877 2881
2876 2879 2881
2881 2879 2880
2878 2881 2882
2881 2880 2882
2883 2884 2885
2883 2885 2886
2886 2887 2883
2887 2888 2883
2886 2885 2889
2888 2887 2890
2886 2889 2891
2886 2891 2887
2891 2889 2892
2891 2892 2893
2893 2892 2894
2891 2895 2887
2893 2895 2891
2893 2894 2896
2897 2896 2894
2897 2898 2896
2893 2899 2895
2896 2899 2893
2900 2896 2898
2896 2900 2899
2900 2898 2901
2901 2902 2900
2901 2903 2902
2895 2904 2887
2904 2895 2899
2905 2899 2900
2905 2900 2902
2904 2899 2905
2902 2903 2906
2907 2906 2903
2908 2906 2907
2904 2909 2887
2887 2909 2890
2910 2890 2909
2910 2911 2890
2912 2911 2910
2904 2913 2909
2910 2909 2913
2912 2910 2914
2913 2914 2910
2914 2915 2912
2905 2916 2904
2904 2916 2913
2908 2917 2906
2918 2917 2908
2914 2919 2915
2919 2920 2915
2913 2921 2914
2921 2913 2916
2905 2922 2916
2922 2905 2902
2923 2919 2914
2923 2914 2921
2919 2924 2920
2924 2919 2923
2925 2920 2924
2921 2916 2926
2922 2926 2916
2926 2923 2921
2925 2924 2927
2928 2925 2927
2924 2923 2929
2927 2924 2929
2926 2930 2923
2929 2923 2930
2928 2927 2931
2927 2929 2932
2932 2931 2927
2933 2932 2929
2929 2930 2934
2933 2929 2934
2928 2931 2935
2928 2935 2936
2937 2936 2935
2932 2938 2931
2938 2932 2933
2937 2935 2939
2940 2937 2939
2931 2941 2935
2931 2938 2941
2939 2935 2941
2938 2933 2942
2942 2941 2938
2940 2939 2943
2943 2944 2940
2943 2945 2944
2946 2944 2945
2939 2941 2947
2948 2943 2939
2948 2939 2947
2943 2949 2945
2943 2948 2949
2946 2945 2950
2950 2945 2949
2942 2951 2941
2947 2941 2951
2952 2946 2950
2952 2953 2946
2954 2953 2952
2954 2952 2955
2956 2954 2955
2956 2955 2957
2958 2957 2955
2957 2959 2956
2957 2960 2959
2960 2957 2958
2961 2959 2960
2962 2955 2952
2958 2955 2962
2963 2952 2950
2962 2952 2963
2961 2960 2964
2960 2958 2964
2965 2961 2964
2958 2965 2964
2965 2966 2961
2967 2966 2965
2958 2967 2965
2967 2968 2966
2958 2969 2967
2968 2967 2969
2958 2962 2969
2968 2969 2970
2962 2971 2969
2970 2969 2971
2962 2963 2971
2972 2971 2963
2970 2971 2973
2973 2971 2972
2973 2972 2974
2972 2975 2974
2972 2963 2976
2963 2950 2976
2950 2949 2976
2949 2972 2976
2972 2977 2975
2949 2977 2972
2978 2975 2977
2948 2977 2949
2978 2977 2979
2948 2979 2977
2979 2948 2947
2980 2978 2979
2979 2947 2981
2980 2979 2981
2947 2951 2981
2951 2980 2981
2951 2982 2980
2951 2983 2982
2951 2942 2983
2984 2983 2942
2984 2985 2983
2984 2942 2933
2984 2986 2985
2933 2987 2984
2984 2987 2986
2988 2987 2933
2933 2934 2988
2989 2986 2987
2989 2990 2986
2988 2934 2991
2988 2991 2992
2991 2934 2930
2988 2993 2987
2992 2993 2988
2994 2991 2930
2926 2994 2930
2995 2987 2993
2995 2989 2987
2989 2995 2996
2990 2989 2997
2989 2996 2997
2990 2997 2998
2997 2999 2998
2995 2993 3000
2992 3000 2993
2997 3001 2999
2996 3001 2997
2994 3002 2991
3002 2992 2991
2995 3000 3003
2996 2995 3003
2999 3001 3004
2999 3004 3005
3006 3005 3004
3007 3003 3000
3008 3003 3007
2996 3003 3008
3008 3007 3009
3007 3000 3010
3011 3008 3009
3010 3000 3012
3010 3012 3013
3000 2992 3012
3014 3013 3012
3011 3015 3008
3015 2996 3008
3016 3015 3011
2992 3017 3012
3014 3012 3017
3015 3018 2996
2996 3018 3001
3001 3018 3019
3019 3018 3015
3001 3019 3004
3016 3020 3015
3019 3015 3020
3016 3021 3020
3019 3020 3021
3016 3022 3021
3004 3019 3023
3019 3021 3023
3022 3024 3021
3022 3025 3024
3026 3024 3025
3021 3024 3027
3021 3027 3023
3023 3027 3028
3004 3023 3029
3023 3028 3029
3006 3004 3029
3028 3006 3029
3028 3030 3006
3028 3031 3030
3026 3032 3024
3032 3027 3024
3033 3032 3026
3028 3027 3034
3032 3034 3027
3028 3035 3031
3028 3034 3035
3035 3036 3031
3033 3037 3032
3037 3034 3032
3038 3037 3033
3039 3035 3034
3037 3039 3034
3035 3040 3036
3039 3040 3035
3041 3036 3040
3037 3042 3039
3042 3040 3039
3041 3040 3043
3042 3043 3040
3044 3041 3043
3044 3043 3042
3042 3038 3044
3038 3045 3037
3037 3045 3042
3042 3045 3038
3046 3047 3048
3046 3048 3049
3050 3046 3049
3049 3048 3051
3050 3049 3052
3052 3053 3050
3049 3051 3054
3052 3049 3054
3055 3054 3051
3052 3056 3053
3052 3054 3056
3057 3053 3056
3057 3056 3058
3054 3058 3056
3058 3059 3057
3055 3060 3054
3054 3060 3058
3061 3060 3055
3058 3062 3059
3062 3058 3060
3062 3063 3059
3061 3064 3060
3062 3060 3064
3064 3061 3065
3062 3066 3063
3064 3066 3062
3066 3067 3063
3064 3065 3068
3064 3068 3066
3069 3068 3065
3070 3067 3066
3070 3071 3067
3071 3070 3072
3070 3073 3072
3073 3074 3072
3073 3075 3074
3066 3068 3076
3066 3076 3070
3069 3076 3068
3073 3070 3076
3076 3069 3077
3073 3076 3077
3069 3078 3077
3077 3078 2769
3077 2769 3079
3073 3077 3079
2769 2768 3079
3073 3080 3075
3073 3079 3080
3079 2768 3081
3079 3081 3080
2766 3081 2768
2766 2850 3081
3075 3080 3082
3081 3082 3080
3075 3082 3083
3082 3084 3083
3081 3085 3082
3085 3081 2850
3082 3085 3084
3085 2850 3086
2850 2851 3086
3086 2851 2865
3084 3085 3087
3084 3087 3088
3087 3089 3088
3085 3086 3090
3086 2865 3090
3085 3090 3087
3087 3091 3089
3091 3092 3089
3091 3093 3092
3087 3090 3094
2865 3094 3090
3087 3094 3091
3091 3095 3093
3096 3093 3095
2865 3097 3094
2866 3097 2865
2866 3098 3097
3099 3097 3098
3091 3094 3100
3091 3100 3095
3097 3100 3094
3096 3095 3101
3101 3095 3100
3102 3096 3101
3101 3103 3102
3099 3104 3097
3097 3104 3100
3104 3099 3105
3101 3100 3106
3104 3106 3100
3107 3104 3105
3104 3107 3106
3107 3105 3108
3101 3109 3103
3109 3101 3106
3108 3110 3107
3108 3111 3110
3107 3112 3106
3109 3106 3112
3107 3110 3112
3113 3103 3109
3112 3113 3109
3113 3112 3110
3113 3114 3103
3115 3110 3111
3113 3110 3115
3115 3111 3116
3114 3113 3117
3117 3113 3115
3114 3117 3118
3119 3118 3117
3120 3115 3116
3120 3116 3119
3117 3115 3120
3119 3117 3120
3121 3122 3123
3124 3121 3123
3121 3125 3122
3124 3126 3121
3125 3121 3127
3126 3127 3121
3125 3127 3128
3126 3129 3127
3127 3130 3128
3129 3131 3127
3127 3131 3130
3129 3132 3131
3131 3133 3130
3132 3134 3131
3131 3134 3133
3132 3135 3134
3133 3134 3136
3135 3136 3134
3133 3136 3137
3138 3137 3136
3135 3139 3136
3139 3138 3136
3138 3140 3137
3139 3141 3138
3138 3142 3140
3143 3138 3141
3138 3144 3142
3143 3144 3138
3145 3144 3143
3146 3142 3144
3145 3147 3144
3146 3144 3147
3148 3147 3145
3149 3146 3147
3148 3149 3147
3149 3150 3146
3151 3149 3148
3152 3150 3149
3151 3152 3149
3152 3153 3150
3154 3152 3151
3155 3153 3152
3154 3156 3152
3155 3152 3156
3157 3156 3154
3156 3158 3155
3157 3159 3156
3156 3159 3158
2582 3160 3161
3162 3161 3160
2582 3161 2585
3162 3163 3161
3164 3163 3162
3161 3163 3165
3164 3166 3163
3165 3163 3166
3167 2585 3161
3161 3165 3167
3164 3168 3166
3164 3169 3168
3170 3168 3169
3165 3166 3171
3167 3165 3172
3172 3165 3171
3166 3168 3173
3166 3173 3171
3168 3174 3173
3170 3175 3168
3168 3175 3174
3176 3175 3170
3174 3175 3176
3176 3170 3177
3178 3176 3177
3171 3173 3179
3174 3179 3173
3172 3171 3180
3171 3179 3180
3178 3181 3176
3181 3178 3182
3181 3182 3183
3181 3183 3184
3185 3183 3182
3185 3186 3183
3186 3184 3183
3187 3186 3185
3187 3188 3186
3186 3188 3184
3184 3188 3187
3184 3187 3189
3176 3181 3190
3181 3184 3190
3189 3191 3184
3191 3190 3184
3189 3192 3191
3176 3190 3193
3193 3190 3191
3174 3176 3193
3192 3194 3191
3193 3191 3194
3194 3174 3193
3192 3195 3194
3196 3194 3195
3194 3197 3174
3196 3197 3194
3174 3197 3179
3179 3197 3196
3179 3196 3198
3198 3180 3179
3198 3199 3180
3200 3180 3199
3200 3172 3180
3201 3172 3200
3201 3200 3202
3167 3172 3201
3201 3202 3203
3167 3201 3204
3201 3203 3204
3167 3204 3205
3167 3205 2585
2585 3205 3206
3206 3205 3204
2585 3206 2560
2570 2560 3206
3203 3207 3204
3203 3208 3207
3209 3207 3208
3206 3204 3210
3210 2570 3206
3207 3210 3204
3209 3211 3207
3210 3207 3211
3210 3212 2570
3212 2562 2570
3212 3213 2562
3214 3212 3210
3214 3210 3211
3215 3211 3209
3215 3209 3216
3216 3217 3215
3216 3218 3217
3217 3218 3219
3211 3215 3220
3217 3220 3215
3213 3212 3221
3214 3221 3212
3213 3222 2562
2494 2562 3222
2490 2494 3222
3223 2490 3222
3213 3223 3222
3223 3224 2490
2490 3224 2470
3211 3220 3225
3214 3211 3225
3226 3223 3213
3226 3224 3223
3227 2470 3224
3227 2474 2470
2474 3227 3228
3224 3228 3227
2474 3228 2485
3226 3229 3224
3224 3229 3228
3230 2485 3228
2486 2485 3230
3231 3228 3229
3230 3228 3231
3232 2486 3230
3231 3232 3230
3232 3233 2486
3231 3229 3234
3226 3234 3229
3231 3235 3232
3234 3235 3231
3234 3236 3235
3233 3232 3237
3237 3232 3235
3233 3237 3238
3239 3238 3237
3226 3240 3234
3240 3236 3234
3237 3235 3241
3236 3241 3235
3239 3237 3242
3242 3237 3241
3239 3242 3243
3239 3243 3244
3242 3241 3245
3245 3243 3242
3240 3226 3246
3226 3213 3246
3236 3247 3241
3245 3241 3247
3244 3243 3248
3244 3248 3249
3248 3250 3249
3251 3246 3213
3251 3213 3221
3248 3252 3250
3253 3250 3252
3254 3251 3221
3254 3221 3214
3253 3252 3255
3256 3255 3252
3255 3257 3253
3248 3258 3252
3256 3252 3258
3255 3259 3257
3256 3259 3255
3259 3260 3257
3256 3260 3259
3257 3260 3261
3262 3261 3260
3256 3262 3260
3261 3262 3263
3263 3262 3264
3256 3264 3262
3263 3264 3265
3266 3264 3256
3265 3264 3266
3266 3256 3258
3265 3266 3267
3267 3266 3268
3268 3266 3258
3267 3268 3269
3268 3258 3270
3248 3270 3258
3243 3270 3248
3243 3271 3270
3271 3268 3270
3245 3271 3243
3272 3269 3268
3271 3272 3268
3272 3273 3269
3274 3273 3272
3275 3271 3245
3275 3272 3271
3274 3272 3275
3276 3274 3275
3245 3247 3275
3276 3275 3247
3277 3276 3247
3277 3247 3236
3278 3277 3236
3278 3236 3279
3279 3236 3240
3280 3278 3279
3280 3279 3240
3280 3281 3278
3240 3246 3280
3281 3280 3282
3282 3280 3246
3281 3282 3283
3282 3246 3251
3284 3283 3282
3284 3282 3251
3284 3285 3283
3284 3251 3254
3285 3284 3286
3254 3286 3284
3285 3286 3287
3288 3287 3286
3254 3289 3286
3214 3289 3254
3214 3225 3289
3288 3286 3290
3290 3286 3289
3225 3291 3289
3290 3289 3291
3225 3220 3291
3288 3290 3292
3288 3292 3293
3291 3220 3294
3217 3294 3220
3290 3291 3295
3291 3294 3295
3290 3295 3292
3293 3292 3296
3296 3297 3293
3298 3294 3217
3295 3294 3298
3292 3295 3299
3292 3299 3296
3295 3298 3299
3298 3217 3300
3217 3219 3300
3301 3300 3219
3298 3300 3301
3301 3219 3302
3302 3303 3301
3302 3304 3303
3303 3304 3305
3298 3301 3306
3306 3299 3298
3303 3306 3301
3307 3296 3299
3306 3307 3299
3303 3305 3308
3309 3308 3305
3303 3310 3306
3310 3307 3306
3307 3311 3296
3296 3311 3297
3312 3310 3303
3312 3303 3308
3310 3313 3307
3311 3307 3313
3312 3313 3310
3311 3314 3297
3311 3313 3314
3297 3314 3315
3309 3316 3308
3316 3309 3317
3312 3318 3313
3314 3313 3318
3315 3314 3319
3314 3318 3319
3320 3315 3319
3308 3321 3312
3308 3316 3321
3318 3312 3321
3322 3321 3316
3316 3317 3323
3322 3316 3323
3323 3317 3324
3320 3319 3325
3318 3325 3319
3325 3326 3320
3318 3321 3327
3318 3327 3325
3322 3327 3321
3323 3324 3328
3328 3322 3323
3329 3328 3324
3325 3330 3326
3330 3325 3327
3331 3326 3330
3331 3330 3332
3330 3327 3333
3332 3330 3333
3322 3333 3327
3332 3333 3334
3334 3329 3332
3322 3334 3333
3329 3335 3328
3328 3335 3322
3322 3335 3334
3334 3335 3329
3014 3017 3336
3014 3336 3337
3338 3337 3336
3338 3336 3339
3340 3338 3339
3336 3341 3339
3340 3339 3342
3341 3342 3339
3343 3336 3017
3336 3343 3341
3340 3342 3344
3340 3344 3345
3346 3345 3344
3341 3347 3342
3343 3348 3341
3348 3347 3341
3342 3349 3344
3342 3347 3349
3344 3349 3350
3346 3344 3351
3344 3350 3351
3352 3346 3351
3350 3352 3351
3352 3353 3346
3354 3353 3352
3347 3355 3349
3350 3349 3355
3348 3356 3347
3347 3356 3355
3354 3352 3357
3357 3358 3354
3357 3359 3358
3357 3360 3359
3361 3358 3359
3361 3359 3362
3362 3359 3360
3363 3361 3362
3363 3362 3364
3362 3360 3364
3360 3363 3364
3360 3365 3363
3352 3366 3357
3357 3366 3360
3365 3360 3367
3367 3360 3366
3365 3367 3368
3352 3369 3366
3369 3367 3366
3350 3369 3352
3368 3367 3370
3369 3370 3367
3370 3369 3350
3368 3370 3371
3372 3371 3370
3370 3350 3373
3372 3370 3373
3350 3355 3373
3355 3372 3373
3355 3374 3372
3374 3355 3356
3374 3356 3375
3376 3375 3356
3376 3356 3348
3377 3376 3348
3377 3378 3376
3343 3377 3348
3377 3379 3378
3343 3380 3377
3377 3380 3379
3343 3381 3380
3343 3017 3381
3017 3382 3381
3382 3380 3381
3017 2992 3382
3002 3382 2992
3379 3380 3383
3379 3383 3384
3385 3384 3383
3382 3386 3380
3386 3382 3002
3383 3380 3386
3385 3383 3387
3386 3387 3383
3386 3002 3388
3388 3002 2994
3388 2994 3389
3390 3386 3388
3390 3387 3386
3391 3385 3387
3391 3392 3385
3392 3391 3393
3392 3393 3394
3393 3395 3394
3387 3396 3391
3393 3391 3396
3389 2994 3397
2926 3397 2994
2922 3397 2926
3398 3397 2922
3389 3397 3398
3398 2922 3399
2922 2902 3399
3387 3400 3396
3390 3400 3387
3401 3389 3398
3401 3398 3399
3402 3399 2902
3402 2902 2906
2906 3403 3402
3399 3402 3403
2906 2917 3403
3401 3399 3404
3399 3403 3404
3405 3403 2917
2918 3405 2917
3406 3404 3403
3405 3406 3403
3407 3405 2918
3406 3405 3407
3407 2918 3408
3406 3409 3404
3401 3404 3409
3406 3407 3410
3409 3406 3410
3409 3410 3411
3408 3412 3407
3412 3410 3407
3408 3413 3412
3414 3412 3413
3401 3409 3415
3415 3409 3411
3412 3416 3410
3411 3410 3416
3414 3417 3412
3417 3416 3412
3414 3418 3417
3414 3419 3418
3417 3420 3416
3420 3417 3418
3415 3421 3401
3401 3421 3389
3411 3416 3422
3420 3422 3416
3419 3423 3418
3419 3424 3423
3423 3424 3425
3423 3425 3426
3427 3426 3425
3427 3428 3426
3429 3426 3428
3428 3427 3430
3423 3426 3431
3429 3431 3426
3418 3423 3432
3423 3431 3432
3420 3418 3433
3418 3432 3433
3428 3430 3434
3429 3428 3434
3434 3430 3435
3429 3434 3435
3430 3436 3435
3437 3435 3436
3429 3435 3437
3436 3438 3437
3438 3439 3437
3429 3437 3439
3438 3440 3439
3441 3429 3439
3440 3441 3439
3441 3431 3429
3440 3442 3441
3443 3432 3431
3443 3431 3441
3442 3443 3441
3433 3432 3443
3442 3444 3443
3445 3443 3444
3433 3443 3445
3445 3444 3446
3447 3445 3446
3448 3433 3445
3447 3448 3445
3448 3420 3433
3449 3448 3447
3420 3448 3422
3449 3422 3448
3450 3422 3449
3450 3411 3422
3451 3411 3450
3451 3452 3411
3452 3415 3411
3453 3452 3451
3453 3415 3452
3453 3451 3454
3415 3453 3421
3454 3455 3453
3455 3421 3453
3454 3456 3455
3455 3457 3421
3457 3389 3421
3458 3455 3456
3458 3457 3455
3458 3456 3459
3457 3460 3389
3389 3460 3388
3390 3388 3460
3461 3460 3457
3458 3461 3457
3461 3390 3460
3459 3462 3458
3461 3458 3462
3459 3463 3462
3464 3462 3463
3390 3461 3465
3461 3462 3465
3390 3465 3400
3464 3466 3462
3466 3465 3462
3400 3465 3467
3466 3467 3465
3400 3467 3396
3464 3468 3466
3464 3469 3468
3467 3470 3396
3393 3396 3470
3466 3471 3467
3467 3471 3470
3466 3468 3471
3469 3472 3468
3472 3469 3473
3474 3393 3470
3471 3474 3470
3468 3475 3471
3468 3472 3475
3471 3475 3474
3474 3476 3393
3393 3476 3395
3477 3395 3476
3474 3477 3476
3477 3478 3395
3478 3477 3479
3478 3479 3480
3479 3481 3480
3474 3482 3477
3482 3474 3475
3479 3477 3482
3483 3475 3472
3482 3475 3483
3479 3484 3481
3485 3481 3484
3479 3482 3486
3486 3482 3483
3483 3472 3487
3472 3473 3487
3488 3479 3486
3488 3484 3479
3486 3483 3489
3487 3489 3483
3488 3486 3489
3487 3473 3490
3487 3490 3489
3473 3491 3490
3485 3484 3492
3492 3493 3485
3488 3489 3494
3490 3494 3489
3491 3495 3490
3490 3495 3494
3496 3495 3491
3484 3488 3497
3484 3497 3492
3494 3497 3488
3498 3492 3497
3492 3499 3493
3498 3499 3492
3499 3500 3493
3496 3501 3495
3494 3495 3501
3501 3496 3502
3494 3503 3497
3494 3501 3503
3498 3497 3503
3499 3504 3500
3504 3499 3498
3505 3500 3504
3501 3502 3506
3506 3503 3501
3507 3506 3502
3507 3508 3506
3506 3509 3503
3508 3509 3506
3498 3503 3509
3508 3510 3509
3510 3508 3505
3498 3509 3510
3505 3504 3511
3504 3498 3511
3498 3510 3511
3510 3505 3511
3512 3513 3514
3515 3512 3514
3513 3516 3514
3517 3515 3514
3516 3518 3514
3519 3517 3514
3518 3520 3514
3521 3519 3514
3520 3522 3514
3523 3521 3514
3522 3524 3514
3525 3523 3514
3524 3526 3514
3527 3525 3514
3526 3528 3514
3528 3527 3514
3529 3530 3531
3532 3530 3529
3531 3530 3533
3534 3530 3532
3533 3530 3535
3536 3530 3534
3535 3530 3537
3538 3530 3536
3537 3530 3539
3540 3530 3538
3539 3530 3541
3542 3530 3540
3541 3530 3543
3544 3530 3542
3543 3530 3545
3545 3530 3544
3546 3547 3548
3547 3549 3548
3546 3548 3550
3551 3546 3550
3551 3550 3552
3552 3550 3548
3553 3551 3552
3548 3549 3554
3549 3555 3554
3553 3552 3556
3557 3553 3556
3552 3548 3558
3558 3548 3554
3558 3556 3552
3555 3559 3554
3555 3560 3559
3557 3556 3561
3562 3557 3561
3558 3563 3556
3563 3561 3556
3558 3554 3564
3564 3554 3559
3560 3565 3559
3560 3566 3565
3562 3561 3567
3568 3562 3567
3569 3559 3565
3564 3559 3569
3566 3570 3565
3569 3565 3570
3566 3571 3570
3571 3572 3570
3569 3570 3572
3571 3573 3572
3558 3564 3574
3558 3574 3563
3564 3569 3575
3564 3575 3574
3569 3572 3575
3568 3567 3576
3577 3568 3576
3577 3576 3578
3579 3577 3578
3580 3579 3578
3581 3576 3567
3581 3578 3576
3581 3567 3561
3563 3581 3561
3563 3574 3582
3563 3582 3581
3575 3582 3574
3581 3582 3578
3575 3583 3582
3572 3583 3575
3583 3578 3582
3580 3578 3584
3583 3584 3578
3585 3580 3584
3585 3584 3586
3586 3584 3583
3586 3587 3585
3572 3588 3583
3586 3583 3588
3586 3588 3587
3573 3588 3572
3573 3587 3588
3589 3590 3591
3591 3590 3592
3589 3593 3590
3594 3593 3589
3594 3595 3593
3595 3590 3593
3596 3595 3594
3590 3597 3592
3592 3597 3598
3596 3599 3595
3600 3599 3596
3595 3601 3590
3601 3597 3590
3601 3595 3599
3598 3597 3602
3598 3602 3603
3600 3604 3599
3605 3604 3600
3601 3599 3606
3606 3599 3604
3601 3607 3597
3607 3602 3597
3603 3602 3608
3603 3608 3609
3605 3610 3604
3611 3610 3605
3612 3608 3602
3607 3612 3602
3609 3608 3613
3612 3613 3608
3609 3613 3614
3614 3613 3615
3612 3615 3613
3614 3615 3616
3601 3617 3607
3601 3606 3617
3607 3618 3612
3607 3617 3618
3612 3618 3615
3611 3619 3610
3620 3619 3611
3620 3621 3619
3622 3621 3620
3623 3621 3622
3624 3610 3619
3624 3619 3621
3624 3604 3610
3606 3604 3624
3606 3625 3617
3606 3624 3625
3618 3617 3625
3624 3621 3625
3618 3625 3626
3615 3618 3626
3626 3625 3621
3623 3627 3621
3626 3621 3627
3628 3627 3623
3628 3629 3627
3629 3626 3627
3629 3628 3630
3615 3626 3631
3629 3631 3626
3629 3630 3631
3616 3615 3631
3616 3631 3630
