byte offset: 0
first index: 0
index count: 8208
topology: trianglelist
format: DXGI_FORMAT_R16_UINT

0 1 2
0 3 4
0 5 3
5 6 3
5 0 7
5 8 6
9 5 7
5 9 8
9 7 10
9 11 8
11 9 12
13 11 12
13 12 14
10 15 9
15 12 9
10 16 15
15 16 17
18 14 12
18 19 14
12 20 18
15 21 12
12 21 20
15 17 22
22 21 15
17 23 22
17 24 23
25 23 24
20 21 26
22 26 21
23 26 22
20 26 27
27 26 28
23 28 26
27 28 29
28 30 29
23 31 28
28 31 30
25 32 23
23 32 31
33 32 25
33 31 32
33 25 34
31 35 30
35 36 30
36 35 37
35 38 37
33 39 31
31 39 35
35 39 38
33 38 39
40 41 42
42 43 44
42 44 45
46 45 44
46 44 47
48 46 47
48 49 46
48 47 50
51 49 48
51 52 49
48 50 53
51 48 53
54 53 50
54 55 53
56 53 55
51 53 56
56 55 57
58 56 57
51 56 58
58 57 59
58 59 60
52 51 61
51 58 61
52 61 62
58 60 63
63 61 58
63 60 64
63 64 65
66 62 61
63 66 61
63 65 66
66 67 62
66 65 68
67 66 68
67 68 69
70 71 72
73 74 75
76 77 78
76 79 80
76 80 81
81 80 82
81 83 76
81 82 84
85 83 81
81 84 85
85 86 83
85 84 87
87 88 85
89 88 87
89 90 88
86 85 91
91 85 88
86 91 92
91 93 92
94 88 90
94 90 95
88 94 96
91 88 97
88 96 97
91 98 93
97 98 91
99 93 98
99 100 93
99 101 100
102 97 96
97 102 98
99 98 102
102 96 103
104 102 103
99 102 104
104 103 105
104 105 106
99 104 107
104 106 107
99 108 101
99 107 108
109 101 108
107 109 108
109 110 101
107 106 111
111 106 112
112 113 111
111 113 114
107 115 109
107 111 115
111 114 115
114 109 115
116 117 118
117 119 120
117 121 119
122 119 121
122 123 119
124 123 122
124 122 125
124 126 123
127 124 125
127 125 128
124 129 126
127 129 124
130 126 129
130 129 131
132 131 129
127 132 129
132 133 131
134 133 132
127 134 132
134 135 133
134 136 135
128 137 127
127 137 134
128 138 137
134 139 136
139 134 137
139 140 136
139 141 140
142 137 138
139 137 142
139 142 141
142 138 143
142 144 141
143 144 142
143 145 144
146 147 148
149 150 151
152 153 154
152 155 153
156 153 155
156 155 157
155 152 158
159 157 155
155 158 160
159 155 160
158 161 160
159 160 161
159 161 162
158 163 161
161 164 162
163 165 161
161 165 164
163 166 165
165 167 164
166 168 165
165 168 167
166 169 168
170 167 168
169 171 168
170 168 171
169 172 171
173 170 171
174 171 172
173 171 174
174 172 175
176 173 174
174 175 177
176 174 178
174 177 178
179 176 178
177 179 178
179 180 176
177 181 179
182 183 184
182 184 185
186 182 185
185 184 187
186 185 188
188 189 186
185 187 190
190 187 191
192 188 185
192 185 190
193 192 190
190 191 194
193 190 194
194 191 195
194 195 196
193 194 196
193 196 197
197 198 193
188 199 189
192 199 188
200 189 199
200 201 189
202 200 199
202 199 203
192 203 199
200 204 201
192 205 203
193 205 192
205 202 203
193 198 206
193 206 205
198 207 206
198 208 207
206 209 205
205 209 202
206 207 209
208 210 207
208 211 210
212 210 211
213 209 207
209 213 202
213 207 210
214 213 210
212 215 210
214 210 215
216 215 212
216 217 215
214 215 217
218 217 216
218 219 217
219 218 220
219 220 221
221 220 222
223 221 222
217 219 224
214 217 225
217 224 225
219 221 226
219 226 224
223 227 221
228 227 223
228 223 229
221 227 230
221 230 226
230 227 228
231 228 229
231 229 232
231 233 228
230 228 233
232 234 231
231 234 233
232 235 234
235 236 234
233 234 236
233 236 237
238 233 237
238 230 233
239 230 238
239 226 230
239 240 226
226 240 224
224 240 241
242 224 241
242 225 224
243 225 242
243 214 225
214 243 244
214 244 245
245 213 214
245 244 246
245 247 213
202 213 247
245 246 248
248 246 249
250 247 245
250 245 248
202 247 251
250 251 247
248 249 252
252 249 253
248 252 254
248 254 250
255 250 254
252 253 256
254 252 256
257 256 253
202 251 258
258 200 202
250 259 251
255 259 250
258 260 200
200 260 204
251 261 258
251 259 261
260 258 261
204 260 262
261 262 260
204 262 263
259 264 261
259 255 264
261 264 262
265 264 255
263 262 266
263 266 267
268 267 266
264 269 262
266 262 269
264 265 269
268 266 270
270 266 269
271 268 270
270 269 272
272 269 265
271 270 273
272 273 270
273 274 271
273 275 274
274 275 276
277 276 275
272 278 273
275 273 278
277 275 279
279 280 277
272 265 281
278 272 281
279 275 282
275 278 282
283 280 279
283 284 280
279 282 285
283 279 285
286 284 283
286 287 284
288 287 286
286 289 288
288 290 287
291 290 288
289 291 288
291 292 290
292 291 293
289 293 291
292 293 294
293 295 294
293 296 295
289 296 293
296 297 295
296 298 297
289 298 296
299 297 298
299 298 300
300 298 289
300 301 299
286 302 289
300 289 302
283 302 286
283 303 302
300 302 303
283 285 303
300 303 304
300 304 301
285 304 303
305 301 304
285 305 304
305 306 301
305 285 282
305 307 306
305 282 308
308 307 305
308 309 307
278 308 282
309 308 310
278 311 308
310 308 311
310 311 312
278 281 311
313 312 311
313 311 281
314 313 281
314 315 313
315 314 316
314 281 265
316 314 265
315 316 317
318 316 265
265 255 318
317 316 319
317 319 320
319 321 320
322 321 319
322 323 321
322 324 323
322 325 324
322 326 325
325 327 324
328 327 325
326 328 325
328 329 327
328 330 329
331 322 319
322 331 326
316 332 319
331 319 332
333 326 331
333 331 332
316 334 332
318 334 316
335 334 318
255 335 318
332 334 336
335 336 334
333 332 337
332 336 337
255 338 335
338 339 335
255 254 338
340 336 335
340 335 339
341 336 340
341 337 336
341 340 342
342 340 339
341 343 337
337 343 344
337 344 333
342 339 345
333 344 346
339 347 345
348 333 346
348 346 349
348 349 350
333 348 326
348 350 351
351 326 348
351 350 352
339 353 347
347 353 354
351 355 326
326 355 328
352 356 351
355 351 356
352 357 356
358 328 355
328 358 330
359 356 357
359 357 360
355 356 361
358 355 361
361 356 359
330 358 362
330 362 363
358 361 364
361 359 364
358 364 362
365 359 360
364 359 365
365 360 366
363 362 367
364 367 362
363 367 368
364 365 369
366 369 365
364 369 367
369 368 367
366 370 369
369 370 368
371 372 373
371 374 372
375 374 371
374 376 372
375 377 374
377 375 378
374 379 376
377 379 374
380 376 379
377 378 381
377 381 379
382 381 378
382 383 381
379 381 383
383 382 384
380 379 385
379 383 385
386 380 385
383 384 387
387 385 383
387 384 388
386 385 389
387 389 385
389 390 386
387 388 391
389 387 391
391 388 392
389 393 390
389 391 393
394 390 393
395 391 392
395 392 396
396 397 395
395 397 398
398 397 399
398 399 400
391 401 393
391 395 401
394 393 401
398 401 395
401 402 394
398 402 401
394 402 403
402 257 403
402 404 257
398 404 402
257 404 256
398 400 405
398 405 404
404 406 256
404 405 406
254 256 406
254 406 338
400 407 405
406 405 407
400 408 407
407 408 409
406 407 410
410 338 406
407 409 410
410 411 338
338 411 339
411 353 339
409 412 410
409 413 412
412 413 414
410 415 411
411 415 353
410 412 415
412 414 416
416 414 417
416 417 418
412 419 415
353 415 419
412 416 419
416 418 420
421 420 418
353 419 422
354 353 422
354 422 423
424 423 422
416 425 419
416 420 425
422 419 425
421 426 420
426 425 420
427 426 421
426 427 428
424 422 429
422 425 429
429 430 424
426 431 425
429 425 431
432 430 429
429 431 432
432 433 430
426 428 434
434 431 426
433 432 435
433 435 436
432 431 437
434 437 431
432 437 435
438 434 428
437 434 438
438 435 437
438 428 439
440 436 435
438 440 435
440 441 436
439 442 438
442 440 438
439 443 442
444 442 443
445 444 441
445 441 440
442 445 440
444 445 442
446 447 448
448 449 446
450 449 448
451 446 449
449 450 452
451 449 453
449 452 454
454 453 449
455 454 452
455 456 454
454 457 453
456 458 454
458 457 454
458 459 457
459 458 460
460 458 461
459 460 462
462 460 463
462 463 464
463 460 464
464 465 462
464 466 465
467 464 460
467 460 468
464 469 466
469 464 470
466 469 471
471 469 472
471 472 473
473 472 474
473 474 475
476 477 478
476 478 479
480 479 478
480 481 479
479 482 476
483 479 481
479 484 482
483 484 479
482 484 485
483 485 484
483 486 485
482 485 487
485 486 488
487 485 489
485 488 489
487 489 490
489 488 491
490 489 492
489 491 492
490 492 493
494 492 491
493 492 495
494 495 492
493 495 496
497 495 494
498 496 495
497 498 495
498 499 496
500 498 497
498 501 499
500 502 498
498 502 501
503 502 500
501 502 503
503 500 504
501 503 505
506 507 508
506 509 507
510 509 506
509 511 507
510 512 509
512 510 513
509 514 511
514 515 511
516 509 512
516 514 509
517 514 516
514 518 515
517 518 514
518 519 515
518 520 519
517 520 518
517 521 520
521 517 522
512 513 523
516 512 523
524 523 513
524 513 525
526 523 524
526 527 523
516 523 527
524 525 528
516 527 529
517 516 529
529 527 526
517 530 522
517 529 530
522 530 531
522 531 532
530 529 533
529 526 533
530 533 531
532 531 534
532 534 535
536 535 534
537 531 533
533 526 537
537 534 531
538 534 537
536 534 539
538 539 534
540 536 539
540 539 541
538 541 539
542 540 541
542 541 543
543 544 542
543 545 544
545 546 544
547 546 545
541 548 543
538 549 541
541 549 548
543 550 545
543 548 550
547 545 551
552 547 551
552 553 547
545 554 551
545 550 554
554 552 551
555 553 552
555 556 553
555 552 557
554 557 552
556 555 558
555 557 558
556 558 559
559 558 560
557 560 558
557 561 560
562 561 557
562 557 554
563 562 554
563 554 550
563 550 564
550 548 564
548 565 564
566 565 548
566 548 549
567 566 549
567 549 538
538 568 567
538 569 568
569 538 537
569 570 568
569 537 571
526 571 537
569 572 570
572 573 570
574 569 571
574 572 569
526 575 571
574 571 575
572 576 573
576 577 573
572 578 576
572 574 578
579 578 574
576 580 577
578 580 576
581 577 580
526 582 575
582 526 524
574 575 583
579 574 583
582 524 584
524 528 584
575 582 585
575 585 583
584 585 582
528 586 584
585 584 586
528 587 586
583 585 588
583 588 579
585 586 588
589 579 588
587 590 586
587 591 590
592 590 591
588 586 593
590 593 586
588 593 589
592 594 590
594 593 590
595 594 592
594 596 593
596 589 593
595 597 594
596 594 597
597 595 598
597 598 599
598 600 599
601 599 600
596 597 602
599 602 597
601 603 599
603 601 604
596 605 589
602 605 596
603 606 599
599 606 602
607 603 604
607 604 608
603 609 606
607 609 603
610 607 608
610 608 611
612 610 611
610 612 613
612 611 614
615 612 614
613 612 615
615 614 616
616 617 615
613 615 617
616 618 617
617 618 619
617 619 620
613 617 620
620 619 621
620 621 622
613 620 622
623 622 621
623 624 622
624 613 622
624 623 625
610 613 626
624 626 613
607 610 626
607 626 627
624 627 626
607 627 609
624 628 627
624 625 628
609 627 628
629 628 625
609 628 629
629 625 630
629 606 609
629 630 631
629 632 606
632 629 631
632 631 633
602 606 632
633 634 632
602 632 635
634 635 632
634 636 635
602 635 605
637 635 636
637 605 635
638 605 637
638 637 639
639 640 638
638 589 605
640 589 638
639 641 640
642 589 640
589 642 579
641 643 640
641 644 643
643 644 645
646 643 645
646 645 647
646 647 648
646 648 649
646 649 650
649 648 651
652 649 651
650 649 652
652 651 653
652 653 654
655 643 646
646 650 655
640 643 656
655 656 643
657 655 650
657 656 655
640 656 658
642 640 658
659 642 658
579 642 659
656 660 658
659 658 660
657 661 656
656 661 660
579 659 662
662 659 663
579 662 578
664 659 660
664 663 659
665 664 660
665 660 661
665 666 664
666 663 664
665 661 667
661 668 667
661 657 668
666 669 663
657 670 668
663 669 671
672 670 657
672 673 670
672 674 673
657 650 672
672 675 674
675 672 650
675 676 674
663 671 677
671 678 677
675 650 679
650 652 679
676 675 680
679 680 675
676 680 681
682 679 652
652 654 682
679 683 680
682 683 679
684 681 680
683 684 680
684 685 681
654 686 682
654 687 686
682 688 683
683 688 684
682 686 688
689 685 684
688 689 684
689 690 685
687 691 686
688 686 691
687 692 691
688 693 689
690 689 693
688 691 693
693 691 692
690 693 694
693 692 694
695 696 697
695 697 698
699 695 698
698 697 700
699 698 701
701 702 699
698 700 703
701 698 703
704 703 700
701 705 702
701 703 705
706 702 705
706 705 707
703 707 705
707 708 706
704 709 703
703 709 707
710 709 704
707 711 708
711 707 709
711 712 708
710 713 709
711 709 713
713 710 714
711 715 712
713 715 711
715 716 712
713 714 717
713 717 715
718 717 714
719 716 715
719 720 716
720 719 721
719 722 721
722 723 721
722 724 723
715 717 725
715 725 719
718 725 717
722 719 725
725 718 726
722 725 726
718 727 726
726 727 581
726 581 728
722 726 728
581 580 728
722 729 724
722 728 729
728 580 730
728 730 729
578 730 580
578 662 730
724 729 731
730 731 729
724 731 732
731 733 732
730 734 731
734 730 662
731 734 733
734 662 735
662 663 735
735 663 677
733 734 736
733 736 737
736 738 737
734 735 739
735 677 739
734 739 736
736 740 738
740 741 738
740 742 741
736 739 743
677 743 739
736 743 740
740 744 742
745 742 744
677 746 743
678 746 677
678 747 746
748 746 747
740 743 749
740 749 744
746 749 743
745 744 750
750 744 749
751 745 750
750 752 751
748 753 746
746 753 749
753 748 754
750 749 755
753 755 749
756 753 754
753 756 755
756 754 757
750 758 752
758 750 755
757 759 756
757 760 759
756 761 755
758 755 761
756 759 761
762 752 758
761 762 758
762 761 759
762 763 752
764 759 760
762 759 764
764 760 765
763 762 766
766 762 764
763 766 767
768 767 766
769 764 765
769 765 768
766 764 769
768 766 769
770 771 772
771 770 773
774 771 773
775 773 770
773 776 774
775 777 773
773 778 776
778 773 777
778 779 776
778 780 779
778 777 781
780 778 782
782 778 781
782 781 783
784 782 783
784 785 782
784 783 786
786 787 784
786 788 787
787 788 784
788 786 789
788 789 790
784 788 791
784 791 792
788 790 793
793 794 788
790 795 793
795 796 793
795 797 796
797 798 796
797 799 798
800 801 802
800 802 803
804 800 803
804 805 800
806 803 802
806 802 807
805 804 808
805 808 809
810 804 803
810 803 806
807 811 806
807 812 811
811 812 813
806 811 814
806 814 810
804 810 815
804 815 808
809 808 816
809 816 817
811 813 818
814 811 818
813 819 818
813 820 819
819 820 821
810 814 822
810 822 815
823 808 815
823 816 808
817 816 824
817 824 825
814 818 826
819 826 818
819 821 827
828 827 821
816 829 824
816 823 829
825 824 830
829 830 824
825 830 831
830 832 831
833 814 826
833 822 814
834 822 833
830 835 832
835 836 832
829 837 830
837 835 830
823 838 829
838 837 829
833 826 839
819 839 826
827 839 819
835 840 836
840 841 836
837 842 835
842 840 835
840 843 841
843 844 841
823 845 838
815 845 823
815 822 845
834 845 822
838 845 834
838 846 837
846 842 837
842 847 840
847 843 840
838 834 848
846 838 848
846 849 842
849 847 842
843 850 844
847 851 843
851 850 843
844 850 852
844 852 853
850 854 852
850 855 854
851 855 850
856 851 847
849 856 847
854 855 857
854 857 858
859 855 851
856 859 851
859 857 855
857 859 860
858 857 861
857 860 861
862 861 860
858 861 863
862 863 861
862 864 863
864 862 865
859 856 866
866 856 849
859 866 860
866 849 867
846 867 849
865 862 868
865 868 869
870 869 868
871 860 866
867 871 866
846 872 867
846 848 872
867 873 871
873 867 872
872 848 874
834 874 848
873 872 875
872 874 875
862 860 876
871 877 860
860 877 876
878 862 876
878 868 862
871 873 879
879 877 871
880 876 877
880 878 876
879 881 877
877 881 880
882 873 875
873 883 879
873 882 883
884 883 882
879 883 885
879 885 881
884 885 883
882 875 886
886 875 874
884 882 887
882 886 887
888 884 887
887 886 888
889 881 885
880 881 890
889 890 881
884 891 885
891 889 885
886 874 892
893 888 886
893 886 892
892 874 894
834 894 874
895 894 834
895 834 833
833 839 895
892 894 896
896 894 895
897 895 839
896 895 897
897 839 898
827 898 839
893 892 899
896 899 892
900 896 897
898 900 897
896 901 899
900 901 896
902 893 899
903 899 901
902 899 903
904 901 900
903 901 904
902 905 893
893 905 888
904 906 903
907 903 906
907 902 903
904 908 906
907 909 902
902 909 905
907 910 909
910 911 909
911 905 909
910 912 911
904 900 913
908 904 913
888 905 914
911 914 905
912 915 911
915 914 911
912 916 915
900 917 913
898 917 900
918 908 913
918 913 917
908 918 919
888 914 920
888 920 884
917 898 921
921 918 917
922 919 918
921 922 918
922 923 919
924 920 914
915 924 914
925 884 920
924 925 920
925 891 884
926 923 922
926 927 923
922 928 926
922 929 928
921 929 922
929 930 928
931 891 925
891 931 889
932 925 924
931 925 932
931 933 889
890 889 933
932 924 934
915 934 924
890 933 935
935 880 890
880 935 936
878 880 936
937 935 933
936 935 937
931 938 933
938 937 933
938 939 937
936 937 940
941 939 938
878 936 942
942 936 940
868 878 942
942 940 943
944 938 931
941 938 944
944 931 932
945 941 944
868 942 946
943 946 942
870 868 946
943 947 946
870 946 947
870 947 948
949 944 932
945 944 949
949 950 945
949 932 934
949 951 950
934 951 949
952 950 951
952 951 953
951 916 953
934 954 951
951 954 916
915 954 934
915 916 954
955 956 957
955 957 958
955 958 959
955 959 960
957 961 958
957 962 961
963 960 959
963 964 960
965 964 963
958 966 959
958 961 966
967 961 962
967 962 968
965 963 969
969 970 965
971 963 959
971 959 966
969 963 971
972 966 961
972 961 967
973 967 968
973 968 974
969 975 970
975 976 970
977 971 966
977 966 972
978 972 967
978 967 973
979 973 974
979 974 980
969 971 981
975 969 981
975 982 976
983 976 982
984 973 979
984 978 973
985 979 980
984 979 985
985 980 986
985 986 987
971 988 981
971 977 988
975 981 989
982 975 989
988 989 981
985 987 990
990 987 991
984 985 992
992 985 990
990 991 993
993 991 994
995 984 992
995 978 984
992 990 996
996 990 993
993 994 997
997 994 998
995 999 978
999 972 978
999 977 972
977 999 1000
1000 999 995
977 1000 988
995 992 1001
1001 992 996
996 993 1002
1002 993 997
1003 988 1000
988 1003 989
1000 995 1004
1001 1004 995
1001 996 1005
1005 996 1002
1006 989 1003
982 989 1006
1003 1000 1007
1004 1007 1000
1006 1003 1008
1007 1008 1003
1002 997 1009
1005 1002 1010
1010 1002 1009
1009 997 1011
997 998 1011
1012 1011 998
1012 998 1013
1014 1011 1012
1009 1011 1015
1014 1015 1011
1010 1009 1016
1016 1009 1015
1017 1015 1014
1016 1015 1017
1018 1016 1017
1017 1014 1019
1020 1010 1016
1005 1010 1020
1020 1016 1018
1021 1017 1019
1018 1017 1021
1021 1019 1022
1023 1021 1022
1023 1024 1021
1018 1021 1024
1023 1025 1024
1005 1020 1026
1001 1005 1026
1018 1027 1020
1027 1026 1020
1025 1028 1024
1025 1029 1028
1030 1028 1029
1001 1026 1031
1026 1032 1031
1001 1031 1004
1032 1004 1031
1027 1033 1026
1026 1033 1032
1032 1034 1004
1004 1034 1007
1034 1035 1007
1007 1035 1008
1032 1036 1034
1034 1036 1035
1037 1033 1027
1033 1038 1032
1038 1033 1037
1032 1039 1036
1038 1039 1032
1040 1035 1036
1039 1040 1036
1041 1008 1035
1040 1041 1035
1042 1037 1027
1018 1042 1027
1018 1043 1042
1018 1024 1043
1044 1043 1024
1044 1024 1028
1045 1042 1043
1045 1043 1044
1042 1046 1037
1042 1045 1046
1047 1037 1046
1038 1037 1047
1041 1048 1008
1048 1041 1049
1049 1041 1040
1008 1048 1050
1008 1050 1006
1048 1049 1051
1050 1048 1051
1052 1050 1051
1050 1053 1006
1052 1053 1050
1049 1054 1051
1054 1052 1051
1054 1055 1052
1056 1054 1049
1052 1055 1057
1049 1040 1058
1056 1049 1058
1052 1057 1059
1059 1057 1060
1059 1060 1061
1062 1059 1061
1063 1052 1059
1062 1063 1059
1063 1053 1052
1064 1063 1062
1065 1058 1040
1039 1065 1040
1066 1056 1058
1065 1066 1058
1066 1067 1056
1068 1067 1066
1068 1066 1069
1069 1066 1065
1070 1068 1069
1070 1069 1071
1072 1070 1071
1069 1065 1073
1071 1069 1073
1065 1039 1074
1065 1074 1073
1074 1039 1075
1038 1075 1039
1076 1073 1074
1075 1076 1074
1038 1077 1075
1075 1077 1076
1038 1047 1077
1071 1073 1078
1076 1078 1073
1072 1071 1079
1079 1071 1078
1076 1080 1078
1079 1078 1080
1081 1072 1079
1082 1072 1081
1077 1047 1083
1047 1046 1083
1077 1084 1076
1076 1084 1080
1085 1079 1080
1085 1081 1079
1077 1083 1086
1077 1086 1084
1080 1084 1087
1080 1087 1085
1084 1086 1088
1088 1086 1083
1084 1088 1087
1089 1083 1046
1088 1083 1089
1087 1088 1090
1090 1088 1089
1085 1087 1091
1087 1090 1091
1081 1085 1092
1085 1091 1092
1093 1089 1046
1093 1046 1045
1093 1094 1089
1090 1089 1094
1095 1093 1045
1093 1095 1094
1045 1096 1095
1044 1096 1045
1094 1095 1097
1096 1097 1095
1098 1094 1097
1098 1090 1094
1090 1098 1099
1090 1099 1091
1091 1099 1100
1091 1100 1092
1096 1101 1097
1092 1100 1102
1044 1103 1096
1103 1101 1096
1028 1103 1044
1103 1104 1101
1028 1105 1103
1104 1103 1105
1030 1105 1028
1104 1105 1106
1030 1106 1105
1030 1107 1106
1092 1102 1108
1081 1092 1108
1082 1081 1108
1082 1108 1102
1082 1102 1109
1110 1111 1112
1111 1113 1112
1110 1114 1111
1114 1110 1115
1114 1115 1116
1116 1115 1117
1116 1117 1118
1119 1118 1117
1120 1114 1116
1118 1120 1116
1119 1121 1118
1122 1121 1119
1118 1123 1120
1121 1123 1118
1111 1124 1113
1125 1113 1124
1126 1113 1125
1125 1127 1126
1128 1127 1125
1128 1125 1129
1130 1111 1114
1111 1130 1124
1129 1125 1131
1132 1129 1131
1133 1125 1124
1131 1125 1133
1133 1124 1130
1132 1131 1134
1133 1134 1131
1135 1132 1134
1130 1114 1136
1120 1136 1114
1133 1130 1137
1136 1137 1130
1135 1134 1138
1138 1139 1135
1138 1140 1139
1140 1138 1141
1140 1141 1142
1133 1143 1134
1143 1138 1134
1143 1133 1137
1143 1141 1138
1144 1136 1120
1136 1144 1137
1143 1137 1145
1145 1141 1143
1145 1137 1144
1141 1146 1142
1147 1142 1146
1148 1147 1146
1144 1120 1149
1123 1149 1120
1148 1146 1150
1151 1148 1150
1152 1146 1141
1146 1153 1150
1146 1152 1153
1152 1141 1154
1145 1154 1141
1154 1153 1152
1151 1150 1155
1155 1150 1153
1156 1151 1155
1156 1157 1151
1155 1153 1158
1158 1156 1155
1157 1156 1159
1157 1159 1160
1161 1160 1159
1154 1162 1153
1158 1153 1162
1158 1163 1156
1159 1156 1163
1158 1162 1164
1164 1163 1158
1164 1165 1163
1166 1162 1154
1166 1164 1162
1159 1163 1167
1165 1167 1163
1161 1159 1168
1168 1159 1167
1161 1168 1169
1161 1169 1170
1168 1167 1171
1171 1169 1168
1166 1154 1172
1166 1172 1173
1172 1154 1145
1172 1145 1174
1173 1172 1174
1145 1144 1174
1144 1175 1174
1173 1174 1175
1144 1149 1175
1170 1169 1176
1170 1176 1177
1176 1178 1177
1176 1179 1178
1180 1178 1179
1180 1179 1181
1182 1181 1179
1181 1183 1180
1176 1184 1179
1182 1179 1184
1169 1185 1176
1176 1185 1184
1181 1186 1183
1182 1186 1181
1186 1187 1183
1182 1187 1186
1183 1187 1188
1189 1188 1187
1182 1189 1187
1188 1189 1190
1190 1189 1191
1182 1191 1189
1190 1191 1192
1193 1191 1182
1192 1191 1193
1193 1182 1184
1192 1193 1194
1195 1193 1184
1194 1193 1195
1195 1184 1185
1194 1195 1196
1197 1195 1185
1169 1197 1185
1171 1197 1169
1198 1196 1195
1197 1198 1195
1198 1199 1196
1200 1199 1198
1201 1198 1197
1200 1198 1201
1201 1197 1171
1202 1200 1201
1171 1203 1201
1202 1201 1203
1171 1167 1203
1204 1202 1203
1165 1203 1167
1204 1203 1165
1205 1204 1165
1205 1165 1206
1207 1205 1206
1207 1208 1205
1206 1165 1209
1207 1206 1209
1209 1165 1164
1166 1209 1164
1209 1166 1210
1209 1210 1207
1166 1173 1210
1208 1207 1211
1211 1207 1210
1208 1211 1212
1211 1210 1213
1213 1210 1173
1214 1212 1211
1214 1211 1213
1214 1215 1212
1215 1214 1216
1215 1216 1217
1218 1217 1216
1214 1213 1219
1219 1216 1214
1213 1173 1220
1219 1213 1220
1173 1221 1220
1221 1173 1175
1219 1220 1222
1222 1220 1221
1219 1223 1216
1222 1223 1219
1218 1216 1224
1224 1216 1223
1218 1224 1225
1218 1225 1226
1226 1225 1227
1227 1228 1226
1221 1175 1229
1222 1221 1230
1230 1221 1229
1175 1231 1229
1229 1231 1232
1175 1149 1231
1231 1149 1233
1123 1233 1149
1234 1233 1123
1235 1231 1233
1235 1232 1231
1234 1235 1233
1230 1229 1236
1229 1232 1236
1234 1123 1237
1121 1237 1123
1237 1121 1238
1122 1238 1121
1239 1234 1237
1237 1238 1239
1122 1240 1238
1122 1241 1240
1242 1240 1241
1238 1243 1239
1238 1240 1243
1242 1244 1240
1244 1243 1240
1245 1244 1242
1239 1246 1234
1246 1239 1243
1245 1247 1244
1247 1245 1248
1247 1248 1249
1250 1249 1248
1244 1251 1243
1252 1244 1247
1252 1251 1244
1247 1249 1253
1247 1253 1252
1250 1254 1249
1254 1253 1249
1246 1243 1255
1251 1255 1243
1256 1254 1250
1256 1250 1257
1258 1256 1257
1258 1259 1256
1260 1259 1258
1260 1261 1259
1262 1259 1261
1261 1260 1263
1261 1263 1264
1264 1262 1261
1265 1264 1263
1266 1256 1259
1262 1266 1259
1267 1254 1256
1266 1267 1256
1265 1268 1264
1264 1268 1262
1269 1268 1265
1262 1268 1269
1269 1265 1270
1271 1269 1270
1262 1269 1271
1271 1270 1272
1262 1271 1273
1272 1273 1271
1262 1273 1266
1272 1274 1273
1266 1273 1275
1274 1275 1273
1266 1275 1267
1276 1267 1275
1274 1277 1275
1277 1276 1275
1277 1278 1276
1276 1278 1279
1276 1280 1267
1267 1280 1254
1254 1280 1253
1253 1280 1276
1276 1279 1281
1253 1276 1281
1282 1281 1279
1252 1253 1281
1282 1283 1281
1252 1281 1283
1283 1251 1252
1284 1283 1282
1283 1285 1251
1284 1285 1283
1251 1285 1255
1255 1285 1284
1255 1284 1286
1255 1286 1287
1255 1287 1246
1288 1246 1287
1288 1287 1289
1288 1234 1246
1288 1289 1290
1234 1288 1291
1288 1290 1291
1235 1234 1291
1292 1291 1290
1292 1290 1293
1235 1291 1294
1232 1235 1294
1295 1294 1291
1295 1291 1292
1292 1296 1295
1293 1297 1292
1292 1297 1296
1293 1298 1297
1297 1298 1299
1295 1300 1294
1232 1294 1300
1297 1299 1301
1296 1297 1301
1295 1302 1300
1296 1302 1295
1299 1303 1301
1299 1304 1303
1305 1303 1304
1300 1306 1232
1232 1306 1307
1307 1236 1232
1308 1300 1302
1308 1309 1300
1309 1306 1300
1309 1310 1306
1311 1306 1310
1311 1307 1306
1312 1308 1302
1312 1313 1308
1314 1313 1312
1296 1312 1302
1314 1312 1315
1315 1312 1296
1316 1314 1315
1311 1317 1307
1311 1318 1317
1319 1317 1318
1315 1296 1320
1296 1301 1320
1301 1321 1320
1321 1315 1320
1301 1303 1321
1316 1315 1322
1321 1322 1315
1316 1322 1323
1321 1323 1322
1316 1323 1324
1303 1325 1321
1321 1325 1323
1324 1323 1326
1324 1326 1327
1328 1327 1326
1323 1329 1326
1323 1325 1329
1325 1330 1329
1303 1331 1325
1325 1331 1330
1305 1331 1303
1330 1331 1305
1330 1305 1332
1330 1332 1333
1328 1326 1334
1334 1326 1329
1335 1328 1334
1330 1336 1329
1334 1329 1336
1330 1333 1337
1330 1337 1336
1337 1333 1338
1335 1334 1339
1339 1334 1336
1340 1335 1339
1341 1336 1337
1339 1336 1341
1337 1338 1342
1341 1337 1342
1343 1342 1338
1339 1341 1344
1344 1341 1342
1343 1345 1342
1344 1342 1345
1346 1345 1343
1346 1344 1345
1344 1346 1340
1340 1339 1347
1339 1344 1347
1344 1340 1347
1348 1349 1319
1319 1349 1317
1348 1350 1349
1317 1349 1351
1351 1349 1350
1348 1352 1350
1348 1353 1352
1354 1352 1353
1317 1351 1355
1355 1307 1317
1355 1356 1307
1307 1356 1236
1236 1356 1357
1355 1357 1356
1236 1357 1230
1351 1350 1358
1355 1351 1359
1359 1351 1358
1350 1352 1360
1350 1360 1358
1352 1361 1360
1354 1362 1352
1352 1362 1361
1363 1362 1354
1361 1362 1363
1363 1354 1364
1365 1363 1364
1358 1360 1366
1361 1366 1360
1355 1367 1357
1355 1359 1367
1359 1358 1368
1358 1366 1368
1365 1369 1363
1369 1365 1370
1367 1359 1371
1371 1359 1368
1367 1371 1372
1371 1368 1373
1374 1373 1368
1374 1368 1366
1367 1372 1375
1367 1375 1357
1366 1376 1374
1375 1377 1357
1375 1378 1377
1377 1230 1357
1379 1377 1378
1230 1377 1380
1379 1380 1377
1222 1230 1380
1366 1381 1376
1361 1381 1366
1376 1381 1382
1382 1381 1361
1376 1382 1383
1384 1383 1382
1382 1361 1385
1361 1363 1385
1384 1382 1386
1385 1386 1382
1387 1384 1386
1387 1386 1388
1388 1389 1387
1363 1390 1385
1385 1390 1386
1386 1390 1388
1363 1369 1390
1369 1388 1390
1369 1391 1388
1369 1370 1391
1392 1391 1370
1392 1393 1391
1389 1393 1392
1393 1388 1391
1389 1394 1393
1388 1394 1389
1393 1394 1388
1222 1395 1223
1222 1380 1395
1395 1396 1223
1224 1223 1396
1380 1397 1395
1395 1397 1396
1224 1396 1398
1224 1398 1225
1380 1399 1397
1400 1397 1399
1399 1380 1379
1399 1379 1401
1401 1400 1399
1401 1402 1400
1400 1402 1403
1396 1397 1404
1396 1404 1398
1400 1404 1397
1225 1398 1405
1225 1405 1227
1398 1404 1406
1406 1404 1400
1398 1406 1405
1400 1403 1407
1406 1400 1407
1408 1407 1403
1406 1407 1408
1408 1403 1409
1409 1410 1408
1409 1411 1410
1410 1411 1412
1406 1408 1413
1413 1405 1406
1410 1413 1408
1414 1227 1405
1413 1414 1405
1410 1412 1415
1416 1415 1412
1410 1417 1413
1417 1414 1413
1414 1418 1227
1227 1418 1228
1419 1417 1410
1419 1410 1415
1417 1420 1414
1418 1414 1420
1419 1420 1417
1418 1421 1228
1418 1420 1421
1228 1421 1422
1416 1423 1415
1423 1416 1424
1419 1425 1420
1421 1420 1425
1422 1421 1426
1421 1425 1426
1427 1422 1426
1415 1428 1419
1415 1423 1428
1425 1419 1428
1429 1428 1423
1423 1424 1430
1429 1423 1430
1430 1424 1431
1427 1426 1432
1425 1432 1426
1432 1433 1427
1425 1428 1434
1425 1434 1432
1429 1434 1428
1430 1431 1435
1435 1429 1430
1436 1435 1431
1432 1437 1433
1437 1432 1434
1438 1433 1437
1438 1437 1439
1437 1434 1440
1439 1437 1440
1429 1440 1434
1439 1440 1441
1441 1436 1439
1429 1441 1440
1436 1442 1435
1435 1442 1429
1429 1442 1441
1441 1442 1436
1443 1444 1445
1445 1444 1446
1443 1445 1447
1447 1448 1443
1447 1449 1448
1449 1450 1448
1449 1451 1450
1452 1450 1451
1453 1449 1447
1451 1449 1453
1452 1451 1454
1455 1452 1454
1451 1453 1456
1454 1451 1456
1445 1446 1457
1458 1457 1446
1459 1458 1446
1458 1459 1460
1461 1458 1460
1461 1462 1458
1463 1447 1445
1445 1457 1463
1462 1464 1458
1465 1464 1462
1466 1457 1458
1464 1466 1458
1466 1463 1457
1465 1467 1464
1466 1464 1467
1468 1467 1465
1463 1469 1447
1453 1447 1469
1466 1470 1463
1469 1463 1470
1468 1471 1467
1471 1468 1472
1471 1472 1473
1473 1474 1471
1473 1475 1474
1466 1467 1476
1476 1467 1471
1476 1470 1466
1476 1471 1474
1477 1453 1469
1469 1470 1477
1476 1478 1470
1478 1476 1474
1478 1477 1470
1474 1475 1479
1480 1479 1475
1481 1479 1480
1477 1482 1453
1456 1453 1482
1481 1483 1479
1484 1483 1481
1485 1474 1479
1479 1483 1486
1479 1486 1485
1485 1487 1474
1478 1474 1487
1487 1485 1486
1484 1488 1483
1488 1486 1483
1489 1488 1484
1489 1484 1490
1488 1491 1486
1491 1488 1489
1490 1492 1489
1490 1493 1492
1494 1492 1493
1487 1486 1495
1491 1495 1486
1491 1489 1496
1492 1496 1489
1491 1497 1495
1497 1491 1496
1497 1496 1498
1499 1487 1495
1499 1495 1497
1492 1500 1496
1498 1496 1500
1494 1501 1492
1501 1500 1492
1494 1502 1501
1494 1503 1502
1501 1504 1500
1504 1501 1502
1499 1505 1487
1499 1506 1505
1505 1478 1487
1505 1507 1478
1506 1507 1505
1478 1507 1477
1477 1507 1508
1506 1508 1507
1477 1508 1482
1503 1509 1502
1503 1510 1509
1509 1510 1511
1509 1511 1512
1513 1512 1511
1513 1514 1512
1515 1512 1514
1514 1513 1516
1509 1512 1517
1515 1517 1512
1502 1509 1518
1509 1517 1518
1514 1516 1519
1515 1514 1519
1519 1516 1520
1515 1519 1520
1516 1521 1520
1522 1520 1521
1515 1520 1522
1521 1523 1522
1523 1524 1522
1515 1522 1524
1523 1525 1524
1526 1515 1524
1525 1526 1524
1526 1517 1515
1525 1527 1526
1528 1517 1526
1527 1528 1526
1528 1518 1517
1527 1529 1528
1530 1518 1528
1502 1518 1530
1504 1502 1530
1531 1528 1529
1530 1528 1531
1531 1529 1532
1533 1531 1532
1534 1530 1531
1533 1534 1531
1534 1504 1530
1535 1534 1533
1504 1534 1536
1535 1536 1534
1504 1536 1500
1537 1536 1535
1498 1500 1536
1537 1498 1536
1538 1498 1537
1538 1539 1498
1540 1539 1538
1540 1538 1541
1539 1542 1498
1540 1542 1539
1542 1497 1498
1499 1497 1542
1542 1543 1499
1542 1540 1543
1499 1543 1506
1541 1544 1540
1544 1543 1540
1541 1545 1544
1544 1546 1543
1546 1506 1543
1547 1544 1545
1547 1546 1544
1547 1545 1548
1548 1549 1547
1548 1550 1549
1551 1549 1550
1547 1552 1546
1552 1547 1549
1546 1553 1506
1552 1553 1546
1506 1553 1554
1554 1508 1506
1552 1555 1553
1555 1554 1553
1552 1549 1556
1555 1552 1556
1551 1557 1549
1557 1556 1549
1551 1558 1557
1551 1559 1558
1559 1560 1558
1560 1559 1561
1554 1562 1508
1555 1563 1554
1563 1562 1554
1508 1562 1564
1562 1565 1564
1508 1564 1482
1564 1566 1482
1456 1482 1566
1567 1456 1566
1568 1566 1564
1568 1564 1565
1567 1566 1568
1563 1569 1562
1562 1569 1565
1567 1570 1456
1454 1456 1570
1570 1571 1454
1455 1454 1571
1572 1570 1567
1570 1572 1571
1455 1571 1573
1455 1573 1574
1575 1574 1573
1571 1572 1576
1571 1576 1573
1575 1573 1577
1577 1573 1576
1578 1575 1577
1572 1567 1579
1579 1576 1572
1578 1577 1580
1580 1581 1578
1580 1582 1581
1583 1581 1582
1577 1576 1584
1585 1580 1577
1585 1577 1584
1580 1586 1582
1580 1585 1586
1583 1582 1587
1587 1582 1586
1579 1588 1576
1584 1576 1588
1589 1583 1587
1589 1590 1583
1591 1590 1589
1591 1589 1592
1593 1591 1592
1593 1592 1594
1595 1594 1592
1594 1596 1593
1594 1597 1596
1597 1594 1595
1598 1596 1597
1599 1592 1589
1595 1592 1599
1600 1589 1587
1599 1589 1600
1598 1597 1601
1597 1595 1601
1602 1598 1601
1595 1602 1601
1602 1603 1598
1604 1603 1602
1595 1604 1602
1604 1605 1603
1595 1606 1604
1605 1604 1606
1595 1599 1606
1605 1606 1607
1599 1608 1606
1607 1606 1608
1599 1600 1608
1609 1608 1600
1607 1608 1610
1610 1608 1609
1610 1609 1611
1609 1612 1611
1609 1600 1613
1600 1587 1613
1587 1586 1613
1586 1609 1613
1609 1614 1612
1586 1614 1609
1615 1612 1614
1585 1614 1586
1615 1614 1616
1585 1616 1614
1616 1585 1584
1617 1615 1616
1616 1584 1618
1617 1616 1618
1584 1588 1618
1588 1617 1618
1588 1619 1617
1588 1620 1619
1588 1579 1620
1621 1620 1579
1621 1622 1620
1621 1579 1567
1621 1623 1622
1567 1624 1621
1621 1624 1623
1568 1624 1567
1625 1623 1624
1625 1626 1623
1568 1627 1624
1565 1627 1568
1628 1624 1627
1628 1625 1624
1625 1628 1629
1626 1625 1630
1625 1629 1630
1626 1630 1631
1630 1632 1631
1628 1627 1633
1565 1633 1627
1630 1634 1632
1629 1634 1630
1628 1633 1635
1629 1628 1635
1632 1634 1636
1632 1636 1637
1638 1637 1636
1633 1565 1639
1565 1640 1639
1640 1565 1569
1641 1635 1633
1641 1633 1642
1642 1633 1639
1642 1639 1643
1644 1643 1639
1644 1639 1640
1645 1635 1641
1645 1641 1646
1647 1645 1646
1629 1635 1645
1647 1648 1645
1648 1629 1645
1649 1648 1647
1644 1640 1650
1644 1650 1651
1652 1651 1650
1648 1653 1629
1629 1653 1634
1634 1653 1654
1654 1653 1648
1634 1654 1636
1649 1655 1648
1654 1648 1655
1649 1656 1655
1654 1655 1656
1649 1657 1656
1636 1654 1658
1654 1656 1658
1657 1659 1656
1657 1660 1659
1661 1659 1660
1656 1659 1662
1656 1662 1658
1658 1662 1663
1636 1658 1664
1658 1663 1664
1638 1636 1664
1663 1638 1664
1663 1665 1638
1663 1666 1665
1661 1667 1659
1667 1662 1659
1668 1667 1661
1663 1662 1669
1667 1669 1662
1663 1670 1666
1663 1669 1670
1670 1671 1666
1668 1672 1667
1672 1669 1667
1673 1672 1668
1674 1670 1669
1672 1674 1669
1670 1675 1671
1674 1675 1670
1676 1671 1675
1672 1677 1674
1677 1675 1674
1676 1675 1678
1677 1678 1675
1679 1676 1678
1679 1678 1677
1677 1673 1679
1673 1680 1672
1672 1680 1677
1677 1680 1673
1681 1652 1682
1652 1650 1682
1681 1682 1683
1650 1684 1682
1684 1683 1682
1681 1683 1685
1681 1685 1686
1687 1686 1685
1650 1688 1684
1688 1650 1640
1688 1640 1689
1640 1569 1689
1569 1690 1689
1688 1689 1690
1569 1563 1690
1684 1691 1683
1688 1692 1684
1692 1691 1684
1683 1693 1685
1683 1691 1693
1685 1693 1694
1687 1685 1695
1685 1694 1695
1696 1687 1695
1694 1696 1695
1696 1697 1687
1698 1697 1696
1691 1699 1693
1694 1693 1699
1688 1690 1700
1688 1700 1692
1692 1701 1691
1691 1701 1699
1698 1696 1702
1702 1703 1698
1700 1704 1692
1704 1701 1692
1700 1705 1704
1704 1706 1701
1707 1701 1706
1707 1699 1701
1700 1708 1705
1700 1690 1708
1699 1707 1709
1708 1690 1710
1708 1710 1711
1710 1690 1563
1712 1711 1710
1563 1713 1710
1712 1710 1713
1555 1713 1563
1699 1709 1714
1694 1699 1714
1709 1715 1714
1715 1694 1714
1709 1716 1715
1717 1715 1716
1715 1718 1694
1694 1718 1696
1717 1719 1715
1718 1715 1719
1720 1719 1717
1720 1721 1719
1721 1720 1722
1696 1718 1723
1718 1719 1723
1719 1721 1723
1696 1723 1702
1702 1723 1721
1702 1721 1724
1702 1724 1703
1725 1703 1724
1725 1724 1726
1722 1725 1726
1726 1724 1721
1722 1726 1727
1721 1722 1727
1726 1721 1727
1555 1556 1728
1555 1728 1713
1728 1556 1729
1557 1729 1556
1713 1728 1730
1728 1729 1730
1557 1731 1729
1557 1558 1731
1713 1730 1732
1733 1732 1730
1732 1712 1713
1732 1734 1712
1734 1732 1733
1734 1733 1735
1733 1736 1735
1729 1737 1730
1729 1731 1737
1733 1730 1737
1558 1738 1731
1558 1560 1738
1731 1739 1737
1739 1733 1737
1731 1738 1739
1733 1740 1736
1739 1740 1733
1741 1736 1740
1739 1741 1740
1741 1742 1736
1742 1741 1743
1742 1743 1744
1743 1745 1744
1739 1746 1741
1746 1739 1738
1743 1741 1746
1747 1738 1560
1746 1738 1747
1743 1748 1745
1749 1745 1748
1743 1746 1750
1750 1746 1747
1747 1560 1751
1560 1561 1751
1752 1743 1750
1752 1748 1743
1750 1747 1753
1751 1753 1747
1752 1750 1753
1751 1561 1754
1751 1754 1753
1561 1755 1754
1749 1748 1756
1756 1757 1749
1752 1753 1758
1754 1758 1753
1755 1759 1754
1754 1759 1758
1760 1759 1755
1748 1752 1761
1748 1761 1756
1758 1761 1752
1762 1756 1761
1756 1763 1757
1762 1763 1756
1763 1764 1757
1760 1765 1759
1758 1759 1765
1765 1760 1766
1758 1767 1761
1758 1765 1767
1762 1761 1767
1763 1768 1764
1768 1763 1762
1769 1764 1768
1765 1766 1770
1770 1767 1765
1771 1770 1766
1771 1772 1770
1770 1773 1767
1772 1773 1770
1762 1767 1773
1772 1774 1773
1774 1772 1769
1762 1773 1774
1769 1768 1775
1768 1762 1775
1762 1774 1775
1774 1769 1775
1776 1777 1778
1776 1779 1777
1777 828 1778
1777 1779 930
1777 1780 828
828 1780 827
1777 930 1781
1781 1780 1777
929 1781 930
1782 1781 929
1781 1782 1780
1782 929 921
1780 1783 827
1780 1782 1783
921 1783 1782
1783 898 827
898 1783 921
1784 1785 1786
1784 1786 1787
1786 1785 983
1786 1064 1787
1786 983 1788
983 982 1788
1786 1789 1064
1789 1786 1788
1064 1789 1063
1789 1790 1063
1789 1788 1790
1790 1053 1063
1788 982 1791
1788 1791 1790
1053 1790 1791
1791 982 1006
1006 1053 1791
