byte offset: 0
first index: 0
index count: 9750
topology: trianglelist
format: DXGI_FORMAT_R16_UINT

0 1 2
3 4 0
5 3 0
5 0 6
7 5 6
6 0 8
0 9 8
7 6 10
11 7 10
6 8 12
12 10 6
12 8 13
13 8 14
13 14 15
12 13 16
16 13 17
18 17 13
18 19 17
12 20 10
20 12 16
11 10 21
11 21 22
11 22 23
22 24 23
25 21 10
25 10 20
21 25 22
22 26 24
26 27 24
26 28 27
28 29 27
28 30 29
31 29 30
20 16 32
20 33 25
20 32 33
32 16 34
16 17 34
35 33 32
32 34 35
25 36 22
37 26 22
36 37 22
38 28 26
38 26 37
33 39 25
39 36 25
37 36 40
37 40 38
39 40 36
28 38 41
28 41 30
40 42 38
41 38 42
35 43 33
43 39 33
39 44 40
44 42 40
43 45 39
39 45 44
46 30 41
47 41 42
47 46 41
44 48 42
48 47 42
45 49 44
44 49 48
50 30 46
50 31 30
50 51 31
50 46 52
52 53 50
47 54 46
46 54 52
48 55 47
55 54 47
49 56 48
55 48 56
55 57 54
52 54 57
58 55 56
55 58 57
49 59 56
58 56 60
60 56 59
61 59 49
45 61 49
62 61 45
43 62 45
43 63 62
35 63 43
35 64 63
64 35 34
64 34 65
65 34 17
66 63 64
66 64 65
63 67 62
66 67 63
61 68 59
62 69 61
61 69 68
62 67 70
62 70 69
67 71 70
70 72 69
72 70 71
72 73 69
69 73 68
59 68 74
59 74 60
72 71 75
73 72 75
76 68 73
74 68 76
73 75 77
77 76 73
60 74 78
74 76 79
74 79 78
60 78 80
60 80 58
77 81 76
79 76 81
79 82 78
82 80 78
58 80 83
58 83 57
84 79 81
84 82 79
82 84 85
82 85 86
82 87 80
87 83 80
87 82 88
89 57 83
52 57 89
89 90 52
84 81 91
84 91 92
91 81 93
77 93 81
77 94 93
75 94 77
75 95 94
71 95 75
71 96 95
97 96 71
97 71 98
98 71 67
98 99 97
100 98 67
98 100 99
100 67 66
99 100 101
99 101 102
103 100 66
103 101 100
66 65 103
102 101 104
102 104 105
105 104 106
103 65 107
65 17 107
101 103 108
101 108 104
103 107 108
104 108 109
107 110 108
107 111 110
112 107 17
112 17 113
105 114 115
104 116 117
3 118 119
120 121 122
123 124 122
124 125 122
125 126 122
122 126 127
128 122 127
126 125 129
127 126 130
130 126 129
129 131 130
127 130 132
132 130 131
132 133 127
132 134 133
132 131 135
135 134 132
136 125 124
137 129 125
137 125 136
137 138 129
129 139 131
138 139 129
140 131 139
138 140 139
137 136 141
124 142 136
141 136 142
143 138 137
141 143 137
131 144 135
140 145 131
131 145 144
146 142 124
146 124 147
148 147 124
146 149 142
147 150 146
150 149 146
151 150 147
152 141 142
142 149 152
135 144 153
144 154 153
144 155 154
155 144 145
135 153 156
135 156 134
155 145 157
145 140 157
153 158 156
134 156 158
157 140 159
160 155 157
159 160 157
161 155 160
162 159 140
162 140 138
163 160 159
164 160 163
162 165 159
165 163 159
166 162 138
162 167 165
167 162 166
163 165 168
167 168 165
166 138 169
143 169 138
166 169 170
143 170 169
167 166 171
166 170 171
143 172 170
172 143 141
173 171 170
173 170 172
172 141 174
174 141 152
175 163 168
175 176 163
177 163 176
178 168 167
175 168 179
168 178 179
176 175 180
180 175 179
181 176 180
178 167 182
167 171 182
172 174 183
172 183 184
173 172 184
173 185 171
184 186 173
185 173 186
185 187 171
171 187 182
183 188 184
184 188 186
189 186 188
185 186 190
187 185 190
189 190 186
191 182 187
187 190 192
191 187 192
189 193 190
193 192 190
191 194 182
178 182 194
194 195 178
191 195 194
195 196 178
179 178 196
191 192 197
191 198 195
198 191 197
193 199 192
192 199 197
200 196 195
198 200 195
200 201 196
196 201 202
196 202 179
198 203 200
179 202 204
204 202 205
180 179 204
204 206 180
203 198 207
198 197 207
203 207 208
207 197 209
209 197 199
208 207 210
207 209 210
208 210 211
212 211 210
210 209 212
212 213 211
199 214 209
212 209 214
213 212 215
212 214 215
213 215 216
199 217 214
217 199 193
217 193 218
218 193 189
217 219 214
218 219 217
215 214 220
214 219 220
221 216 215
221 222 216
222 221 223
222 223 224
225 215 220
225 221 215
221 225 226
221 226 227
220 219 228
220 228 225
225 228 229
225 229 230
228 219 231
218 231 219
231 218 232
218 189 232
228 231 233
228 233 234
228 234 235
236 233 231
233 236 237
233 237 238
231 232 239
236 231 239
240 239 232
236 239 240
241 232 189
240 232 241
236 240 242
242 243 236
242 244 243
245 242 240
245 246 242
245 247 246
241 189 248
189 188 248
241 249 240
245 240 249
248 188 250
183 250 188
251 241 248
241 251 249
248 250 252
251 248 252
183 253 250
250 253 252
251 254 249
252 254 251
255 245 249
249 254 255
255 256 245
256 257 245
256 258 257
256 255 259
254 259 255
252 260 254
260 252 253
261 253 183
174 261 183
256 259 262
262 263 256
262 264 263
265 259 254
260 265 254
174 266 261
174 152 266
261 266 267
152 267 266
268 253 261
261 267 268
269 260 253
268 269 253
152 270 267
149 270 152
268 267 271
270 271 267
268 271 272
272 269 268
270 273 271
270 274 273
270 149 274
272 275 269
269 276 260
275 276 269
275 277 276
276 265 260
265 276 277
265 277 278
278 259 265
278 279 259
262 259 279
262 279 280
280 281 262
280 282 281
149 283 274
283 284 274
150 283 149
283 150 285
283 286 287
288 150 289
290 291 292
52 293 294
295 296 31
89 297 298
299 300 89
89 83 299
87 299 83
299 87 301
87 302 303
299 304 305
299 306 307
308 309 310
308 311 312
312 313 308
314 311 308
314 308 315
314 158 311
134 158 314
134 314 316
134 316 317
311 158 318
153 318 158
153 319 318
153 320 319
311 318 321
321 322 311
318 323 321
322 321 324
311 322 325
326 325 322
311 325 312
312 325 326
326 322 327
312 326 328
321 329 330
322 331 332
333 322 334
335 336 322
337 312 338
326 339 340
326 341 342
312 343 344
345 343 312
326 346 347
326 348 346
346 349 347
346 350 349
346 348 351
346 351 352
352 353 354
355 356 357
358 359 360
361 362 363
364 363 365
363 366 367
363 368 366
363 369 368
370 369 363
370 371 369
371 372 369
369 373 374
375 376 127
127 377 378
379 380 147
381 382 383
384 383 385
386 384 385
387 388 389
390 391 392
393 160 394
395 396 180
204 397 398
399 400 401
402 91 403
404 405 406
407 408 409
410 411 409
410 409 412
410 412 413
414 410 413
414 413 415
416 410 417
418 419 410
413 420 421
422 413 423
424 155 425
155 426 427
428 176 429
430 431 432
433 434 435
436 437 438
436 439 440
441 442 443
444 443 445
446 443 447
448 443 446
449 443 448
450 443 449
451 443 450
452 443 451
453 443 452
454 443 453
455 443 454
456 443 455
457 443 456
458 443 457
459 460 461
462 463 464
462 465 466
466 467 462
466 468 467
466 469 468
468 469 470
471 469 466
471 466 472
470 469 473
474 469 471
474 473 469
475 474 471
476 470 473
476 477 470
478 473 474
475 478 474
478 476 473
479 477 476
479 480 477
481 476 478
481 479 476
475 482 478
481 478 482
483 480 479
483 484 480
484 483 485
486 484 485
487 486 485
487 488 486
488 487 489
490 488 489
491 490 489
491 489 492
493 491 492
494 493 492
495 493 494
495 494 496
497 483 479
485 483 498
498 483 497
479 499 497
481 499 479
498 497 500
500 497 499
485 498 501
502 498 500
501 498 502
503 485 501
487 485 503
503 504 487
504 489 487
504 505 489
505 492 489
481 506 499
481 507 506
481 482 507
508 507 482
508 506 507
508 482 509
475 509 482
499 506 510
508 511 506
511 510 506
499 510 512
500 499 512
513 500 512
502 500 513
514 502 513
514 513 515
512 510 516
513 512 517
512 516 517
513 517 518
513 518 519
520 517 516
520 521 517
522 516 510
511 522 510
522 523 516
523 524 516
523 525 524
522 526 523
526 527 523
526 528 527
511 529 522
522 529 526
511 530 529
531 530 511
508 531 511
508 532 531
508 509 532
529 533 526
534 526 533
534 535 526
530 536 529
529 536 533
530 531 537
530 537 536
531 532 538
531 538 539
537 531 539
537 539 540
532 541 538
540 542 537
542 536 537
543 542 540
532 544 541
509 544 532
541 544 545
546 541 545
509 547 544
547 545 544
475 547 509
548 546 545
548 549 546
548 550 549
550 548 551
547 552 545
475 552 547
552 548 545
552 553 548
554 552 475
554 555 552
554 475 471
554 471 556
550 557 558
548 559 560
561 562 552
563 471 564
554 565 566
554 567 568
569 570 571
571 572 573
571 574 575
576 571 577
578 571 579
578 579 580
581 571 578
571 581 582
571 582 583
584 571 583
581 578 585
581 586 582
586 581 585
582 503 583
503 582 504
582 586 504
583 503 587
588 583 587
587 503 501
587 501 589
501 502 589
590 587 589
590 589 591
592 589 502
592 502 593
594 504 586
505 504 594
595 594 586
595 586 596
586 585 596
596 585 597
597 585 578
595 596 598
596 597 598
599 598 597
599 600 598
601 598 600
602 595 598
601 602 598
603 594 595
595 602 603
604 505 594
603 604 594
602 601 605
602 605 606
602 606 603
607 603 606
604 608 505
608 492 505
603 609 604
610 609 603
604 611 608
608 611 492
604 609 611
609 612 611
611 613 492
611 614 613
494 492 613
615 494 613
616 615 613
615 617 494
618 494 617
619 617 615
620 621 615
622 623 609
624 625 609
626 627 617
617 628 629
630 631 632
631 633 634
635 636 631
635 631 578
631 597 578
597 631 637
597 637 638
639 578 640
578 641 642
643 631 644
643 644 645
646 647 648
649 648 495
495 648 650
651 601 652
601 653 654
601 655 653
466 656 657
658 587 659
660 606 661
662 583 663
664 665 666
667 668 669
669 670 671
669 672 673
674 675 669
676 669 677
676 677 678
679 677 669
669 680 679
669 681 680
682 681 669
679 683 677
679 680 684
684 683 679
680 681 685
680 686 684
685 686 680
687 677 683
688 677 687
688 689 677
688 690 689
684 691 683
691 687 683
687 692 688
687 693 692
691 694 687
694 695 687
694 696 695
697 696 694
684 698 691
698 694 691
697 694 699
699 694 698
684 700 698
700 684 686
699 701 697
699 702 701
698 703 699
699 703 702
700 703 698
704 702 703
700 705 703
706 700 686
706 705 700
703 705 707
708 703 707
686 709 706
706 709 710
706 711 705
711 706 710
705 711 712
705 712 707
711 710 712
707 712 713
686 714 709
685 714 686
712 710 715
712 715 716
717 709 714
714 543 717
718 709 717
719 709 718
719 710 709
714 542 543
714 685 542
720 710 719
721 710 720
721 715 710
722 721 720
722 723 721
685 724 542
542 724 536
724 533 536
725 715 721
726 715 725
724 685 727
681 727 685
728 727 681
724 729 533
724 727 729
730 533 729
730 731 533
732 729 727
732 733 729
725 721 734
735 734 721
736 725 734
737 738 681
739 740 727
741 725 742
743 734 744
734 745 746
747 748 688
688 749 750
688 751 752
688 752 753
754 755 756
757 722 755
722 758 755
759 760 697
697 761 762
697 762 763
764 765 702
766 707 767
768 707 769
770 771 772
773 774 677
677 775 776
777 778 779
780 781 782
783 784 785
786 787 784
788 789 784
790 791 784
792 793 784
784 794 792
795 796 792
792 797 798
799 792 800
801 784 802
803 802 784
802 804 805
806 805 807
802 808 806
809 802 806
810 811 806
792 812 813
792 813 814
813 815 816
817 818 813
818 819 813
820 821 818
822 818 823
824 818 825
824 825 826
827 828 829
830 831 832
833 834 835
834 836 837
834 837 838
838 839 834
838 840 841
838 842 843
838 843 844
844 845 838
806 845 844
844 846 806
844 847 846
834 848 849
834 850 848
851 848 852
848 853 854
855 848 856
856 848 857
858 856 859
859 856 860
860 856 861
861 856 862
863 860 864
865 860 866
867 868 869
870 871 872
873 874 875
875 876 877
877 876 878
877 878 879
880 876 875
875 881 880
875 877 882
882 877 883
882 884 875
883 885 882
883 886 885
883 887 886
880 888 876
889 876 888
890 888 880
888 890 891
890 880 892
883 877 893
894 883 893
894 895 883
893 877 896
893 896 897
898 899 888
900 901 883
880 902 903
880 904 905
906 877 907
877 906 908
909 910 911
912 913 909
912 914 913
915 916 917
918 917 919
918 919 920
921 922 923
924 923 925
924 925 926
927 928 929
927 930 931
932 927 933
934 932 935
936 935 937
938 939 940
941 942 940
943 944 945
946 945 947
946 947 948
949 950 948
951 952 886
886 953 954
955 956 957
876 958 959
876 960 961
876 962 963
876 964 962
965 966 967
968 969 970
971 972 973
974 973 975
976 973 977
978 973 979
980 973 981
973 980 982
983 980 984
980 985 986
987 988 980
989 990 973
991 973 990
990 992 993
994 995 992
990 994 996
997 994 990
998 994 999
980 1000 1001
980 1002 1000
1000 1003 1004
1005 1000 1006
1006 1000 1007
1008 1006 1009
1010 1011 1006
1012 1013 1006
1012 1014 1013
1015 1016 1017
1018 1019 1020
1021 1022 1023
1024 1025 1023
1024 1023 1026
1027 1026 1023
1028 1026 1029
1030 1031 1026
1030 1026 1032
1032 1026 1033
994 1032 1033
1032 994 1034
1032 1034 1035
1023 1036 1037
1023 1037 1038
1039 1040 1037
1037 1041 1042
1043 1044 1037
1044 1045 1037
1046 1047 1044
1047 1048 1044
1048 1049 1044
1049 1050 1044
1051 1052 1048
1053 1054 1048
1055 1056 1057
1058 1059 1060
1061 1062 1063
1062 1064 1065
1064 1066 1065
1064 1067 1066
1068 1067 1064
1064 1069 1068
1070 1062 1065
1062 1070 1071
1062 1072 1064
1072 1073 1064
1072 1062 1074
1073 1072 1075
1073 1075 1076
1073 1076 1077
1073 1078 1064
1078 1079 1064
1078 1080 1079
1078 1081 1080
1078 1082 1081
1083 1078 1073
1083 1073 1084
1085 1073 1086
1087 1076 1088
1076 1089 1090
1091 1092 1078
1091 1093 1092
1094 1095 1096
1097 1098 1094
1097 1099 1098
1100 1101 1102
1103 1104 1101
1103 1105 1104
1106 1107 1108
1109 1110 1107
1109 1111 1110
1112 1113 1114
1112 1115 1116
1117 1118 1112
1119 1120 1117
1121 1122 1120
1123 1124 1125
1126 1124 1127
1128 1129 1130
1131 1129 1132
1131 1132 1133
1134 1133 1135
1136 1137 1138
1139 1140 1141
1140 1142 1143
1143 1070 1140
1143 1144 1070
1070 1065 1140
1145 1140 1065
1070 1146 1147
1070 1148 1149
1065 1150 1151
1065 1152 1153
1065 1153 1154
1065 1154 1155
1143 1156 1157
1143 1157 1158
1143 1158 1159
1159 1160 1143
1159 1161 1160
1159 1162 1161
1159 1163 1162
1159 1164 1163
1159 1165 1164
1163 1166 1167
1163 1167 1168
1168 1169 1163
1168 1170 1169
1168 1171 1170
1168 1172 1171
1173 1172 1168
1173 1174 1172
1172 1174 1175
1172 1175 1176
1172 1176 1177
1172 1177 1178
1179 1180 1181
1180 1182 1183
1180 1183 1184
1180 1185 1182
1180 1186 1185
1186 1180 1187
1188 1185 1186
1189 1186 1187
1189 1188 1186
1185 1188 1190
1191 1182 1185
1185 1190 1191
1191 1192 1182
1188 1189 1193
1190 1188 1193
1182 1192 1194
1182 1194 1195
1191 1190 1196
1193 1197 1190
1190 1197 1196
1191 1196 1198
1198 1192 1191
1189 1199 1193
1193 1199 1197
1196 1197 1200
1196 1200 1198
1200 1197 1201
1199 1202 1197
1197 1202 1201
1198 1200 1203
1200 1201 1203
1198 1204 1192
1198 1203 1205
1204 1198 1205
1192 1204 1206
1192 1206 1207
1189 1208 1199
1209 1208 1189
1189 1187 1209
1199 1210 1202
1208 1211 1199
1199 1211 1210
1201 1212 1203
1202 1213 1201
1213 1212 1201
1210 1214 1202
1213 1202 1215
1214 1215 1202
1213 1216 1212
1215 1216 1213
1215 1217 1216
1203 1212 1218
1216 1218 1212
1211 1219 1210
1214 1210 1219
1214 1220 1215
1220 1217 1215
1220 1214 1221
1217 1220 1221
1203 1218 1222
1205 1203 1222
1223 1218 1216
1223 1216 1217
1214 1219 1224
1221 1214 1224
1211 1225 1219
1224 1219 1226
1225 1226 1219
1225 1211 1227
1225 1227 1228
1229 1225 1228
1225 1229 1226
1208 1227 1211
1227 1208 1230
1230 1208 1209
1227 1231 1228
1231 1227 1230
1232 1231 1230
1232 1228 1231
1209 1233 1230
1230 1233 1232
1234 1233 1209
1187 1234 1209
1235 1226 1229
1229 1228 1236
1236 1235 1229
1235 1237 1226
1226 1237 1224
1232 1233 1238
1238 1233 1239
1234 1239 1233
1240 1239 1234
1241 1240 1234
1242 1232 1238
1232 1242 1228
1242 1238 1243
1241 1234 1244
1245 1241 1244
1245 1244 1246
1244 1234 1187
1187 1246 1244
1247 1245 1246
1242 1248 1228
1243 1248 1242
1228 1248 1249
1236 1228 1249
1250 1248 1243
1249 1248 1250
1250 1243 1251
1250 1252 1249
1236 1249 1252
1251 1253 1250
1253 1252 1250
1254 1253 1251
1255 1253 1254
1255 1254 1256
1253 1257 1252
1257 1253 1255
1258 1236 1252
1252 1257 1258
1259 1255 1256
1259 1256 1260
1261 1236 1258
1261 1235 1236
1257 1262 1258
1261 1258 1262
1263 1257 1255
1255 1259 1263
1263 1262 1257
1264 1259 1260
1260 1265 1264
1266 1259 1264
1263 1259 1266
1266 1264 1267
1268 1235 1261
1235 1268 1237
1263 1269 1262
1263 1266 1269
1270 1266 1267
1266 1270 1269
1270 1267 1271
1261 1262 1272
1272 1268 1261
1272 1262 1269
1273 1270 1271
1269 1270 1273
1273 1271 1274
1268 1272 1275
1275 1237 1268
1272 1269 1276
1269 1273 1276
1276 1275 1272
1277 1273 1274
1276 1273 1277
1277 1274 1278
1276 1277 1279
1276 1279 1275
1280 1277 1278
1277 1280 1279
1280 1278 1281
1282 1280 1281
1279 1280 1282
1282 1281 1283
1279 1284 1275
1279 1282 1284
1285 1282 1283
1284 1282 1285
1285 1283 1286
1284 1287 1275
1287 1237 1275
1284 1285 1288
1284 1288 1287
1289 1285 1286
1285 1289 1288
1289 1286 1290
1288 1289 1291
1288 1291 1287
1292 1289 1290
1289 1292 1291
1292 1290 1293
1294 1292 1293
1287 1295 1237
1224 1237 1295
1287 1296 1295
1291 1296 1287
1224 1295 1297
1297 1295 1296
1224 1297 1221
1297 1298 1221
1217 1221 1298
1299 1297 1296
1297 1299 1298
1300 1296 1291
1299 1296 1300
1291 1292 1301
1301 1300 1291
1302 1292 1294
1301 1292 1302
1303 1217 1298
1299 1303 1298
1300 1304 1299
1299 1304 1303
1301 1305 1300
1301 1302 1305
1300 1305 1304
1302 1294 1306
1306 1294 1307
1302 1306 1308
1302 1308 1305
1305 1308 1304
1309 1304 1308
1304 1309 1310
1304 1310 1303
1303 1311 1217
1310 1311 1303
1310 1312 1311
1311 1223 1217
1311 1312 1223
1312 1313 1223
1223 1313 1218
1313 1314 1218
1218 1314 1222
1222 1314 1315
1316 1222 1315
1316 1315 1317
1205 1222 1316
1318 1316 1317
1319 1205 1316
1204 1205 1319
1320 1204 1319
1321 1316 1318
1319 1316 1321
1322 1321 1318
1323 1319 1321
1323 1321 1324
1325 1318 1326
1327 1204 1328
1329 1204 1330
1331 1332 1319
1333 1319 1334
1335 1336 1321
1337 1321 1338
1339 1182 1340
1341 1182 1342
1343 1246 1344
1345 1246 1346
1246 1347 1348
1246 1349 1347
1187 1349 1246
1187 1180 1349
1349 1180 1350
1349 1350 1351
1352 1180 1353
1349 1354 1355
1356 1349 1357
1358 1359 1245
1360 1192 1361
1362 1192 1363
1364 1365 1366
1367 1365 1368
1369 1365 1370
1371 1365 1372
1373 1365 1374
1375 1365 1376
1377 1365 1378
1379 1365 1380
1381 1382 1383
1383 1384 1385
1383 1386 1384
1383 1385 1387
1383 1387 1388
1388 1389 1383
1390 1388 1387
1391 1389 1388
1391 1388 1390
1387 1392 1390
1385 1393 1387
1387 1393 1392
1385 1394 1393
1390 1395 1391
1392 1395 1390
1396 1394 1385
1396 1385 1397
1393 1398 1392
1395 1392 1399
1392 1398 1399
1393 1400 1398
1394 1400 1393
1391 1395 1401
1395 1399 1401
1398 1402 1399
1398 1400 1402
1402 1403 1399
1401 1399 1404
1399 1403 1404
1400 1405 1402
1402 1405 1403
1394 1406 1400
1400 1407 1405
1406 1407 1400
1408 1406 1394
1408 1394 1409
1391 1401 1410
1411 1391 1410
1391 1411 1389
1401 1404 1412
1410 1401 1413
1401 1412 1413
1403 1405 1414
1404 1403 1415
1415 1403 1414
1412 1404 1416
1415 1417 1404
1416 1404 1417
1415 1414 1418
1417 1415 1418
1417 1418 1419
1405 1420 1414
1418 1414 1420
1413 1412 1421
1416 1421 1412
1416 1417 1422
1422 1417 1419
1422 1423 1416
1419 1423 1422
1405 1424 1420
1407 1424 1405
1425 1418 1420
1425 1419 1418
1416 1426 1421
1423 1426 1416
1413 1421 1427
1426 1428 1421
1427 1421 1428
1427 1429 1413
1427 1430 1429
1431 1430 1427
1427 1428 1431
1410 1413 1429
1429 1432 1410
1432 1411 1410
1429 1430 1433
1433 1432 1429
1434 1432 1433
1434 1433 1430
1411 1432 1435
1432 1434 1435
1436 1411 1435
1389 1411 1436
1437 1431 1428
1431 1438 1430
1438 1431 1437
1437 1428 1439
1428 1426 1439
1434 1440 1435
1440 1441 1435
1436 1435 1441
1442 1436 1441
1443 1436 1442
1444 1440 1434
1434 1430 1444
1444 1445 1440
1443 1446 1436
1447 1446 1443
1447 1448 1446
1446 1389 1436
1448 1389 1446
1449 1448 1447
1444 1430 1450
1445 1444 1450
1430 1451 1450
1438 1451 1430
1452 1445 1450
1451 1452 1450
1452 1453 1445
1452 1451 1454
1438 1454 1451
1453 1452 1455
1455 1452 1454
1456 1453 1455
1457 1456 1455
1457 1458 1456
1455 1454 1459
1459 1457 1455
1460 1454 1438
1454 1460 1459
1461 1458 1457
1461 1462 1458
1463 1460 1438
1463 1438 1437
1459 1460 1464
1463 1464 1460
1465 1457 1459
1457 1465 1461
1465 1459 1464
1466 1462 1461
1462 1466 1467
1468 1466 1461
1465 1468 1461
1468 1469 1466
1470 1463 1437
1437 1439 1470
1465 1464 1471
1465 1471 1468
1472 1469 1468
1468 1471 1472
1472 1473 1469
1463 1474 1464
1474 1463 1470
1474 1471 1464
1475 1473 1472
1471 1475 1472
1475 1476 1473
1470 1477 1474
1477 1470 1439
1474 1478 1471
1471 1478 1475
1478 1474 1477
1479 1476 1475
1478 1479 1475
1479 1480 1476
1478 1481 1479
1478 1477 1481
1482 1480 1479
1479 1481 1482
1482 1483 1480
1484 1483 1482
1481 1484 1482
1484 1485 1483
1481 1477 1486
1481 1486 1484
1487 1485 1484
1486 1487 1484
1487 1488 1485
1486 1477 1489
1489 1477 1439
1486 1490 1487
1486 1489 1490
1491 1488 1487
1487 1490 1491
1491 1492 1488
1490 1493 1491
1490 1489 1493
1494 1492 1491
1491 1493 1494
1494 1495 1492
1496 1495 1494
1489 1439 1497
1426 1497 1439
1489 1497 1498
1493 1489 1498
1426 1499 1497
1499 1498 1497
1426 1423 1499
1499 1423 1500
1419 1500 1423
1501 1498 1499
1499 1500 1501
1502 1493 1498
1501 1502 1498
1493 1503 1494
1503 1493 1502
1504 1496 1494
1503 1504 1494
1505 1500 1419
1501 1500 1505
1502 1501 1506
1501 1505 1506
1503 1502 1507
1503 1507 1504
1502 1506 1507
1504 1508 1496
1508 1509 1496
1504 1510 1508
1504 1507 1510
1507 1506 1510
1511 1510 1506
1506 1512 1511
1506 1505 1512
1505 1419 1513
1512 1505 1513
1512 1513 1514
1513 1419 1425
1513 1425 1514
1514 1425 1515
1425 1420 1515
1515 1420 1516
1420 1424 1516
1424 1517 1516
1518 1517 1424
1518 1519 1517
1407 1518 1424
1520 1519 1518
1521 1518 1407
1406 1521 1407
1522 1521 1406
1523 1520 1518
1521 1523 1518
1524 1520 1523
1525 1523 1521
1526 1527 1520
1528 1529 1406
1530 1531 1406
1532 1533 1521
1534 1535 1521
1536 1537 1523
1538 1539 1523
1540 1541 1523
1542 1543 1385
1544 1545 1385
1546 1547 1448
1548 1549 1448
1550 1448 1551
1550 1552 1448
1448 1552 1389
1389 1552 1383
1553 1383 1552
1553 1552 1554
1555 1556 1383
1552 1557 1558
1559 1560 1552
1561 1562 1447
1563 1564 1394
1565 1566 1394
1567 1568 1569
1570 1571 1569
1572 1573 1569
1574 1575 1569
1576 1577 1569
1578 1579 1569
1580 1581 1569
1582 1583 1569
1584 1585 1586
1584 1587 1588
1584 1589 1590
1591 1584 1592
1593 1584 1594
1595 1584 1596
1597 1584 1598
1599 1584 1600
1601 1584 1599
1602 1603 1604
1605 1603 1606
1607 1603 1608
1609 1610 1603
1611 1612 1603
1613 1614 1603
1615 1616 1603
1617 1618 1603
1603 1619 1617
1620 1621 1622
1623 1624 1625
1626 1627 1628
1629 1630 1627
1631 1627 1632
1633 1627 1634
1627 1635 1636
1637 1627 1638
1639 1627 1640
1641 1639 1642
1641 1642 1643
1644 1645 1646
1645 1647 1648
1645 1648 1649
1650 1645 1649
1650 1651 1645
1652 1651 1650
1652 1653 1651
1651 1653 1654
1645 1651 1655
1655 1651 1654
1645 1655 1656
1654 1657 1655
1654 1658 1657
1648 1659 1660
1648 1660 1661
1662 1663 1661
1661 1664 1665
1666 1665 1667
1668 1665 1669
1655 1670 1671
1655 1671 1672
1673 1665 1674
1673 1674 1675
1673 1676 1677
1673 1677 1678
1678 1679 1680
1678 1680 1681
1681 1682 1683
1681 1683 1684
1685 1686 1687
1688 1689 1690
1691 1689 1692
1689 1693 1694
1689 1695 1696
1697 1689 1698
1699 1689 1697
1700 1689 1701
1702 1703 1700
1702 1704 1703
1705 1706 1707
1708 1707 1709
1710 1707 1711
1712 1711 1707
1713 1714 1711
1715 1714 1713
1716 1711 1714
1717 1711 1716
1715 1718 1714
1716 1714 1718
1713 1711 1719
1713 1719 1720
1719 1711 1721
1722 1720 1719
1722 1723 1720
1715 1713 1724
1713 1725 1724
1713 1720 1726
1713 1726 1725
1715 1724 1727
1725 1727 1724
1728 1726 1720
1725 1726 1728
1728 1720 1729
1720 1730 1729
1720 1731 1730
1725 1728 1732
1725 1732 1733
1725 1733 1734
1725 1734 1727
1734 1733 1735
1734 1735 1736
1727 1734 1736
1737 1736 1735
1737 1738 1736
1738 1737 1739
1727 1736 1740
1738 1740 1736
1738 1739 1741
1741 1739 1742
1727 1740 1743
1715 1727 1743
1715 1743 1744
1740 1744 1743
1738 1745 1740
1741 1745 1738
1741 1742 1746
1746 1742 1747
1715 1744 1748
1715 1748 1718
1740 1749 1744
1749 1740 1745
1741 1750 1745
1746 1750 1741
1751 1748 1744
1744 1749 1751
1752 1718 1748
1752 1748 1751
1751 1753 1752
1752 1754 1718
1753 1754 1752
1716 1718 1754
1746 1747 1755
1755 1747 1756
1756 1757 1755
1757 1756 1758
1759 1746 1755
1757 1759 1755
1759 1760 1746
1746 1760 1750
1716 1754 1761
1716 1761 1762
1716 1762 1763
1761 1754 1764
1753 1764 1754
1761 1764 1765
1766 1761 1765
1766 1765 1767
1760 1768 1750
1759 1769 1760
1760 1769 1768
1770 1750 1768
1770 1745 1750
1749 1745 1770
1771 1765 1764
1772 1764 1753
1771 1764 1772
1771 1773 1765
1773 1774 1765
1773 1775 1774
1776 1773 1771
1772 1776 1771
1776 1777 1773
1777 1778 1773
1777 1779 1778
1749 1770 1780
1749 1780 1781
1780 1782 1781
1781 1751 1749
1770 1783 1780
1783 1782 1780
1770 1768 1783
1781 1784 1751
1751 1784 1753
1768 1785 1783
1768 1769 1785
1783 1786 1782
1785 1786 1783
1782 1787 1781
1787 1784 1781
1787 1782 1788
1784 1787 1788
1753 1784 1789
1788 1790 1784
1784 1790 1789
1791 1788 1782
1791 1790 1788
1792 1782 1786
1791 1782 1792
1791 1793 1790
1789 1790 1793
1753 1789 1794
1772 1753 1794
1795 1794 1789
1795 1772 1794
1796 1791 1792
1796 1793 1791
1795 1789 1797
1789 1793 1797
1798 1797 1793
1798 1795 1797
1795 1799 1772
1772 1799 1776
1796 1800 1793
1798 1793 1800
1801 1799 1795
1798 1801 1795
1802 1776 1799
1777 1776 1802
1803 1798 1800
1803 1800 1796
1801 1804 1799
1802 1799 1804
1798 1805 1801
1805 1804 1801
1803 1805 1798
1806 1802 1804
1805 1806 1804
1777 1802 1807
1806 1807 1802
1777 1807 1808
1777 1808 1809
1803 1796 1810
1811 1805 1803
1811 1803 1810
1811 1812 1805
1806 1805 1812
1811 1810 1813
1806 1812 1814
1810 1815 1813
1816 1810 1796
1816 1815 1810
1796 1792 1816
1814 1817 1806
1814 1818 1817
1817 1818 1819
1817 1819 1820
1806 1817 1807
1807 1817 1821
1807 1821 1822
1815 1816 1823
1815 1823 1824
1816 1792 1825
1816 1825 1823
1792 1786 1825
1826 1824 1823
1826 1827 1824
1825 1786 1828
1785 1828 1786
1823 1825 1829
1825 1828 1829
1823 1829 1826
1827 1826 1830
1827 1830 1831
1832 1828 1785
1829 1828 1832
1826 1829 1833
1826 1833 1830
1829 1832 1833
1831 1830 1834
1835 1831 1834
1832 1785 1836
1769 1836 1785
1769 1837 1836
1759 1837 1769
1838 1832 1836
1838 1836 1837
1839 1837 1759
1838 1837 1839
1839 1759 1757
1757 1840 1839
1840 1838 1839
1838 1841 1832
1833 1832 1841
1830 1833 1842
1830 1842 1834
1834 1842 1843
1842 1833 1844
1833 1841 1844
1842 1844 1843
1845 1841 1838
1840 1845 1838
1845 1840 1846
1847 1840 1757
1847 1846 1840
1758 1847 1757
1844 1841 1848
1845 1848 1841
1849 1847 1758
1846 1847 1849
1846 1849 1850
1851 1849 1758
1851 1850 1849
1852 1850 1851
1853 1851 1758
1853 1854 1851
1854 1855 1851
1851 1855 1852
1852 1855 1856
1857 1852 1856
1844 1848 1858
1844 1858 1843
1859 1852 1857
1860 1859 1857
1861 1852 1859
1860 1862 1859
1862 1861 1859
1860 1863 1862
1860 1864 1863
1863 1865 1862
1862 1865 1861
1865 1866 1861
1863 1867 1865
1867 1868 1865
1861 1869 1852
1866 1869 1861
1852 1869 1850
1868 1870 1865
1865 1870 1866
1871 1870 1868
1866 1870 1871
1871 1868 1872
1872 1873 1871
1871 1873 1874
1874 1873 1875
1866 1876 1869
1869 1876 1850
1866 1871 1877
1871 1874 1877
1874 1875 1878
1875 1879 1878
1880 1876 1866
1880 1866 1877
1874 1881 1877
1874 1878 1881
1880 1877 1882
1881 1882 1877
1876 1883 1850
1876 1880 1884
1876 1884 1883
1883 1885 1850
1885 1883 1884
1850 1885 1846
1885 1886 1846
1886 1885 1884
1887 1884 1880
1880 1882 1887
1887 1882 1888
1887 1889 1884
1884 1889 1886
1889 1887 1888
1882 1881 1890
1888 1882 1890
1891 1846 1886
1846 1891 1845
1891 1848 1845
1892 1891 1886
1891 1892 1848
1892 1886 1889
1848 1892 1893
1893 1892 1889
1858 1848 1893
1890 1881 1894
1878 1894 1881
1878 1895 1894
1896 1889 1888
1893 1889 1896
1858 1893 1897
1843 1858 1897
1898 1893 1896
1898 1896 1888
1897 1893 1898
1890 1894 1899
1899 1894 1895
1878 1900 1895
1878 1879 1900
1879 1901 1900
1901 1895 1900
1879 1902 1901
1903 1901 1902
1898 1888 1904
1905 1897 1898
1905 1898 1904
1888 1890 1906
1904 1888 1906
1890 1899 1907
1890 1907 1906
1908 1897 1905
1843 1897 1908
1903 1909 1901
1903 1910 1909
1903 1911 1910
1909 1912 1901
1901 1912 1895
1913 1912 1909
1913 1909 1910
1914 1910 1911
1914 1911 1915
1916 1895 1912
1916 1912 1913
1917 1913 1910
1917 1910 1914
1916 1913 1917
1918 1914 1915
1917 1914 1918
1918 1915 1919
1916 1920 1895
1899 1895 1920
1921 1916 1917
1921 1920 1916
1899 1920 1922
1921 1922 1920
1899 1922 1907
1923 1917 1918
1921 1917 1923
1924 1918 1919
1918 1924 1923
1924 1919 1925
1926 1922 1921
1926 1921 1923
1907 1922 1927
1926 1927 1922
1923 1928 1926
1924 1928 1923
1928 1927 1926
1929 1924 1925
1929 1928 1924
1929 1925 1930
1907 1927 1931
1907 1931 1906
1928 1932 1927
1932 1928 1929
1931 1927 1932
1933 1929 1930
1933 1932 1929
1933 1930 1934
1935 1933 1934
1931 1936 1906
1904 1906 1936
1931 1932 1937
1937 1932 1933
1936 1931 1937
1938 1933 1935
1937 1933 1938
1935 1939 1938
1935 1940 1939
1941 1939 1940
1942 1939 1941
1937 1938 1943
1938 1939 1943
1942 1943 1939
1936 1937 1943
1944 1943 1942
1944 1945 1943
1936 1943 1945
1945 1944 1946
1936 1945 1947
1947 1904 1936
1905 1904 1947
1946 1948 1945
1947 1945 1948
1905 1947 1948
1946 1949 1948
1905 1948 1950
1949 1950 1948
1908 1905 1950
1949 1951 1950
1950 1952 1908
1951 1952 1950
1953 1952 1951
1843 1908 1952
1954 1952 1953
1843 1952 1955
1952 1954 1955
1834 1843 1955
1835 1955 1954
1835 1834 1955
1956 1957 1958
1959 1960 1958
1959 1961 1960
1962 1963 1964
1965 1966 1967
1968 1969 1970
1970 1971 1972
1971 1973 1974
1971 1975 1976
1977 1978 1971
1977 1979 1978
1980 1981 1977
1980 1982 1981
1983 1984 1980
1983 1985 1984
1986 1987 1983
1986 1988 1987
1989 1990 1991
1992 1990 1993
1992 1994 1990
1995 1990 1994
1996 1990 1995
1996 1997 1990
1998 1997 1996
1998 1996 1970
1995 1994 1999
1999 1994 2000
1999 2000 2001
2002 2000 1994
2002 1994 1992
1992 2003 2002
1992 2004 2003
2004 1992 2005
2004 2005 2006
2007 2008 2009
2010 2011 2012
2013 2012 2014
2015 2016 2012
2017 2018 2012
2012 2019 2020
2021 2022 2012
2023 2024 2012
2025 2023 2026
2025 2026 2027
2028 2029 2030
2030 2031 2032
2030 2033 2031
2034 2033 2030
2034 2030 2035
2036 2034 2035
2036 2035 2037
2035 2038 2037
2030 2039 2035
2039 2038 2035
2030 2040 2039
2038 2039 2041
2038 2041 2042
2031 2043 2044
2031 2045 2043
2046 2045 2047
2045 2048 2049
2050 2051 2048
2052 2053 2048
2039 2054 2055
2039 2055 2056
2057 2048 2058
2057 2058 2059
2058 2060 2061
2058 2062 2060
2062 2063 2064
2062 2065 2063
2065 2066 2067
2065 2067 2068
2069 2070 2071
2072 2073 2074
2075 2076 2074
2074 2077 2078
2074 2079 2080
2081 2082 2074
2083 2081 2074
2084 2085 2074
2086 2087 2084
2086 2088 2087
2089 2090 2091
2092 2093 2090
2094 2095 2090
2096 2090 2095
2097 2095 2098
2099 2097 2098
2098 2095 2100
2101 2100 2095
2102 2099 2098
2098 2100 2102
2097 2103 2095
2104 2103 2097
2103 2105 2095
2104 2106 2103
2104 2107 2106
2099 2108 2097
2097 2108 2109
2104 2097 2110
2097 2109 2110
2111 2108 2099
2109 2108 2111
2112 2104 2110
2112 2110 2109
2112 2113 2104
2104 2113 2114
2104 2114 2115
2112 2109 2116
2109 2117 2116
2109 2118 2117
2109 2111 2118
2118 2119 2117
2118 2120 2119
2111 2120 2118
2120 2121 2119
2120 2122 2121
2122 2123 2121
2111 2124 2120
2122 2120 2124
2122 2125 2123
2125 2126 2123
2111 2127 2124
2111 2099 2127
2099 2128 2127
2124 2127 2128
2122 2124 2129
2125 2122 2129
2125 2130 2126
2130 2131 2126
2099 2132 2128
2102 2132 2099
2124 2128 2133
2133 2129 2124
2125 2129 2134
2130 2125 2134
2135 2128 2132
2128 2135 2133
2102 2136 2132
2136 2135 2132
2135 2136 2137
2102 2138 2136
2138 2137 2136
2138 2102 2100
2139 2134 2129
2133 2139 2129
2140 2133 2135
2135 2137 2141
2140 2135 2141
2133 2142 2139
2133 2140 2142
2142 2140 2143
2139 2142 2144
2144 2142 2143
2139 2145 2134
2139 2144 2145
2146 2140 2141
2143 2140 2146
2145 2147 2134
2130 2134 2147
2141 2148 2146
2146 2148 2143
2145 2144 2149
2145 2150 2147
2145 2149 2150
2151 2130 2147
2151 2147 2150
2144 2143 2152
2149 2144 2152
2151 2153 2130
2130 2153 2131
2153 2154 2131
2154 2153 2155
2155 2153 2151
2155 2156 2154
2157 2143 2148
2158 2152 2143
2157 2158 2143
2159 2157 2148
2148 2141 2159
2141 2160 2159
2137 2160 2141
2159 2161 2157
2161 2159 2160
2162 2158 2157
2161 2162 2157
2158 2163 2152
2162 2164 2158
2164 2163 2158
2163 2165 2152
2149 2152 2165
2163 2166 2165
2167 2149 2165
2166 2167 2165
2164 2168 2163
2168 2166 2163
2167 2169 2149
2150 2149 2169
2150 2169 2170
2151 2150 2170
2171 2170 2169
2171 2169 2167
2151 2170 2172
2171 2172 2170
2151 2172 2155
2155 2172 2173
2173 2172 2171
2174 2155 2173
2174 2173 2175
2156 2155 2174
2173 2171 2176
2176 2175 2173
2171 2167 2177
2176 2171 2177
2178 2156 2174
2175 2178 2174
2175 2179 2178
2180 2156 2178
2180 2178 2179
2181 2180 2179
2182 2156 2180
2182 2180 2183
2183 2180 2184
2180 2181 2184
2181 2185 2184
2186 2185 2181
2187 2177 2167
2166 2187 2167
2188 2186 2181
2189 2186 2188
2190 2187 2166
2168 2190 2166
2191 2188 2181
2189 2188 2192
2192 2188 2191
2189 2192 2193
2189 2193 2194
2193 2192 2195
2192 2191 2195
2195 2191 2196
2193 2195 2197
2197 2195 2198
2191 2181 2199
2196 2191 2199
2181 2179 2199
2198 2195 2200
2195 2196 2200
2201 2198 2200
2196 2201 2200
2201 2202 2198
2202 2201 2203
2201 2204 2203
2204 2205 2203
2199 2179 2206
2196 2199 2206
2196 2207 2201
2201 2207 2204
2204 2208 2205
2205 2208 2209
2210 2196 2206
2210 2207 2196
2204 2207 2211
2204 2211 2208
2212 2207 2210
2211 2207 2212
2206 2179 2213
2206 2214 2210
2206 2213 2214
2213 2179 2215
2215 2214 2213
2179 2175 2215
2215 2175 2216
2216 2214 2215
2217 2210 2214
2212 2210 2217
2217 2218 2212
2217 2214 2219
2214 2216 2219
2219 2218 2217
2212 2220 2211
2218 2220 2212
2221 2216 2175
2175 2176 2221
2222 2216 2221
2222 2219 2216
2221 2176 2223
2221 2223 2222
2176 2177 2223
2224 2219 2222
2223 2224 2222
2225 2223 2177
2187 2225 2177
2220 2226 2211
2208 2211 2226
2208 2226 2227
2224 2228 2219
2228 2218 2219
2225 2229 2223
2229 2224 2223
2225 2230 2229
2231 2225 2187
2231 2230 2225
2232 2228 2224
2232 2218 2228
2229 2233 2224
2230 2233 2229
2233 2232 2224
2234 2231 2187
2190 2234 2187
2227 2226 2235
2220 2235 2226
2236 2230 2231
2234 2236 2231
2237 2234 2190
2190 2238 2237
2237 2239 2234
2239 2236 2234
2190 2168 2238
2240 2238 2168
2241 2236 2239
2240 2168 2164
2241 2242 2236
2236 2242 2230
2241 2243 2242
2164 2244 2240
2244 2245 2240
2164 2162 2244
2244 2246 2245
2247 2242 2243
2230 2242 2247
2243 2248 2247
2248 2249 2247
2250 2244 2162
2244 2250 2246
2230 2247 2251
2230 2251 2233
2249 2252 2247
2252 2251 2247
2252 2249 2253
2251 2254 2233
2251 2252 2254
2254 2232 2233
2252 2253 2255
2254 2252 2255
2256 2255 2253
2254 2257 2232
2232 2257 2218
2256 2258 2255
2258 2256 2259
2254 2255 2260
2254 2260 2257
2260 2255 2258
2257 2261 2218
2218 2261 2220
2260 2262 2257
2262 2260 2258
2257 2262 2261
2259 2263 2258
2262 2258 2263
2259 2264 2263
2220 2261 2265
2220 2265 2235
2266 2261 2262
2265 2261 2266
2264 2267 2263
2264 2268 2267
2268 2269 2267
2270 2267 2269
2262 2263 2271
2262 2271 2266
2272 2263 2267
2270 2272 2267
2271 2263 2272
2272 2270 2273
2271 2272 2273
2270 2274 2273
2275 2273 2274
2266 2271 2276
2271 2273 2276
2275 2277 2273
2273 2277 2276
2277 2275 2278
2266 2276 2279
2265 2266 2279
2277 2278 2280
2280 2278 2281
2276 2277 2282
2282 2279 2276
2277 2280 2282
2265 2279 2283
2235 2265 2283
2280 2281 2284
2284 2281 2285
2280 2286 2282
2284 2286 2280
2282 2287 2279
2287 2283 2279
2286 2287 2282
2235 2283 2288
2227 2235 2288
2287 2289 2283
2287 2286 2289
2289 2288 2283
2284 2285 2290
2290 2285 2291
2286 2284 2292
2289 2286 2292
2292 2284 2290
2289 2293 2288
2293 2227 2288
2289 2292 2293
2290 2291 2294
2292 2290 2294
2295 2294 2291
2293 2292 2296
2292 2294 2296
2295 2297 2294
2296 2294 2297
2293 2296 2298
2296 2297 2298
2293 2298 2227
2295 2299 2297
2297 2299 2298
2299 2227 2298
2295 2300 2299
2209 2299 2300
2299 2301 2227
2209 2301 2299
2208 2227 2301
2208 2301 2209
2302 2303 2304
2305 2303 2306
2305 2306 2307
2308 2309 2310
2311 2312 2313
2314 2315 2316
2315 2317 2318
2318 2319 2320
2318 2321 2322
2323 2324 2318
2323 2325 2324
2326 2324 2327
2326 2327 2328
2329 2326 2330
2329 2330 2331
2332 2329 2333
2332 2333 2334
2335 2336 2337
2338 2339 2337
2338 2337 2340
2341 2340 2337
2342 2341 2337
2342 2337 2343
2344 2342 2343
2344 2315 2342
2341 2345 2340
2345 2346 2340
2345 2347 2346
2348 2340 2346
2348 2338 2340
2338 2348 2349
2338 2349 2350
2351 2338 2350
2351 2350 2352
2353 2354 2355
2353 2355 2356
2357 2358 2356
2357 2356 2359
2360 2361 2355
2360 2362 2361
2363 2364 2361
2363 2365 2364
2366 2364 2367
2366 2368 2364
2369 2368 2370
2369 2371 2368
2372 2371 2373
2372 2374 2371
2375 2376 2374
2375 2374 2377
2378 2379 2380
2378 2380 2381
2382 2383 2381
2382 2381 2384
2385 2386 2384
2385 2384 2387
2388 2389 2387
2388 2387 2390
2391 2392 2390
2391 2390 2393
2394 2393 2395
2394 2395 2396
2397 2395 2398
2397 2398 2399
2400 2398 2401
2400 2401 2402
2403 2401 2404
2403 2404 2405
2406 2404 2407
2406 2407 2408
2409 2410 2411
2409 2411 2412
2413 2414 2415
2413 2415 2416
2417 2418 2419
2417 2419 2420
2421 2422 2423
2421 2424 2422
2425 2426 2427
2425 2428 2426
2429 2430 2431
2429 2431 2432
2433 2434 2435
2433 2435 2436
2437 2438 2439
2437 2440 2438
2438 2440 2441
2438 2441 2442
2443 2444 2445
2443 2445 2446
2447 2448 2449
2447 2449 2450
2451 2450 2452
2451 2452 2453
2454 2453 2455
2454 2455 2456
2457 2458 2459
2457 2459 2460
2461 2462 2463
2464 2461 2463
2465 2466 2467
2465 2467 2468
2469 2470 2471
2469 2472 2470
2473 2474 2472
2473 2475 2474
2476 2477 2478
2476 2478 2479
2480 2481 2482
2480 2482 2483
2484 2485 2486
2484 2486 2487
2488 2489 2490
2488 2490 2491
2492 2493 2488
2492 2494 2493
2495 2496 2497
2495 2497 2498
2499 2500 2501
2499 2502 2500
2503 2502 2499
2503 2499 2504
2499 2505 2504
2499 890 2505
890 2499 2506
890 2506 2507
890 2507 2508
2502 2509 2510
2502 2511 2509
2511 2502 2512
2511 2512 2513
2514 2511 2513
2514 2515 2511
2516 2511 2515
2516 2515 2517
2515 2518 2517
2515 2519 2518
2520 2519 2515
2520 2515 2521
2522 2523 2524
2522 2524 2525
2526 2527 2528
2526 2528 2529
2530 2531 2532
2530 2532 2533
2534 2535 2536
2534 2536 2537
2538 2539 2537
2538 2540 2539
2541 2542 2543
2541 2543 2544
2545 2546 2547
2545 2547 2548
2549 2550 2551
2549 2552 2550
2553 2552 2554
2553 2554 2555
2556 2557 2558
2556 2558 2559
2560 2561 2562
2560 2562 2563
2564 2565 2566
2565 2564 2567
893 2568 2569
893 2569 2570
2571 893 2572
2571 2572 2573
2574 2575 2576
2574 2576 2577
2578 2579 2577
2578 2580 2579
2581 2582 2583
2581 2583 2584
2585 2586 2587
2585 2587 2588
2589 2590 2591
2589 2591 2592
2593 2594 2595
2593 2595 2596
2597 2598 2599
2597 2599 2600
2601 2602 2603
2601 2603 2604
2605 2606 2607
2605 2607 2608
2609 2610 2611
2609 2611 2612
2613 2614 2615
2613 2615 2616
2617 2618 2619
2617 2619 2620
2621 2620 2619
2621 2619 2622
2623 2624 2625
2623 2626 2624
2627 2628 2629
2627 2630 2628
2631 2632 2630
2631 2633 2632
2634 2633 2635
2634 2635 2636
2637 2638 2639
2637 2639 2640
2641 2642 2643
2644 2642 2641
2645 2646 2647
2645 2647 2648
2649 2650 2651
2649 2651 2652
2653 2654 2652
2653 2655 2654
2656 2657 2658
2656 2658 2659
2660 2661 2662
2660 2662 2663
2664 2665 2666
2664 2666 2667
2668 2669 2670
2668 2670 2671
2672 2668 2673
2672 2673 2674
2675 2676 2677
2675 2677 2678
2679 2680 2681
2679 2681 2682
2683 2684 2685
2683 2685 2686
2687 2688 2689
2687 2689 2690
2691 2692 2693
2691 2694 2692
2695 2696 2694
2695 2697 2696
2698 2699 2700
2698 2700 2701
2702 2703 2704
2702 2704 2705
2706 2707 2708
2706 2709 2707
2710 2711 2709
2710 2712 2711
2713 2714 2715
2713 2715 2716
2717 2718 2719
2717 2719 2720
2721 2722 2723
2723 2724 2721
2725 2726 2727
2725 2727 2728
2729 2728 2730
2729 2730 2731
2732 2733 2734
2732 2734 2735
2736 2735 2737
2736 2737 2738
2739 2740 2741
2739 2741 2742
2743 2744 2745
2743 2745 2746
2747 2748 2749
2747 2749 2750
2751 2752 2753
2751 2753 2754
2755 2756 2757
2755 2757 2758
2759 2760 2761
2759 2761 2762
2763 2762 2764
2763 2764 2765
2766 2767 2768
2766 2768 2769
2770 2769 2771
2770 2771 2772
2773 2774 2775
2773 2775 2776
2777 2778 2779
2777 2779 2780
2781 2780 2782
2781 2782 2783
2784 2785 2786
2784 2786 2787
2788 2787 2789
2788 2789 2790
2791 2792 2793
2791 2793 2794
2795 2794 2796
2795 2796 2797
2798 2799 2800
2798 2800 2801
2802 2803 2804
2802 2804 2805
2806 2807 2808
2806 2808 2809
2810 2811 2812
2810 2812 2813
2814 2815 2816
2814 2816 2817
2818 2819 2820
2818 2821 2819
2822 2823 2821
2822 2824 2823
2825 2826 2827
2825 2828 2826
2829 2830 2828
2829 2831 2830
2832 2833 2834
2832 2835 2833
2836 2837 2835
2836 2838 2837
2839 2840 2841
2839 2841 2842
2843 2844 2845
2843 2845 2846
2847 2848 2849
2847 2849 2850
2851 2852 2853
2851 2853 2854
2855 2856 2857
2855 2857 2858
2859 2860 2861
2859 2861 2862
2863 2864 2865
2863 2865 2866
2867 2868 2869
2867 2869 2870
2871 2872 2873
2871 2873 2874
2875 2876 2877
2875 2877 2878
2879 2880 2881
2879 2881 2882
2883 2884 2882
2883 2885 2884
2886 2887 2888
2886 2888 2889
2890 2891 2889
2890 2892 2891
2893 2894 2895
2893 2895 2896
2897 2898 2899
2897 2899 2900
2901 2902 2900
2901 2903 2902
2904 2905 2906
2904 2906 2907
2908 2909 2907
2908 2910 2909
2911 2912 2913
2911 2913 2914
2915 2916 2914
2915 2917 2916
2918 2919 2920
2918 2920 2921
2922 2923 2924
2922 2924 2925
2926 2927 2928
2926 2928 2929
2930 2931 2932
2930 2932 2933
2934 2935 2936
2934 2936 2937
2938 2939 2940
2938 2940 2941
2942 2943 2941
2942 2944 2943
2945 2946 2947
2945 2947 2948
2949 2950 2948
2949 2951 2950
2952 2953 2954
2952 2954 2955
2956 2957 2955
2956 2958 2957
2959 2960 2961
2959 2961 2962
2963 2964 2965
2963 2965 2966
2967 2968 2969
2967 2969 2970
2971 2972 2973
2971 2973 2974
2975 2976 2977
2975 2977 2978
2979 2980 2981
2979 2981 2982
2983 2984 2985
2983 2985 2986
2987 2988 2989
2987 2989 2990
2991 2992 2993
2991 2993 2994
2995 2996 2997
2995 2997 2998
2999 3000 3001
2999 3001 3002
3002 3003 2999
3002 3004 3003
3001 3005 3002
3005 3006 3002
3005 3007 3006
3001 3008 3005
3008 3009 3005
3008 3010 3009
3009 3011 3005
3009 3012 3011
3013 3009 3010
3013 3014 3009
3014 3015 3009
3014 3016 3015
3017 3016 3014
3017 3014 3018
3018 3014 3013
3018 3013 3019
3020 3018 3019
3020 3019 3021
3020 3022 3018
3020 3023 3022
3024 3020 3021
3024 3025 3020
3025 3026 3020
3025 3027 3026
3024 3028 3025
3024 3029 3028
3028 3030 3025
3028 3031 3030
3032 3028 3029
3032 3033 3028
3033 3034 3028
3033 3035 3034
3036 3037 3038
3036 3039 3037
3039 3036 3040
3039 3040 3041
3037 3039 3042
3042 3039 3043
3042 3043 3044
3037 3042 3045
3045 3042 3046
3045 3046 3047
3046 3042 3048
3046 3048 3049
3050 3047 3046
3050 3046 3051
3051 3046 3052
3051 3052 3053
3054 3051 3053
3054 3055 3051
3055 3050 3051
3055 3056 3050
3057 3056 3055
3057 3058 3056
3057 3055 3059
3057 3059 3060
3061 3058 3057
3061 3057 3062
3062 3057 3063
3062 3063 3064
3061 3062 3065
3061 3065 3066
3065 3062 3067
3065 3067 3068
3069 3066 3065
3069 3065 3070
3070 3065 3071
3070 3071 3072
3073 3074 3075
3073 3075 3076
3077 3078 3079
3077 3079 3080
3081 3080 3082
3081 3082 3083
3084 3083 3085
3084 3085 3086
3087 3086 3088
3087 3088 3089
3090 3089 3091
3090 3091 3092
3093 3094 3095
3093 3095 3096
3097 3098 3099
3097 3099 3100
3100 3101 3097
3100 3102 3101
3102 3103 3101
3102 3104 3103
3105 3103 3104
3105 3104 3106
3107 3108 3109
3107 3109 3110
3111 3112 3113
3111 3113 3114
3115 3116 3117
3115 3117 3118
3118 3119 3120
3118 3120 3121
3122 3123 3124
3122 3124 3125
3126 3127 3124
3126 3124 3128
3129 3130 3131
3129 3131 3132
3133 3132 3134
3133 3134 3135
3134 3136 3135
3134 3137 3136
3138 3137 3139
3138 3139 3140
3141 3139 3142
3141 3142 3143
3142 3144 3143
3142 3145 3144
3146 3145 3147
3146 3147 3148
3149 3150 3151
3149 3151 3152
3153 3152 3151
3153 3151 3154
3155 3156 3157
3155 3157 3158
3158 3159 3155
3160 3161 3162
3160 3162 3163
3164 3165 3166
3164 3166 3167
3168 3169 3170
3168 3170 3171
3172 3173 3174
3172 3174 3175
3176 3177 3178
3176 3178 3179
3180 3181 3182
3180 3182 3183
3184 3185 3186
3184 3186 3187
3188 3189 3190
3188 3190 3191
3192 3193 3194
3192 3195 3193
3196 3195 3197
3196 3197 3198
3199 3200 3201
3199 3201 3202
3203 3204 3202
3203 3205 3204
3206 3207 3208
3206 3209 3207
3210 3209 3211
3210 3211 3212
3213 3214 3215
3213 3215 3216
3217 3218 3219
3217 3219 3220
3221 3222 3223
3221 3223 3224
3225 3226 3227
3225 3227 3228
3229 3230 3231
3229 3231 3232
3233 3234 3235
3233 3235 3236
3237 3233 3236
3237 3238 3233
3239 3233 3238
3233 3239 3240
3233 3240 3241
3242 3237 3236
3237 3243 3238
3242 3244 3237
3237 3244 3243
3239 3238 3245
3238 3243 3246
3238 3246 3245
3243 3244 3247
3248 3244 3242
3248 3247 3244
3243 3247 3249
3246 3243 3249
3250 3247 3248
3249 3247 3250
3251 3239 3245
3252 3239 3251
3252 3253 3239
3245 3246 3254
3251 3245 3254
3255 3248 3242
2246 3248 3255
2246 2250 3248
2250 3250 3248
3255 3242 3256
3257 3256 3242
3257 3258 3256
3257 3259 3258
3257 3260 3259
3242 3236 3257
3236 3261 3257
3236 3262 3261
2250 3263 3250
2250 2162 3263
2161 3263 2162
3250 3263 2161
3250 2161 3264
3249 3250 3264
2161 2160 3264
3249 3264 2160
3249 2160 3265
3246 3249 3265
2137 3265 2160
3246 3265 2137
3246 2137 3254
2138 3254 2137
3254 2138 3266
3254 3266 3251
2138 2100 3266
3251 3266 3267
3251 3267 3268
2100 3269 3266
2100 3270 3269
3271 3272 3273
3271 3273 3274
3275 3276 3274
3275 3277 3276
3278 3277 3279
3278 3279 3280
3281 3280 3282
3281 3282 3283
3284 3283 3285
3284 3285 3286
3287 3288 3289
3287 3289 3290
3291 3292 3293
3291 3294 3292
3294 3291 3295
3294 3295 3296
3296 3295 3297
3296 3297 3298
3298 3297 3299
3298 3299 3300
3301 3302 3303
3301 3303 3304
3305 3306 3307
3305 3307 3308
3309 3310 3311
3309 3312 3310
3313 3314 3312
3313 3312 3315
3316 3317 3318
3316 3318 3319
3320 3321 3318
3320 3318 3322
3323 3324 3325
3323 3326 3324
3327 3328 3326
3327 3329 3328
3328 3329 3330
3328 3330 3331
3332 3333 3331
3332 3334 3333
3335 3336 3333
3335 3337 3336
3336 3337 3338
3336 3338 3339
3340 3341 3339
3340 3342 3341
3343 3344 3345
3343 3346 3344
3347 3344 3346
3347 3348 3344
3349 3350 3351
3349 3352 3350
3352 3349 3353
3354 3355 3356
3354 3356 3357
3358 3359 3360
3358 3360 3361
3362 3363 3364
3362 3364 3365
3366 3367 3368
3366 3368 3369
3370 3371 3372
3370 3372 3373
3374 3375 3376
3374 3376 3377
3378 3379 3380
3378 3380 3381
3382 3383 3384
3382 3384 3385
3386 3387 3388
3386 3388 3389
3390 3389 3391
3390 3391 3392
3393 3394 3395
3393 3395 3396
3397 3396 3398
3397 3398 3399
3400 3401 3402
3400 3402 3403
3404 3403 3405
3404 3405 3406
3407 3408 3409
3407 3409 3410
3411 3412 3413
3411 3413 3414
3415 3416 3417
3415 3417 3418
3419 3420 3421
3419 3421 3422
