byte offset: 0
first index: 0
index count: 7026
topology: trianglelist
format: DXGI_FORMAT_R16_UINT

0 1 2
3 1 4
5 1 3
5 6 1
7 1 6
8 1 7
5 3 9
3 10 9
11 6 5
5 9 12
11 5 12
7 6 13
13 14 7
15 7 14
15 14 16
11 17 6
13 6 17
11 12 18
17 11 19
19 11 18
13 17 20
13 21 14
20 21 13
17 19 22
17 22 20
23 12 9
24 23 9
18 12 25
23 25 12
25 23 26
26 23 27
26 27 28
19 18 29
18 25 30
18 30 29
22 19 31
31 19 29
25 26 32
30 25 32
20 22 33
22 31 34
34 33 22
20 33 35
20 35 21
36 29 30
31 29 37
37 29 36
30 32 38
36 30 38
34 31 39
39 31 37
40 21 35
41 35 33
40 35 41
42 21 40
42 14 21
43 14 42
43 44 14
34 45 33
34 39 46
46 45 34
47 33 45
41 33 47
48 45 46
47 45 48
39 37 49
46 39 50
50 39 49
49 37 51
37 36 51
52 51 36
49 51 53
52 53 51
36 54 52
36 38 54
38 55 54
38 32 55
56 55 32
56 32 26
26 57 56
26 58 57
54 55 59
55 56 60
55 60 59
56 61 60
56 62 61
52 54 63
54 59 63
64 59 60
63 59 65
64 65 59
65 64 66
60 67 64
66 64 67
60 68 67
52 63 69
63 65 69
65 66 70
69 65 70
52 69 71
71 53 52
69 70 72
71 69 72
66 73 70
72 70 73
71 74 53
71 72 75
74 71 75
53 74 76
49 53 76
72 73 77
72 77 75
76 74 78
74 75 78
79 49 76
50 49 79
77 73 80
75 77 81
77 80 81
66 82 73
80 73 82
78 75 83
75 81 83
76 78 84
79 76 85
85 76 84
78 83 86
84 78 86
87 50 79
85 88 79
87 79 88
87 88 89
89 88 90
85 90 88
87 89 91
92 50 87
92 87 91
46 50 92
85 84 93
90 85 93
94 46 92
48 46 94
95 92 91
94 92 95
84 86 96
93 84 96
90 93 97
89 90 97
97 93 98
93 96 98
97 98 99
89 97 99
99 98 100
100 98 96
95 91 101
89 101 91
99 100 102
89 99 102
86 103 96
100 96 104
104 96 103
105 103 86
105 86 83
104 103 106
106 103 105
83 107 105
83 81 107
81 108 107
81 80 108
109 108 80
80 82 109
109 82 110
66 110 82
66 111 110
66 67 111
106 105 112
105 107 113
112 105 113
107 108 114
107 114 113
109 115 108
114 108 115
112 116 106
106 116 104
109 110 117
109 118 115
109 117 118
114 115 119
119 115 118
113 114 120
120 114 119
112 113 121
113 120 121
112 122 116
121 122 112
104 116 123
123 116 122
117 110 124
124 110 111
125 118 117
117 124 125
120 126 121
121 126 122
104 123 127
100 104 127
100 127 128
102 100 128
102 128 129
89 102 129
89 129 130
130 129 128
130 128 131
127 131 128
127 132 131
123 132 127
123 133 132
133 123 134
123 122 134
133 134 135
126 136 122
134 122 136
137 135 134
134 136 137
137 138 135
137 139 138
137 140 139
136 140 137
141 136 126
120 141 126
139 140 142
139 142 143
144 143 142
144 145 143
136 146 140
141 146 136
141 120 147
120 119 147
140 148 142
148 144 142
148 149 144
150 145 144
144 149 150
150 151 145
140 152 148
140 146 152
153 146 141
141 147 153
147 119 154
119 118 154
155 151 150
155 156 151
157 155 150
157 158 155
149 157 150
159 158 157
157 149 159
159 160 158
161 160 159
161 159 162
159 149 162
163 161 162
164 162 149
163 162 164
154 118 165
125 165 118
164 149 166
148 166 149
148 152 166
167 166 152
146 167 152
153 167 146
168 164 166
167 168 166
169 167 153
169 168 167
168 170 164
170 163 164
153 171 169
153 147 171
147 154 171
172 168 169
172 170 168
171 154 173
154 165 173
169 171 174
169 174 172
171 173 174
174 173 175
174 175 176
176 172 174
173 177 175
173 165 177
176 178 172
178 170 172
178 176 179
180 178 179
178 181 170
180 181 178
182 177 165
182 165 125
181 183 170
163 170 183
181 184 183
163 183 185
180 163 185
184 181 186
180 185 186
181 180 186
125 187 182
125 124 187
187 124 188
124 111 188
189 188 111
189 111 67
189 67 190
190 67 191
182 187 192
182 192 193
182 193 194
182 194 177
194 193 195
196 177 194
194 195 196
196 197 177
195 198 196
198 197 196
199 14 200
201 1 202
203 7 204
205 206 9
207 208 9
209 210 26
211 212 23
213 214 215
216 214 217
218 219 214
218 220 219
221 214 219
221 219 222
222 219 223
222 223 224
225 223 219
225 226 223
227 228 223
227 223 229
230 229 223
230 231 229
232 229 233
232 234 229
234 235 229
234 236 235
237 234 238
237 239 234
239 240 234
239 241 240
242 239 243
242 244 239
244 245 239
244 246 245
247 248 244
247 244 249
250 251 244
250 252 251
253 254 252
253 252 255
256 257 253
256 258 257
259 260 261
262 261 263
264 263 261
265 263 264
265 266 263
264 261 267
267 261 268
267 268 269
264 267 270
271 270 267
271 272 270
264 270 273
274 264 273
274 273 275
273 270 276
277 276 270
273 276 278
279 273 278
279 278 280
278 276 281
282 281 276
282 283 281
278 281 284
285 278 284
285 284 286
281 287 284
284 287 288
284 288 289
281 290 287
291 290 281
291 292 290
293 287 290
294 287 293
294 295 287
293 290 296
297 296 290
297 298 296
293 296 299
300 299 296
300 301 299
293 299 302
293 303 304
293 304 305
306 263 307
308 309 310
311 309 312
311 312 313
314 270 315
316 317 318
319 320 321
322 323 321
324 325 321
324 326 325
327 324 321
327 328 324
329 330 324
329 331 330
332 329 324
332 333 329
329 334 335
329 335 336
336 337 329
336 338 337
339 340 336
339 336 341
342 341 336
342 343 341
344 345 341
344 341 346
347 346 341
347 348 346
348 349 346
348 350 349
351 346 349
351 352 346
353 354 349
353 349 355
356 357 349
356 349 358
359 360 361
362 363 360
360 363 364
363 365 364
363 366 365
360 364 367
368 360 367
368 367 369
370 367 364
370 371 367
370 372 371
370 364 373
373 364 374
373 374 375
376 370 373
377 370 376
376 373 378
378 373 379
378 379 380
381 376 378
381 382 376
381 383 382
381 378 384
384 378 385
384 385 386
381 384 387
384 388 387
384 389 388
381 387 390
390 391 381
390 392 391
390 387 393
387 394 393
387 395 394
390 393 396
396 397 390
396 398 397
399 396 393
399 400 396
399 401 400
399 393 402
393 403 404
393 404 405
406 407 363
408 409 410
411 412 370
413 414 415
416 417 418
419 418 420
421 422 418
421 418 423
423 424 421
423 418 425
423 425 426
423 427 424
428 427 423
428 429 427
430 431 427
430 427 432
433 432 427
433 434 432
432 435 436
432 437 435
432 438 437
432 439 438
440 437 441
440 441 442
443 441 437
443 444 441
445 441 444
446 441 445
446 445 447
445 444 448
448 449 445
450 445 449
450 449 451
444 452 448
448 453 449
452 453 448
444 454 452
455 454 444
455 456 454
457 452 454
457 458 452
459 454 456
459 460 454
453 461 449
462 449 461
462 461 463
452 464 453
465 464 452
465 466 464
464 467 453
453 467 461
464 468 467
469 468 464
469 470 468
467 471 461
468 472 467
467 472 471
461 471 473
474 461 473
473 475 474
468 476 472
477 476 468
477 478 476
472 479 471
471 479 480
471 480 481
476 482 472
472 482 479
476 483 482
476 478 484
476 484 483
479 482 485
483 485 482
478 486 484
478 487 486
488 487 478
488 489 487
490 486 487
490 487 491
492 487 489
492 489 493
483 484 494
495 484 486
495 494 484
496 495 486
496 486 497
498 494 495
498 499 494
483 494 500
500 494 499
483 500 485
500 499 501
501 499 502
501 502 503
504 500 501
501 503 504
504 485 500
504 503 505
504 505 506
506 485 504
506 505 507
506 507 508
506 509 485
510 509 506
510 511 509
479 485 509
479 509 512
479 512 513
514 515 516
517 518 515
515 519 520
515 520 521
522 515 521
522 521 523
524 521 520
524 520 525
526 521 524
526 524 527
524 528 529
524 529 530
531 524 530
531 530 532
533 534 530
533 530 535
536 535 530
536 530 537
538 535 536
538 539 535
540 539 538
541 535 539
541 542 535
543 539 540
543 544 539
545 538 536
540 538 545
545 536 546
536 547 546
536 548 547
540 545 549
540 549 550
549 545 551
551 545 546
550 549 552
549 551 552
553 552 551
553 551 554
551 546 555
556 551 555
556 555 557
558 555 546
558 546 547
559 555 558
559 558 560
550 552 561
562 561 552
562 563 561
558 547 564
565 564 547
565 547 566
558 564 567
568 558 567
568 567 569
567 564 570
571 570 564
571 564 572
567 570 573
574 567 573
574 573 575
573 570 576
577 576 570
577 570 578
573 576 579
580 573 579
580 579 581
576 582 579
583 579 582
583 582 584
576 585 582
586 582 585
587 585 576
587 576 588
589 582 590
591 585 592
593 594 595
596 595 597
598 599 595
598 595 600
600 595 601
600 601 602
600 603 604
600 605 603
606 605 600
606 607 605
605 608 609
605 456 608
610 456 605
610 611 456
612 613 614
614 615 616
614 617 615
618 617 614
618 614 619
618 619 620
617 621 615
618 622 617
617 623 621
622 623 617
624 621 623
615 621 625
626 621 624
626 625 621
615 625 627
628 615 627
628 627 629
627 625 630
626 630 625
627 630 631
632 627 631
632 631 633
631 630 634
626 635 630
635 634 630
626 636 635
637 626 624
626 637 636
631 634 638
639 631 638
639 638 640
635 641 634
636 641 635
638 634 550
641 550 634
638 550 561
642 638 561
642 561 643
641 644 550
540 550 644
645 540 644
645 646 540
647 644 641
636 647 641
647 648 644
636 649 647
650 647 649
650 651 647
652 650 649
652 649 653
636 654 649
655 649 654
655 656 649
636 657 654
636 637 657
657 637 624
658 654 657
658 659 654
660 657 624
660 661 657
624 662 663
624 664 662
624 623 664
664 623 665
622 665 623
664 665 666
667 664 666
667 668 664
669 665 622
670 666 665
669 670 665
671 669 622
671 622 618
618 672 671
618 673 672
670 674 666
675 666 674
675 674 676
677 670 669
678 669 671
678 677 669
671 679 678
671 680 679
681 674 670
677 681 670
681 682 674
683 674 682
683 682 684
685 677 678
678 686 685
678 687 686
688 681 677
685 688 677
681 689 682
690 682 689
690 691 682
688 692 681
681 692 689
693 688 685
685 694 693
685 695 694
696 692 688
693 696 688
697 689 692
696 697 692
698 696 693
699 698 693
699 693 700
698 701 696
701 697 696
702 701 698
703 702 698
702 704 701
701 705 697
705 701 706
705 706 707
697 708 689
705 708 697
709 689 708
709 710 689
705 711 708
705 712 711
705 713 712
714 708 711
714 715 708
716 711 717
718 719 720
721 722 719
723 719 724
723 724 725
726 719 723
726 723 727
723 728 729
723 729 730
731 723 730
731 730 732
733 730 650
733 650 734
650 730 735
650 735 736
737 738 739
740 739 741
742 739 743
742 743 744
745 743 739
745 746 743
747 748 743
747 743 749
749 743 750
749 750 751
752 749 489
752 489 753
489 749 754
489 754 755
756 495 757
758 759 760
761 762 759
759 763 764
759 764 765
765 766 759
765 767 766
765 764 768
765 768 769
769 770 765
769 771 770
769 772 773
769 773 774
774 775 769
774 776 775
774 777 778
774 778 779
780 774 779
780 781 774
782 779 783
782 783 784
785 779 782
785 782 786
786 782 787
788 787 782
788 789 787
786 787 790
790 787 791
791 787 792
791 792 793
786 790 794
790 791 795
794 790 795
786 794 796
796 797 786
796 798 797
794 799 796
794 800 799
796 801 798
796 802 801
795 791 803
803 791 804
803 804 805
794 795 806
806 807 794
806 808 807
806 795 809
795 803 809
806 809 810
810 811 806
810 812 811
809 803 813
810 809 814
809 813 814
815 813 803
815 803 816
816 817 815
810 814 818
819 810 818
819 818 820
814 813 821
813 822 821
813 823 822
818 814 824
814 821 824
818 824 825
826 820 818
826 818 825
827 824 821
825 824 827
828 820 826
828 829 820
829 830 820
829 831 830
832 829 828
832 833 829
834 831 829
834 835 831
825 836 826
837 828 826
837 826 836
838 828 837
838 839 828
825 827 840
825 840 836
836 841 837
841 842 837
841 843 842
836 844 841
840 844 836
840 845 844
845 846 844
845 847 846
840 848 845
845 848 847
840 827 848
848 849 847
848 850 849
827 850 848
850 851 849
850 852 851
827 853 850
854 850 853
854 853 855
827 821 853
821 856 853
821 857 856
858 859 860
861 860 862
860 863 864
860 865 863
866 865 860
866 867 865
863 865 868
863 868 869
870 868 865
870 871 868
868 872 873
868 874 872
875 874 868
875 876 874
874 877 878
874 878 879
880 874 879
880 881 874
879 882 880
879 883 882
884 882 883
879 885 883
879 886 885
883 887 884
883 888 887
880 882 889
889 882 884
880 889 890
891 880 890
891 892 880
889 884 893
884 894 893
893 895 889
890 889 895
894 896 893
893 896 895
897 895 896
897 898 895
890 895 899
900 899 895
900 901 899
890 899 902
890 902 891
903 902 899
903 904 902
894 905 896
905 906 896
905 907 906
908 891 902
909 891 908
909 910 891
908 902 911
912 911 902
912 913 911
914 908 911
915 908 914
915 916 908
914 911 917
918 917 911
918 919 917
917 920 914
921 914 920
921 922 914
917 923 920
924 923 917
924 925 923
926 920 923
927 926 923
927 928 926
926 929 920
930 929 926
931 920 929
931 932 920
933 934 926
935 936 929
937 938 939
940 941 938
938 942 943
938 943 944
944 945 938
944 946 945
944 947 948
944 948 949
949 950 944
949 951 950
949 952 953
949 953 798
798 954 949
798 955 954
956 957 958
957 959 960
957 960 961
961 962 957
963 957 962
963 962 964
961 960 965
961 966 962
961 965 967
967 966 961
968 967 965
969 965 960
970 968 965
970 965 969
969 960 971
972 971 960
972 973 971
971 974 969
974 970 969
971 975 974
976 975 971
976 977 975
978 974 975
974 979 970
978 979 974
970 979 980
981 968 970
970 980 981
978 975 982
983 982 975
983 984 982
978 985 979
980 979 985
894 978 982
894 985 978
894 982 905
986 905 982
986 987 905
894 988 985
884 988 894
884 989 988
884 990 989
991 985 988
980 985 991
991 988 992
993 980 991
994 993 991
994 991 995
996 993 994
996 997 993
993 998 980
993 999 998
993 1000 999
1001 980 998
1001 981 980
1001 968 981
998 1002 1001
998 1003 1002
1001 1004 968
1001 1005 1004
968 1006 1007
968 1007 1008
968 1008 967
1008 1009 967
967 1009 966
1008 1010 1009
1008 1011 1010
1008 1012 1011
1013 966 1009
1014 1009 1010
1013 1009 1014
1015 966 1013
1015 962 966
1016 962 1015
1016 1017 962
1014 1010 1018
1019 1018 1010
1019 1020 1018
1014 1021 1013
1013 1022 1015
1013 1021 1022
1015 1022 1023
1015 1023 1024
1018 1025 1014
1014 1025 1021
1018 1026 1025
1027 1026 1018
1027 1028 1026
1029 1022 1021
1030 1022 1029
1030 1031 1022
1032 1021 1025
1029 1021 1032
1033 1025 1026
1026 1034 1033
1026 1035 1034
1032 1025 1036
1033 1036 1025
1032 1037 1029
1029 1037 1038
1029 1038 1039
1036 1040 1032
1032 1040 1037
1033 1041 1036
1036 1041 1040
1040 1042 1037
1043 1037 1042
1043 1044 1037
1040 1045 1042
1041 1045 1040
1046 1042 1045
1046 1045 1047
1041 1048 1045
1049 1045 1048
1049 1048 1050
1033 1051 1041
1051 1048 1041
1033 1052 1051
1033 1053 1052
1051 1054 1048
1051 1055 1054
1051 1056 1055
1057 1048 1054
1057 1058 1048
1059 1060 1054
1061 1062 1063
1064 1063 1065
1066 1063 1067
1066 1067 1068
1069 1067 1063
1069 1070 1067
1067 1071 1072
1067 1073 1071
1074 1073 1067
1074 1075 1073
1076 994 1073
1076 1077 994
1078 1073 994
1078 994 1079
1080 1081 1082
1083 1084 1081
1085 1086 1081
1085 1087 1086
1086 1088 1081
1086 1089 1088
1086 1090 1091
1086 1091 1092
1092 1093 1086
1092 1094 1093
1095 831 1092
1095 1096 831
831 1097 1092
831 1098 1097
1099 1042 1100
1101 1102 1103
1103 1104 1105
1103 1105 1106
1107 1103 1106
1108 1103 1107
1107 1106 1109
1109 1110 1107
1109 1111 1110
1112 1109 1106
1109 1112 1113
1109 1113 1114
1112 1106 1115
1116 1115 1106
1116 1106 1117
1118 1112 1115
1119 1112 1118
1119 1120 1112
1118 1115 1121
1122 1121 1115
1122 1123 1121
1124 1118 1121
1124 1125 1118
1124 1126 1125
1124 1121 1127
1128 1127 1121
1128 1129 1127
1124 1127 1130
1131 1130 1127
1131 1132 1130
1124 1130 1133
1133 1134 1124
1133 1135 1134
1136 1133 1130
1137 1133 1136
1137 1136 1138
1132 1139 1130
1136 1130 1139
1136 1139 1140
1132 1141 1139
1141 1140 1139
1138 1136 1142
1136 1140 1142
1143 1141 1132
1144 1143 1132
1144 1145 1143
1146 1143 1145
1146 1147 1143
1143 1148 1141
1149 1148 1143
1149 1150 1148
1148 1151 1141
1141 1151 1140
1152 1140 1151
1148 1153 1151
1153 1152 1151
1154 1153 1148
1154 1155 1153
1156 1152 1153
1156 1157 1152
1152 1158 1140
1152 1159 1158
1152 1160 1159
1161 1140 1158
1161 1142 1140
1158 1162 1161
1158 1163 1162
1161 1162 1164
1161 1164 1165
1142 1161 1165
1165 1164 1166
1165 1166 1167
1142 1165 1168
1138 1142 1168
1169 1168 1165
1169 1165 1167
1170 1138 1168
1170 1168 1169
1170 1171 1138
1170 1172 1171
1173 1170 1169
1172 1170 1173
1169 1167 1174
1167 1175 1174
1167 1176 1175
1169 1174 1177
1173 1169 1177
1177 1174 1178
1174 1179 1178
1180 1173 1177
1172 1173 1181
1181 1173 1180
1182 1172 1181
1182 1183 1172
1177 1178 1184
1180 1177 1184
1185 1184 1178
1185 1178 1186
1187 1180 1184
1187 1184 1188
1181 1180 1189
1190 1181 1189
1190 1189 1191
1192 1189 1180
1192 1180 1193
1194 1191 1189
1194 1189 1195
1178 1196 1197
1178 1197 1198
1199 1200 1191
1199 1191 1201
1202 1201 1191
1202 1191 1203
1204 1205 1201
1204 1201 1206
1207 1206 1201
1207 1201 1208
1209 1206 1210
1211 1206 1209
1212 1213 1214
1215 1216 1217
1217 1218 1219
1217 1219 1220
1221 1217 1220
1221 1222 1217
1223 1217 1222
1221 1224 1222
1221 1225 1224
1226 1221 1220
1227 1221 1226
1227 1226 1228
1226 1220 1229
1230 1229 1220
1230 1231 1229
1183 1226 1229
1232 1226 1183
1232 1183 1233
1183 1229 1234
1172 1183 1234
1172 1234 1235
1236 1234 1229
1236 1237 1234
1238 1239 1234
1240 1241 1242
1243 1244 1241
1241 1245 1246
1241 1246 1247
1248 1241 1247
1248 1249 1241
1250 1247 1251
1250 1251 1252
1250 1253 1247
1250 1254 1253
1250 1255 1256
1250 1256 1257
1257 1258 1250
1257 1259 1258
1260 1261 1257
1260 1262 1261
1257 1263 1260
1257 1264 1263
1263 1264 1265
1266 1265 1264
1266 1267 1265
1268 1265 1267
1268 1267 1269
1260 1263 1270
1263 1265 1271
1270 1263 1271
1265 1272 1271
1265 1273 1272
1260 1270 1274
1274 1275 1260
1274 1276 1275
1270 1271 1277
1278 1277 1271
1278 1271 1279
1280 1270 1277
1280 1277 1281
1282 1270 1280
1282 1274 1270
1283 1274 1282
1283 1284 1274
1285 1286 1282
1285 1282 1287
1288 1287 1282
1288 1282 1289
1287 1290 1291
1287 1291 1292
1292 1293 1287
1292 1294 1293
1292 1295 1296
1292 1296 1297
1297 1298 1292
1297 1299 1298
1300 1301 1297
1300 1302 1301
1301 1303 1297
1301 1304 1303
1301 1305 1306
1301 1307 1305
1308 1307 1301
1308 1309 1307
1310 1307 1311
1310 1311 1312
1313 1311 1307
1313 1314 1311
1311 1315 1316
1311 1316 1317
1318 1311 1317
1318 1319 1311
1320 1321 1317
1322 1317 1321
1322 1321 1323
1324 1321 1325
1326 1327 1328
1329 1328 1330
1328 1331 1332
1328 1332 1333
1334 1328 1333
1334 1333 1335
1336 1337 1333
1336 1338 1337
1339 1333 1337
1339 1337 1340
1341 1145 1337
1341 1342 1145
1343 1337 1145
1343 1145 1344
1345 1346 1347
1348 1346 1349
1350 1346 1351
1350 1352 1346
1353 1346 1352
1353 1354 1346
1355 1356 1352
1355 1352 1357
1358 1357 1352
1358 1359 1357
1360 1361 1357
1362 1361 1360
1360 1357 1363
1364 1363 1357
1364 1365 1363
1366 1360 1363
1362 1360 1367
1367 1360 1366
1366 1363 1368
1369 1368 1363
1369 1370 1368
1367 1371 1362
1367 1366 1372
1367 1373 1371
1372 1373 1367
1374 1371 1373
1374 1375 1371
1372 1376 1373
1377 1373 1376
1377 1376 1378
1379 1372 1366
1379 1376 1372
1380 1366 1368
1379 1366 1380
1379 1381 1376
1382 1376 1381
1382 1381 1383
1384 1381 1379
1380 1384 1379
1384 1385 1381
1386 1381 1385
1386 1385 1387
1384 1388 1385
1389 1385 1388
1389 1388 1390
1384 1391 1388
1380 1392 1384
1392 1391 1384
1393 1388 1391
1394 1388 1393
1394 1393 1395
1380 1396 1392
1392 1397 1391
1396 1397 1392
1393 1391 1398
1391 1397 1398
1380 1399 1396
1380 1368 1399
1400 1399 1368
1400 1368 1401
1402 1396 1399
1402 1399 1403
1396 1404 1397
1405 1404 1396
1405 1406 1404
1407 1397 1404
1407 1398 1397
1408 1407 1404
1408 1409 1407
1410 1398 1407
1411 1410 1407
1411 1412 1410
1410 1413 1398
1414 1413 1410
1415 1414 1410
1415 1416 1414
1413 1393 1398
1413 1417 1393
1417 1418 1393
1417 1419 1418
1420 1417 1413
1414 1420 1413
1420 1421 1417
1421 1422 1417
1421 1423 1422
1424 1423 1421
1420 1424 1421
1424 1425 1423
1420 1426 1424
1414 1426 1420
1427 1425 1424
1426 1427 1424
1427 1428 1425
1428 1427 1429
1428 1429 1430
1426 1431 1427
1431 1429 1427
1414 1432 1426
1432 1431 1426
1414 1433 1432
1414 1434 1433
1431 1435 1429
1436 1429 1435
1437 1429 1436
1432 1438 1431
1438 1435 1431
1438 1439 1435
1432 1440 1438
1432 1441 1440
1442 1435 1443
1438 1444 1445
1446 1447 1448
1449 1447 1450
1451 1447 1452
1451 1453 1447
1454 1447 1453
1454 1453 1455
1456 1457 1453
1457 1458 1453
1457 1459 1458
1456 1460 1457
1460 1461 1457
1460 1462 1461
1461 1463 1457
1461 1464 1463
1465 1466 1461
1465 1467 1466
1466 1468 1461
1466 1469 1468
1470 1466 1471
1470 1472 1466
1472 1473 1466
1472 1474 1473
1475 1472 1476
1475 1477 1472
1477 1478 1472
1477 1479 1478
1480 1477 1481
1480 1482 1477
1482 1483 1477
1482 1484 1483
1485 1482 1486
1485 1487 1482
1488 1482 1487
1488 1489 1482
1490 1491 1487
1490 1492 1491
1491 1493 1487
1491 1494 1493
1495 1496 1491
1495 1497 1496
1496 1498 1491
1496 1499 1498
1500 1496 1501
1500 1502 1496
1502 1503 1496
1502 1504 1503
1502 1505 1504
1502 1506 1505
1507 1506 1502
1507 1502 1508
1505 1506 1509
1507 1509 1506
1505 1509 1510
1507 1511 1509
1510 1509 1512
1511 1512 1509
1510 1512 1513
1511 1514 1512
1513 1512 1515
1514 1515 1512
1513 1515 1516
1516 1515 1517
1514 1518 1515
1515 1518 1519
1520 1521 1522
1523 1522 1524
1525 1522 1526
1525 1526 1527
1528 1522 1525
1528 1525 1529
1530 1531 1525
1530 1532 1531
1533 1525 1531
1533 1531 1534
1535 1536 1531
1535 1537 1536
1538 1531 1539
1538 1539 1540
1541 1542 1543
1544 1545 1546
1547 1545 1548
1548 1545 1549
1549 1545 1550
1549 1550 1551
1548 1549 1552
1552 1553 1548
1552 1554 1553
1555 1552 1549
1549 1556 1555
1549 1557 1556
1555 1558 1552
1559 1552 1558
1559 1558 1560
1561 1558 1555
1561 1267 1558
1562 1558 1267
1562 1267 1563
1564 1548 1565
1555 1566 1567
1555 1568 1569
1569 1570 1571
1107 1572 1573
1574 1575 1576
1577 1576 1578
1577 1579 1576
1580 1576 1579
1581 1576 1580
1580 1579 1582
1582 1583 1580
1582 1584 1583
1585 1582 1579
1579 1586 1585
1579 1587 1586
1585 1588 1582
1589 1582 1588
1589 1588 1590
1362 1588 1585
1585 1591 1362
1585 1592 1591
1362 1371 1588
1593 1588 1371
1593 1371 1594
1595 1580 1596
1222 1597 1598
1599 1600 1601
1602 1603 1604
1605 1606 1607
1608 1609 1607
1608 1607 1610
1611 1608 1610
1611 1610 1612
1610 1607 1613
1612 1610 1614
1610 1613 1614
1607 1615 1613
1607 1616 1615
1615 1616 1617
1615 1617 1618
1615 1619 1613
1613 1620 1614
1613 1619 1620
1618 1621 1615
1615 1621 1619
1619 1622 1620
1619 1623 1622
1621 1623 1619
1621 1624 1623
1618 1625 1621
1625 1626 1621
1625 1627 1626
1625 1628 1627
1625 1629 1628
1618 1629 1625
1614 1620 1630
1620 1631 1630
1620 1632 1631
1614 1630 1633
1612 1614 1633
1618 1634 1629
1618 1635 1634
1618 1636 1635
1633 1630 1637
1630 1638 1637
1630 1639 1638
1640 1612 1633
1641 1612 1640
1641 1642 1612
1633 1637 1643
1640 1633 1643
1634 1644 1629
1629 1644 1645
1629 1645 1646
1643 1637 1647
1637 1648 1647
1637 1649 1648
1650 1640 1643
1651 1640 1650
1651 1652 1640
1643 1647 1653
1650 1643 1653
1634 1654 1644
1634 1655 1654
1634 1656 1655
1653 1647 1657
1647 1658 1657
1647 1659 1658
1660 1650 1653
1661 1650 1660
1661 1662 1650
1653 1657 1663
1660 1653 1663
1663 1657 1664
1660 1663 1665
1657 1666 1667
1668 1660 1669
1670 1671 1672
1670 1673 1674
1670 1675 1673
1676 1675 1670
1676 1670 1677
1676 1678 1675
1679 1678 1676
1679 1676 1680
1680 1676 1681
1682 1679 1680
1682 1680 1683
1683 1680 1684
1678 1685 1675
1675 1685 1686
1675 1686 1687
1688 1678 1679
1689 1688 1679
1689 1679 1690
1678 1691 1685
1688 1691 1678
1691 1692 1685
1685 1692 1693
1685 1693 1694
1695 1691 1688
1696 1695 1688
1696 1688 1697
1691 1698 1692
1695 1698 1691
1698 1699 1692
1692 1699 1700
1692 1700 1701
1702 1698 1695
1703 1702 1695
1703 1695 1704
1698 1705 1699
1702 1705 1698
1706 1699 1705
1702 1706 1705
1706 1707 1699
1707 1708 1699
1707 1709 1708
1702 1710 1706
1711 1710 1702
1711 1712 1710
1713 1707 1706
1710 1713 1706
1714 1709 1707
1713 1714 1707
1710 1715 1713
1716 1715 1710
1716 1717 1715
1715 1718 1713
1718 1714 1713
1715 1719 1718
1720 1719 1715
1720 1721 1719
1718 1722 1714
1719 1723 1718
1723 1722 1718
1714 1724 1709
1722 1724 1714
1719 1725 1723
1726 1725 1719
1726 1727 1725
1723 1728 1722
1725 1729 1723
1729 1728 1723
1722 1730 1724
1728 1730 1722
1725 1731 1729
1732 1731 1725
1732 1733 1731
1730 1734 1724
1730 1735 1734
1728 1736 1730
1736 1737 1730
1736 1738 1737
1729 1739 1728
1739 1736 1728
1731 1740 1729
1740 1739 1729
1739 1741 1736
1741 1742 1736
1741 1743 1742
1744 1741 1739
1740 1744 1739
1731 1745 1740
1746 1745 1731
1746 1747 1745
1745 1748 1740
1748 1744 1740
1747 1749 1745
1745 1749 1748
1747 1750 1749
1744 1751 1741
1751 1752 1741
1751 1753 1752
1748 1754 1744
1754 1751 1744
1755 1753 1751
1754 1755 1751
1755 1756 1753
1749 1757 1748
1757 1754 1748
1758 1755 1754
1757 1758 1754
1749 1759 1757
1760 1759 1749
1760 1761 1759
1759 1762 1757
1762 1758 1757
1758 1763 1755
1763 1764 1755
1763 1765 1764
1763 1766 1765
1767 1763 1758
1762 1767 1758
1767 1768 1763
1759 1769 1762
1770 1769 1759
1770 1771 1769
1772 1767 1762
1769 1772 1762
1772 1773 1767
1773 1774 1767
1773 1775 1774
1769 1776 1772
1777 1776 1769
1777 1778 1776
1776 1779 1772
1779 1773 1772
1776 1780 1779
1781 1780 1776
1781 1782 1780
1779 1783 1773
1773 1783 1784
1773 1784 1785
1780 1786 1779
1786 1783 1779
1780 1787 1786
1788 1787 1780
1788 1789 1787
1786 1790 1783
1790 1791 1783
1790 1792 1791
1787 1793 1786
1793 1790 1786
1787 1794 1793
1795 1794 1787
1795 1796 1794
1793 1797 1790
1797 1798 1790
1797 1799 1798
1794 1800 1793
1800 1797 1793
1794 1801 1800
1802 1801 1794
1802 1803 1801
1800 1804 1797
1804 1805 1797
1804 1806 1805
1801 1807 1800
1807 1804 1800
1801 1808 1807
1809 1808 1801
1809 1810 1808
1807 1811 1804
1804 1811 1812
1804 1812 1813
1814 1815 1816
1817 1815 1818
1817 1819 1815
1819 1820 1815
1815 1820 1821
1819 1822 1820
1823 1822 1819
1824 1823 1819
1824 1825 1823
1820 1822 1826
1823 1827 1822
1827 1826 1822
1827 1828 1826
1820 1826 1829
1820 1829 1830
1829 1826 1831
1829 1831 1832
1833 1827 1823
1834 1833 1823
1834 1835 1833
1833 1836 1827
1836 1837 1827
1836 1838 1837
1839 1836 1833
1840 1839 1833
1840 1841 1839
1842 1839 1841
1842 1843 1839
1839 1844 1836
1843 1844 1839
1844 1845 1836
1844 1846 1845
1843 1847 1844
1844 1847 1848
1844 1848 1849
1843 1850 1847
1851 1847 1850
1851 1852 1847
1843 1853 1850
1854 1853 1843
1854 1843 1855
1856 1850 1853
1857 1856 1853
1857 1853 1858
1856 1859 1850
1850 1859 1860
1850 1860 1861
1862 1860 1859
1862 1859 1863
1864 1859 1856
1864 1863 1859
1865 1864 1856
1865 1856 1866
1864 1867 1863
1864 1868 1867
1869 1868 1864
1869 1864 1870
1871 1872 1863
1868 1873 1874
1868 1875 1873
1876 1875 1868
1876 1868 1877
1878 1875 1879
1878 1880 1875
1880 1881 1875
1880 1882 1881
1883 1880 1884
1883 1885 1880
1885 1886 1880
1885 1887 1886
1888 1885 1889
1888 1890 1885
1890 1891 1885
1890 1892 1891
1893 1890 1894
1893 1895 1890
1895 1896 1890
1895 1897 1896
1898 1895 1899
1898 1900 1895
1900 1901 1895
1900 1902 1901
1903 1900 1904
1903 1905 1900
1905 1906 1900
1905 1907 1906
1908 1909 1910
1911 1908 1912
1913 1908 1911
1913 1914 1908
1914 1915 1908
1914 1916 1915
1917 1913 1911
1917 1911 1918
1917 1709 1913
1709 1914 1913
1709 1919 1914
1919 1920 1914
1919 1921 1920
1709 1724 1919
1724 1922 1919
1724 1923 1922
1924 1911 1925
1829 1926 1927
1928 1929 1930
1931 1932 1928
1931 1928 1933
1933 1928 1934
1928 1935 1934
1928 1936 1935
1934 1935 1937
1934 1937 1938
1933 1934 1939
1939 1934 1940
1939 1940 1941
1942 1933 1939
1942 1943 1933
1942 1944 1943
1942 1939 1945
1945 1939 1946
1945 1946 1947
1948 1942 1945
1948 1949 1942
1948 1950 1949
1948 1945 1951
1951 1945 1952
1951 1952 1953
1954 1948 1951
1954 1955 1948
1954 1956 1955
1954 1951 1957
1957 1951 1958
1957 1958 1959
1654 1954 1957
1654 1960 1954
1654 1961 1960
1654 1957 1644
1644 1957 1962
1644 1962 1963
1964 1965 1826
1966 1967 1968
1966 1969 1967
1970 1967 1969
1971 1969 1966
1972 1969 1971
1971 1966 1973
1970 1969 1974
1974 1969 1972
1974 1975 1970
1973 1976 1971
1971 1976 1972
1973 1977 1976
1978 1976 1977
1978 1979 1976
1976 1979 1972
1979 1978 1980
1974 1981 1975
1982 1975 1981
1983 1981 1974
1983 1974 1972
1972 1979 1984
1979 1980 1984
1982 1981 1985
1985 1981 1983
1986 1983 1972
1972 1984 1986
1982 1985 1987
1982 1987 1988
1987 1989 1988
1987 1990 1989
1991 1989 1990
1985 1983 1992
1986 1992 1983
1993 1987 1985
1993 1990 1987
1991 1990 1994
1994 1995 1991
1985 1992 1996
1993 1985 1996
1997 1992 1986
1996 1992 1997
1998 1986 1984
1997 1986 1998
1999 1994 1990
1993 1999 1990
1994 2000 1995
2000 2001 1995
1998 1984 2002
2002 1984 1980
2000 2003 2001
2004 2001 2003
2004 2003 2005
2006 2004 2005
2007 2006 2005
2007 2005 2003
2008 2003 2000
2007 2003 2008
2009 2000 1994
2008 2000 2009
2010 2007 2008
2011 2007 2010
2012 2011 2010
2010 2008 2013
2012 2010 2013
2014 2013 2008
2014 2008 2009
2012 2013 2015
2015 2013 2014
101 2012 2015
89 2012 101
101 2015 95
95 2015 2016
2015 2014 2016
95 2016 94
2009 1994 2017
1999 2017 1994
2016 2014 2018
94 2016 2019
2016 2018 2019
2020 2014 2009
2018 2014 2020
2021 2009 2017
2020 2009 2021
2022 2018 2020
2022 2020 2021
2017 2023 2021
2017 1999 2023
2022 2021 2023
94 2019 2024
48 94 2024
2019 2018 2025
2022 2025 2018
2026 48 2024
2026 47 48
2024 2019 2027
2019 2025 2027
2024 2027 2026
2028 2023 1999
2029 2022 2023
2029 2023 2028
2030 2025 2022
2022 2029 2030
2028 1999 2031
2031 1999 1993
2029 2028 2032
2032 2028 2031
2033 2031 1993
2032 2031 2033
2033 1993 1996
1996 2034 2033
1996 1997 2034
2027 2025 2035
2030 2035 2025
2030 2029 2036
2029 2032 2036
2033 2037 2032
2033 2034 2037
1997 2038 2034
1997 1998 2038
2039 2035 2030
2030 2036 2039
2040 2036 2032
2040 2032 2037
2041 2037 2034
2041 2034 2038
1998 2042 2038
1998 2002 2042
2043 2039 2036
2043 2036 2040
2044 2040 2037
2044 2037 2041
2038 2045 2041
2038 2042 2045
2046 2043 2040
2046 2040 2044
2039 2043 2047
2046 2047 2043
2048 2044 2041
2048 2041 2045
2039 2047 2049
2039 2049 2035
2050 2046 2044
2050 2044 2048
2051 2035 2049
2027 2035 2051
2052 2027 2051
2026 2027 2052
2051 2049 2053
2053 2052 2051
2026 2052 2054
2054 47 2026
2055 2049 2047
2055 2053 2049
2053 2055 2056
2053 2057 2052
2054 2052 2057
2053 2056 2057
2054 2058 47
47 2058 41
2054 2057 2059
2059 2058 2054
2059 2057 2056
41 2058 2060
2059 2060 2058
41 2060 40
2061 2055 2047
2061 2056 2055
2062 2060 2059
2059 2056 2062
40 2060 2063
2062 2063 2060
40 2063 42
42 2063 2064
42 2064 2065
2066 2063 2062
2066 2062 2056
2066 2067 2063
2066 2056 2068
2061 2068 2056
2061 2047 2069
2046 2069 2047
2068 2070 2066
2070 2071 2066
2068 2072 2070
2072 2068 2073
2074 2068 2061
2074 2073 2068
2074 2061 2069
2075 2073 2074
2076 2069 2046
2074 2069 2076
2075 2074 2076
2076 2046 2050
2075 2076 2077
2077 2076 2050
2077 2078 2075
2079 2078 2077
2077 2050 2080
2080 2050 2048
2079 2077 2081
2077 2080 2081
2082 2079 2081
2082 2081 2083
2080 2083 2081
2082 2083 2084
2084 2083 2085
2080 2085 2083
2080 2048 2086
2086 2048 2045
2086 2045 2087
2087 2045 2042
2087 2042 2088
2088 2089 2087
2088 2042 2002
2088 2090 2089
2088 2002 2091
2088 2091 2090
2091 2002 2092
2092 2002 1980
2091 2092 2093
2092 1980 2094
2094 1980 2090
2093 2095 2091
2094 2090 2095
2091 2095 2090
2096 2097 2098
2099 2096 2098
3 2100 2101
3 2101 2102
3 2103 2104
3 2104 2105
2106 2107 2108
2109 2107 2106
2110 2111 2112
2110 2112 2113
2114 2115 2116
2114 2116 2117
2118 2119 2120
2118 2120 2121
2122 2121 2120
2122 2120 2123
2122 2123 2124
2125 2124 2123
2122 2124 2126
2127 2124 2125
2126 2124 2128
2127 2128 2124
2126 2128 2129
2130 2128 2127
2129 2128 2131
2130 2131 2128
2129 2131 2132
2133 2131 2130
2132 2131 2134
2133 2134 2131
2132 2134 2135
2136 2134 2133
2135 2134 2137
2136 2137 2134
2135 2137 2138
2139 2138 2137
2136 2140 2137
2139 2137 2140
2136 2141 2140
2142 2139 2140
2141 2143 2140
2142 2140 2143
2141 2144 2143
2145 2142 2143
2146 2143 2144
2145 2143 2146
2146 2144 2147
2148 2146 2147
2149 2145 2146
2149 2146 2148
2149 2148 2150
2149 2150 2151
2152 2151 2150
2152 2150 2153
2154 2155 2156
2154 2156 2157
2158 2159 2160
2158 2160 2161
2162 2163 2164
2162 2164 2165
2166 2167 2168
2166 2168 1152
2169 2170 2171
2169 2171 2172
2173 2174 2175
2173 2175 2176
2177 2178 2179
2177 2179 2180
2181 2182 2183
2181 2184 2182
2185 2184 2181
2185 2186 2184
2187 2188 2181
2187 2181 1935
1935 2181 2189
1935 2189 2190
2184 2191 2192
2184 2193 2191
2194 2193 2184
2194 2195 2193
2193 2196 2197
2193 2198 2196
2199 2198 2193
2199 2200 2198
