byte offset: 0
first index: 0
index count: 6420
topology: trianglelist
format: DXGI_FORMAT_R16_UINT

0 1 2
3 4 0
5 6 4
5 4 7
8 9 10
11 12 13
14 11 15
16 17 11
18 19 20
21 22 19
21 23 24
21 25 23
26 27 25
26 25 28
29 30 31
32 29 33
32 34 29
32 35 34
36 37 38
39 37 40
41 37 42
43 42 39
43 44 42
43 45 44
43 46 45
46 47 45
46 48 47
47 48 49
47 49 50
51 50 49
51 49 52
53 54 55
56 57 55
58 59 60
61 59 62
63 64 62
65 66 67
68 69 70
71 72 73
74 75 76
77 78 79
80 81 82
83 84 85
86 87 88
89 90 91
92 93 94
95 96 97
98 99 100
101 102 103
104 105 106
107 108 109
110 111 112
110 113 114
115 113 116
117 118 119
117 120 121
122 120 123
124 125 123
126 125 127
128 126 127
129 128 127
130 128 129
130 131 128
132 133 131
132 131 134
135 136 137
138 136 139
140 141 142
143 144 142
145 144 146
147 148 149
150 151 152
153 154 155
156 157 158
159 160 161
162 163 164
165 166 167
168 169 170
171 172 173
174 175 176
177 178 179
180 181 182
183 184 185
186 187 188
189 190 191
192 193 194
192 195 196
197 198 196
199 200 201
199 202 203
204 205 203
206 205 207
208 209 207
210 209 208
211 209 210
212 211 210
212 210 213
214 215 213
214 213 216
217 218 219
219 220 221
219 221 222
223 219 222
224 223 222
224 222 225
225 222 226
223 227 219
227 228 219
227 229 228
229 227 230
231 227 223
231 223 232
233 234 223
235 236 237
238 239 240
241 242 243
244 245 246
247 248 249
250 251 252
253 252 254
255 256 257
258 259 260
261 260 262
263 264 265
266 267 268
269 270 271
272 271 273
274 275 276
277 278 279
280 281 282
283 284 285
286 287 288
289 290 291
292 293 294
295 296 297
298 299 300
301 302 303
304 305 306
307 308 309
310 311 312
313 314 315
316 317 318
319 320 321
322 323 324
325 326 327
328 329 330
331 332 333
334 335 336
335 337 338
339 340 341
339 341 342
343 344 345
343 345 346
347 348 349
347 349 350
351 352 353
351 353 354
355 356 357
355 357 358
359 360 361
359 361 362
361 363 362
361 364 363
363 364 365
363 365 366
365 367 366
365 368 367
368 369 367
368 370 369
371 369 370
371 370 372
373 371 372
373 374 371
375 376 377
375 377 378
379 380 381
379 382 380
382 379 383
382 383 384
385 386 387
385 387 388
389 390 391
389 391 392
393 389 392
393 392 394
395 396 397
395 398 396
398 395 399
398 399 400
399 401 400
399 402 401
402 403 401
402 404 403
404 405 403
404 406 405
406 407 405
406 408 407
409 407 408
409 410 407
411 412 413
411 413 414
415 416 417
415 417 418
419 420 421
419 421 422
423 424 425
423 425 426
427 428 429
427 429 430
431 432 433
431 433 434
435 436 437
435 438 436
438 435 439
438 439 440
441 442 443
441 443 444
445 441 444
445 446 441
447 448 449
447 449 450
451 452 453
451 454 452
455 456 454
455 454 457
458 459 460
458 460 461
462 463 464
462 464 465
466 467 468
466 468 469
470 471 472
470 472 473
474 475 476
474 476 477
478 479 480
478 480 481
482 483 484
482 484 485
486 487 488
486 488 489
490 491 492
490 492 493
494 495 496
494 496 497
498 499 500
498 500 501
502 503 504
502 504 505
506 507 508
506 508 509
510 511 512
510 512 513
514 515 516
514 516 517
518 519 520
518 520 521
522 523 524
522 524 525
526 527 528
526 528 529
530 531 532
530 532 533
534 535 536
534 536 537
538 539 540
538 540 541
542 543 544
542 544 545
546 547 548
546 549 547
550 551 549
550 552 551
553 554 555
553 555 556
555 557 558
555 558 559
560 561 562
560 563 561
560 564 563
560 565 564
566 564 565
566 565 567
566 567 568
566 568 569
569 568 570
569 570 571
572 573 574
572 574 575
576 577 578
576 578 579
580 581 582
580 582 583
584 585 586
584 586 587
588 589 590
588 590 591
592 593 594
592 594 595
596 597 598
596 598 599
600 601 602
600 602 603
604 605 606
604 606 607
608 609 610
608 610 611
612 613 614
612 614 615
614 616 617
617 618 614
617 619 618
620 621 622
620 622 623
624 625 626
624 626 627
628 627 626
628 629 627
629 628 630
629 630 631
632 631 630
632 633 631
634 633 632
634 635 633
634 636 635
634 637 636
638 636 637
638 637 639
640 638 639
640 641 638
642 641 640
642 643 641
644 643 642
644 642 645
645 646 644
645 647 646
647 648 646
647 649 648
650 651 652
650 652 653
654 655 656
654 657 655
658 655 657
657 659 658
657 660 659
659 660 661
660 662 661
660 663 662
664 665 666
664 666 667
664 667 668
668 669 664
668 670 669
669 670 671
672 669 671
672 671 673
674 675 676
674 676 677
678 679 680
678 680 681
682 678 681
682 683 678
684 683 682
684 685 683
685 684 686
685 686 687
688 687 686
688 686 689
689 690 688
689 691 690
692 690 691
692 691 693
694 695 696
694 696 697
698 699 700
698 700 701
702 703 704
702 704 705
706 705 704
707 705 706
707 706 708
708 709 707
710 707 709
710 711 707
712 713 714
712 714 715
715 716 712
717 716 715
717 715 718
718 719 717
720 719 718
720 721 719
722 723 724
722 724 725
726 727 728
726 728 729
730 731 732
730 733 731
734 731 733
734 733 735
736 734 735
736 737 734
736 738 737
736 739 738
740 738 739
740 739 741
742 740 741
742 743 740
742 744 743
742 745 744
746 747 748
746 748 749
750 751 752
750 752 753
753 754 750
753 755 754
754 755 756
754 756 757
758 759 760
758 761 759
762 759 761
762 763 759
763 762 764
763 764 765
766 767 768
766 768 769
768 770 769
768 771 770
772 770 771
772 771 773
774 775 776
774 776 777
778 777 776
778 779 777
779 778 780
779 780 781
782 783 784
782 784 785
786 782 785
786 787 782
786 788 787
789 785 784
789 784 790
791 789 790
791 790 792
791 792 793
791 793 794
795 791 794
785 789 796
785 796 786
791 796 789
786 797 788
797 786 796
797 798 788
795 799 791
791 799 796
799 795 800
797 796 801
801 796 799
797 802 798
802 797 801
799 800 803
801 799 803
804 803 800
804 800 805
803 806 801
802 801 806
803 804 806
807 798 802
807 808 798
809 802 806
809 806 804
809 807 802
805 810 804
809 804 810
805 811 810
811 812 810
809 810 812
811 813 812
814 808 807
814 815 808
807 809 816
809 812 816
807 816 814
812 817 816
814 816 817
818 812 813
812 818 817
818 813 819
820 818 819
815 814 821
814 817 821
815 821 822
823 822 821
820 824 818
824 817 818
820 825 824
820 826 825
825 826 827
823 821 828
817 828 821
824 829 817
817 829 828
829 824 825
823 828 830
830 828 829
823 830 831
830 829 832
829 825 832
833 831 830
833 830 832
833 834 831
833 835 834
825 836 832
833 832 836
833 837 835
837 833 836
837 838 835
837 839 838
840 839 837
840 837 841
837 836 841
840 841 842
842 841 836
840 842 843
842 844 843
842 845 844
827 845 842
825 846 836
825 827 846
827 842 846
842 836 846
847 848 849
847 849 850
851 847 850
851 852 847
851 853 852
854 850 849
854 849 855
856 854 855
856 855 857
856 857 858
856 858 859
860 856 859
850 854 861
850 861 851
856 861 854
851 862 853
862 851 861
862 863 853
860 864 856
856 864 861
864 860 865
862 861 866
866 861 864
862 867 863
867 862 866
864 865 868
866 864 868
869 868 865
869 865 870
868 871 866
867 866 871
868 869 871
872 863 867
872 873 863
874 867 871
874 871 869
874 872 867
870 875 869
874 869 875
870 876 875
876 877 875
874 875 877
876 878 877
879 873 872
879 880 873
872 874 881
874 877 881
872 881 879
877 882 881
879 881 882
883 877 878
877 883 882
883 878 884
885 883 884
880 879 886
879 882 886
880 886 887
888 887 886
885 889 883
889 882 883
885 890 889
885 891 890
890 891 892
888 886 893
882 893 886
889 894 882
882 894 893
894 889 890
888 893 895
895 893 894
888 895 896
895 894 897
894 890 897
898 896 895
898 895 897
898 899 896
898 900 899
890 901 897
898 897 901
898 902 900
902 898 901
902 903 900
902 904 903
905 904 902
905 902 906
902 901 906
905 906 907
907 906 901
905 907 908
907 909 908
907 910 909
892 910 907
890 911 901
890 892 911
892 907 911
907 901 911
912 913 914
912 914 915
916 912 915
916 917 912
916 918 917
919 915 914
919 914 920
921 919 920
921 920 922
921 922 923
921 923 924
925 921 924
915 919 926
915 926 916
921 926 919
916 927 918
927 916 926
927 928 918
925 929 921
921 929 926
929 925 930
927 926 931
931 926 929
927 932 928
932 927 931
929 930 933
931 929 933
934 933 930
934 930 935
933 936 931
932 931 936
933 934 936
937 928 932
937 938 928
939 932 936
939 936 934
939 937 932
935 940 934
939 934 940
935 941 940
941 942 940
939 940 942
941 943 942
944 938 937
944 945 938
937 939 946
939 942 946
937 946 944
942 947 946
944 946 947
948 942 943
942 948 947
948 943 949
950 948 949
945 944 951
944 947 951
945 951 952
953 952 951
950 954 948
954 947 948
950 955 954
950 956 955
955 956 957
953 951 958
947 958 951
954 959 947
947 959 958
959 954 955
953 958 960
960 958 959
953 960 961
960 959 962
959 955 962
963 961 960
963 960 962
963 964 961
963 965 964
955 966 962
963 962 966
963 967 965
967 963 966
967 968 965
967 969 968
970 969 967
970 967 971
967 966 971
970 971 972
972 971 966
970 972 973
972 974 973
972 975 974
957 975 972
955 976 966
955 957 976
957 972 976
972 966 976
977 978 979
977 979 980
981 977 980
981 982 977
981 983 982
984 980 979
984 979 985
986 984 985
986 985 987
986 987 988
986 988 989
990 986 989
980 984 991
980 991 981
986 991 984
981 992 983
992 981 991
992 993 983
990 994 986
986 994 991
994 990 995
992 991 996
996 991 994
992 997 993
997 992 996
994 995 998
996 994 998
999 998 995
999 995 1000
998 1001 996
997 996 1001
998 999 1001
1002 993 997
1002 1003 993
1004 997 1001
1004 1001 999
1004 1002 997
1000 1005 999
1004 999 1005
1000 1006 1005
1006 1007 1005
1004 1005 1007
1006 1008 1007
1009 1003 1002
1009 1010 1003
1002 1004 1011
1004 1007 1011
1002 1011 1009
1007 1012 1011
1009 1011 1012
1013 1007 1008
1007 1013 1012
1013 1008 1014
1015 1013 1014
1010 1009 1016
1009 1012 1016
1010 1016 1017
1018 1017 1016
1015 1019 1013
1019 1012 1013
1015 1020 1019
1015 1021 1020
1020 1021 1022
1018 1016 1023
1012 1023 1016
1019 1024 1012
1012 1024 1023
1024 1019 1020
1018 1023 1025
1025 1023 1024
1018 1025 1026
1025 1024 1027
1024 1020 1027
1028 1026 1025
1028 1025 1027
1028 1029 1026
1028 1030 1029
1020 1031 1027
1028 1027 1031
1028 1032 1030
1032 1028 1031
1032 1033 1030
1032 1034 1033
1035 1034 1032
1035 1032 1036
1032 1031 1036
1035 1036 1037
1037 1036 1031
1035 1037 1038
1037 1039 1038
1037 1040 1039
1022 1040 1037
1020 1041 1031
1020 1022 1041
1022 1037 1041
1037 1031 1041
1042 1043 1044
1042 1044 1045
1046 1042 1045
1046 1047 1042
1046 1048 1047
1049 1045 1044
1049 1044 1050
1051 1049 1050
1051 1050 1052
1051 1052 1053
1051 1053 1054
1055 1051 1054
1045 1049 1056
1045 1056 1046
1051 1056 1049
1046 1057 1048
1057 1046 1056
1057 1058 1048
1055 1059 1051
1051 1059 1056
1059 1055 1060
1057 1056 1061
1061 1056 1059
1057 1062 1058
1062 1057 1061
1059 1060 1063
1061 1059 1063
1064 1063 1060
1064 1060 1065
1063 1066 1061
1062 1061 1066
1063 1064 1066
1067 1058 1062
1067 1068 1058
1069 1062 1066
1069 1066 1064
1069 1067 1062
1065 1070 1064
1069 1064 1070
1065 1071 1070
1071 1072 1070
1069 1070 1072
1071 1073 1072
1074 1068 1067
1074 1075 1068
1067 1069 1076
1069 1072 1076
1067 1076 1074
1072 1077 1076
1074 1076 1077
1078 1072 1073
1072 1078 1077
1078 1073 1079
1080 1078 1079
1075 1074 1081
1074 1077 1081
1075 1081 1082
1083 1082 1081
1080 1084 1078
1084 1077 1078
1080 1085 1084
1080 1086 1085
1085 1086 1087
1083 1081 1088
1077 1088 1081
1084 1089 1077
1077 1089 1088
1089 1084 1085
1083 1088 1090
1090 1088 1089
1083 1090 1091
1090 1089 1092
1089 1085 1092
1093 1091 1090
1093 1090 1092
1093 1094 1091
1093 1095 1094
1085 1096 1092
1093 1092 1096
1093 1097 1095
1097 1093 1096
1097 1098 1095
1097 1099 1098
1100 1099 1097
1100 1097 1101
1097 1096 1101
1100 1101 1102
1102 1101 1096
1100 1102 1103
1102 1104 1103
1102 1105 1104
1087 1105 1102
1085 1106 1096
1085 1087 1106
1087 1102 1106
1102 1096 1106
1107 1108 1109
1107 1109 1110
1111 1112 1113
1111 1113 1114
1115 1116 1117
1115 1117 1118
1119 1120 1121
1119 1121 1122
1123 1124 1125
1123 1125 1126
1126 1125 1127
1126 1127 1128
1128 1127 1129
1128 1129 1130
1131 1130 1129
1131 1132 1130
1132 1131 1133
1132 1133 1134
1134 1133 1135
1134 1135 1136
1136 1135 1137
1136 1137 1138
1138 1137 1139
1138 1139 1140
1140 1139 1141
1140 1141 1142
1143 1142 1141
1143 1144 1142
1144 1143 1145
1144 1145 1146
1146 1145 1147
1146 1147 1148
1149 1150 1151
1149 1151 1152
1153 1154 1155
1153 1155 1156
1157 1158 1159
1157 1159 1160
1161 1162 1163
1161 1163 1164
1165 1166 1167
1165 1167 1168
1169 1170 1171
1169 1171 1172
1173 1174 1175
1173 1175 1176
1177 1178 1179
1177 1179 1180
1181 1182 1183
1181 1183 1184
1185 1186 1187
1185 1187 1188
1189 1190 1191
1189 1191 1192
1193 1194 1189
1193 1195 1194
1196 1197 1198
1196 1198 1199
1200 1201 1202
1200 1202 1203
1204 1205 1206
1204 1206 1207
1208 1209 1210
1208 1210 1211
1212 1213 1214
1212 1214 1215
1216 1217 1218
1216 1218 1219
1220 1221 1222
1220 1222 1223
1224 1225 1226
1224 1226 1227
1226 1228 1227
1226 1229 1228
1228 1229 1230
1228 1230 1231
1231 1230 1232
1231 1232 1233
1232 1234 1233
1235 1236 1237
1235 1238 1236
1239 1236 1238
1239 1240 1236
1239 1241 1240
1239 1242 1241
1242 1243 1241
1242 1244 1243
1244 1245 1243
1246 1247 1248
1246 1248 1249
1250 1251 1252
1250 1252 1253
1254 1255 1256
1254 1256 1257
1258 1259 1260
1258 1260 1261
1262 1263 1264
1262 1265 1263
1265 1266 1263
1265 1267 1266
1267 1268 1266
1267 1269 1268
1270 1268 1269
1270 1269 1271
1271 1272 1270
1271 1273 1272
1273 1274 1272
1273 1275 1274
1275 1276 1274
1275 1277 1276
1277 1278 1276
1277 1279 1278
1279 1280 1278
1279 1281 1280
1282 1280 1281
1282 1281 1283
1283 1284 1282
1283 1285 1284
1285 1286 1284
1285 1287 1286
1288 1289 1290
1288 1290 1291
1292 1293 1294
1292 1294 1295
1296 1297 1298
1296 1298 1299
1300 1301 1302
1300 1302 1303
1304 1305 1306
1304 1306 1307
1308 1309 1310
1308 1310 1311
1312 1313 1314
1312 1314 1315
1316 1317 1318
1316 1318 1319
1320 1321 1322
1320 1322 1323
1324 1325 1326
1324 1326 1327
1328 1329 1330
1328 1330 1331
1332 1328 1333
1332 1333 1334
1335 1336 1337
1335 1337 1338
1339 1340 1341
1339 1341 1342
1343 1344 1345
1343 1345 1346
1347 1348 1349
1347 1349 1350
1351 1352 1353
1351 1353 1354
1355 1356 1357
1355 1357 1358
1359 1360 1361
1359 1361 1362
1363 1364 1365
1363 1366 1364
1364 1366 1367
1364 1367 1368
1367 1369 1368
1367 1370 1369
1370 1371 1369
1370 1372 1371
1371 1372 1373
1374 1375 1376
1374 1376 1377
1378 1377 1376
1378 1376 1379
1378 1379 1380
1378 1380 1381
1381 1380 1382
1381 1382 1383
1383 1382 1384
1385 1386 1387
1385 1387 1388
1385 1388 1389
1388 1390 1389
1391 1390 1388
1391 1392 1390
1393 1394 1395
1393 1396 1394
1396 1393 1397
1398 1396 1397
1396 1398 1399
1396 1399 1400
1401 1402 1403
1401 1404 1402
1402 1404 1405
1404 1406 1405
1407 1406 1404
1407 1408 1406
1409 1410 1411
1409 1412 1410
1412 1409 1413
1410 1412 1414
1412 1413 1415
1412 1415 1414
1416 1417 1418
1416 1419 1417
1416 1420 1419
1419 1420 1421
1421 1422 1419
1421 1423 1422
1424 1425 1426
1424 1426 1427
1427 1428 1424
1429 1428 1427
1427 1430 1429
1427 1431 1430
1432 1433 1434
1432 1434 1435
1434 1436 1435
1435 1436 1437
1438 1435 1437
1438 1437 1439
1440 1441 1442
1440 1442 1443
1443 1444 1440
1442 1445 1443
1443 1446 1444
1443 1445 1446
1447 1448 1449
1447 1449 1450
1447 1450 1451
1450 1452 1451
1453 1452 1450
1453 1454 1452
1455 1456 1457
1455 1457 1458
1458 1457 1459
1460 1458 1459
1460 1455 1458
1460 1461 1455
1462 1463 1464
1462 1464 1465
1462 1465 1466
1465 1467 1466
1467 1465 1464
1467 1464 1468
1469 1470 1471
1469 1471 1472
1472 1471 1473
1474 1472 1473
1475 1472 1474
1475 1474 1476
1477 1478 1479
1477 1479 1480
1479 1481 1480
1480 1481 1482
1483 1480 1482
1483 1482 1484
1485 1486 1487
1485 1487 1488
1488 1489 1485
1490 1489 1488
1490 1488 1487
1490 1487 1491
1492 1493 1494
1492 1495 1493
1492 1496 1495
1495 1496 1497
1493 1495 1497
1493 1497 1498
1499 1500 1501
1499 1501 1502
1502 1503 1499
1504 1503 1502
1504 1502 1505
1504 1505 1506
1507 1508 1509
1507 1509 1510
1507 1510 1511
1512 1511 1510
1512 1510 1513
1512 1513 1514
1515 1516 1517
1515 1518 1516
1518 1515 1519
1518 1519 1520
1521 1518 1520
1521 1520 1522
1523 1524 1525
1523 1525 1526
1527 1528 1529
1527 1529 1530
1531 1532 1533
1531 1533 1534
1535 1536 1537
1535 1537 1538
1539 1540 1541
1539 1541 1542
1543 1544 1545
1543 1545 1546
1547 1548 1549
1547 1549 1550
1551 1552 1553
1551 1553 1554
1555 1556 1557
1555 1557 1558
1559 1560 1561
1559 1561 1562
1563 1564 1565
1563 1565 1566
1567 1568 1569
1567 1569 1570
1571 1572 1573
1571 1573 1574
1575 1576 1577
1575 1577 1578
1579 1580 1581
1579 1581 1582
1583 1584 1585
1583 1585 1586
1587 1588 1589
1587 1589 1590
1591 1587 1590
1591 1592 1587
1593 1587 1592
1593 1592 1594
1591 1590 1595
1596 1592 1591
1591 1595 1597
1591 1597 1596
1595 1590 1598
1599 1598 1590
1599 1590 1600
1601 1595 1598
1601 1597 1595
1601 1598 1602
1601 1602 1603
1597 1601 1604
1604 1601 1605
1604 1605 1606
1597 1607 1596
1597 1604 1607
1608 1607 1604
1608 1604 1609
1596 1607 1610
1596 1610 1592
1607 1611 1610
1607 1612 1611
1592 1610 1613
1592 1613 1614
1615 1616 1617
1618 1615 1617
1618 1619 1615
1620 1619 1618
1620 1618 1621
1621 1622 1620
1621 1623 1622
1623 1624 1622
1623 1625 1624
1626 1627 1628
1626 1628 1629
1629 1630 1626
1629 1631 1630
1626 1630 1632
1631 1633 1630
1630 1634 1632
1630 1633 1634
1634 1633 1635
1634 1635 1636
1635 1637 1636
1638 1639 1640
1638 1640 1641
1642 1643 1644
1642 1645 1643
1642 1646 1645
1646 1647 1645
1646 1648 1647
1648 1649 1647
1648 1650 1649
1651 1649 1650
1651 1652 1649
1653 1654 1655
1653 1655 1656
1657 1653 1656
1657 1656 1658
1658 1659 1657
1658 1660 1659
1661 1659 1660
1661 1662 1659
1662 1661 1663
1664 1665 1666
1664 1666 1667
1668 1669 1670
1668 1670 1671
1672 1673 1668
1672 1674 1673
1674 1672 1675
1674 1675 1676
1677 1676 1675
1677 1678 1676
1677 1679 1678
1677 1680 1679
1679 1680 1681
1682 1683 1684
1682 1684 1685
1686 1687 1688
1686 1688 1689
1690 1689 1688
1690 1691 1689
1692 1691 1690
1692 1690 1693
1692 1693 1694
1692 1694 1695
1694 1696 1695
1694 1697 1696
1698 1696 1697
1698 1699 1696
1698 1700 1699
1698 1701 1700
1700 1701 1702
1700 1702 1703
1704 1703 1702
1704 1705 1703
1705 1704 1706
1705 1706 1707
1707 1706 1708
1707 1708 1709
1710 1709 1708
1710 1708 1711
1712 1713 1714
1712 1714 1715
1716 1717 1718
1716 1718 1719
1720 1721 1722
1720 1722 1723
1724 1720 1725
1724 1725 1726
1727 1724 1726
1727 1728 1724
1729 1728 1727
1730 1731 1729
1730 1732 1731
1733 1732 1730
1734 1735 1733
1734 1736 1735
1737 1736 1734
1738 1739 1737
1738 1740 1739
1741 1740 1738
1742 1743 1744
1742 1744 1745
1746 1747 1748
1746 1748 1749
1750 1751 1752
1750 1752 1753
1754 1755 1756
1754 1756 1757
1758 1759 1760
1758 1760 1761
1762 1763 1764
1762 1764 1765
1766 1767 1768
1766 1768 1769
1770 1771 1772
1770 1772 1773
1774 1775 1776
1774 1776 1777
1778 1779 1780
1778 1780 1781
1782 1783 1784
1782 1784 1785
1786 1787 1788
1786 1788 1789
1790 1791 1792
1790 1792 1793
1794 1795 1796
1794 1796 1797
1798 1799 1800
1801 1799 1798
1801 1802 1799
1803 1802 1801
1803 1801 1804
1804 1805 1803
1804 1806 1805
1807 1808 1809
1807 1809 1810
1811 1812 1813
1811 1813 1814
1815 1811 1816
1815 1816 1817
1817 1818 1815
1817 1819 1818
1820 1818 1819
1820 1819 1821
1820 1821 1822
1820 1822 1823
1822 1824 1823
1825 1826 1827
1825 1827 1828
1829 1830 1831
1829 1832 1830
1833 1830 1832
1833 1832 1834
1835 1833 1834
1835 1836 1833
1835 1837 1836
1835 1838 1837
1837 1838 1839
1837 1839 1840
1841 1840 1839
1841 1839 1842
1841 1842 1843
1841 1843 1844
1843 1845 1844
1843 1846 1845
1847 1845 1846
1847 1846 1848
1848 1849 1847
1848 1850 1849
1850 1851 1849
1850 1852 1851
1853 1851 1852
1853 1854 1851
1855 1856 1857
1858 1859 1856
1858 1857 1860
1861 1859 1858
1862 1859 1861
1860 1863 1864
1860 1864 1865
1866 1867 1862
1868 1867 1866
1869 1867 1868
1870 1871 1869
1872 1871 1870
1873 1871 1872
1874 1875 1873
1876 1875 1874
1877 1875 1876
1878 1879 1880
1878 1880 1881
1882 1883 1884
1882 1884 1885
1886 1887 1888
1886 1888 1889
1890 1891 1892
1890 1892 1893
1894 1895 1896
1894 1896 1897
1898 1899 1900
1898 1900 1901
1902 1903 1904
1902 1904 1905
1906 1907 1908
1906 1908 1909
1910 1911 1912
1910 1912 1913
1914 1915 1916
1914 1916 1917
1918 1919 1920
1918 1920 1921
1922 1923 1924
1922 1924 1925
1926 1927 1928
1926 1928 1929
1930 1931 1932
1930 1932 1933
1934 1935 1936
1934 1936 1937
1938 1939 1940
1938 1940 1941
1942 1943 1944
1942 1944 1945
1946 1947 1948
1946 1948 1949
1950 1951 1952
1953 1950 1952
1953 1952 1954
1955 1953 1954
1955 1956 1953
1956 1955 1957
1956 1957 1958
1959 1960 1961
1959 1961 1962
1963 1964 1965
1963 1966 1964
1963 1967 1966
1966 1967 1968
1968 1969 1966
1968 1970 1969
1971 1972 1973
1971 1974 1972
1974 1975 1972
1976 1975 1974
1971 1976 1974
1971 1977 1976
1978 1979 1980
1978 1981 1979
1978 1982 1981
1981 1982 1983
1983 1984 1981
1983 1985 1984
1986 1987 1988
1986 1988 1989
1989 1990 1986
1991 1990 1989
1992 1991 1989
1992 1993 1991
1994 1995 1996
1994 1996 1997
1994 1997 1998
1997 1999 1998
2000 1999 1997
2000 2001 1999
2002 2003 2004
2002 2004 2005
2005 2004 2006
2007 2005 2006
2007 2002 2005
2007 2008 2002
2009 2010 2011
2009 2011 2012
2009 2012 2013
2012 2014 2013
2015 2014 2012
2015 2016 2014
2017 2018 2019
2017 2020 2018
2020 2017 2021
2022 2020 2021
2022 2023 2020
2022 2024 2023
2025 2026 2027
2025 2027 2028
2027 2029 2028
2028 2029 2030
2031 2028 2030
2031 2030 2032
2033 2034 2035
2033 2036 2034
2036 2037 2034
2038 2037 2036
2039 2038 2036
2039 2040 2038
2041 2042 2043
2041 2044 2042
2041 2045 2044
2044 2045 2046
2046 2047 2044
2046 2048 2047
2049 2050 2051
2049 2051 2052
2052 2053 2049
2054 2053 2052
2051 2054 2052
2051 2055 2054
2056 2057 2058
2056 2059 2057
2057 2059 2060
2059 2061 2060
2061 2059 2062
2061 2062 2063
2064 2065 2066
2064 2067 2065
2067 2064 2068
2069 2067 2068
2070 2067 2069
2070 2069 2071
2072 2073 2074
2072 2074 2075
2072 2075 2076
2075 2077 2076
2078 2077 2075
2078 2079 2077
2080 2081 2082
2080 2082 2083
2083 2082 2084
2085 2083 2084
2080 2083 2085
2080 2085 2086
2087 2088 2089
2087 2090 2088
2087 2091 2090
2092 2090 2091
2092 2093 2090
2092 2094 2093
2095 2096 2097
2095 2097 2098
2098 2099 2095
2098 2100 2099
2100 2098 2101
2100 2101 2102
2103 2104 2105
2103 2106 2104
2106 2107 2104
2106 2108 2107
2109 2107 2108
2109 2110 2107
2111 2110 2109
2111 2109 2112
2113 2111 2112
2113 2112 2114
2115 2116 2117
2115 2118 2116
2118 2119 2116
2118 2120 2119
2120 2121 2119
2120 2122 2121
2123 2121 2122
2123 2124 2121
2125 2124 2123
2125 2123 2126
2127 2128 2129
2130 2129 2128
2127 2131 2128
2132 2131 2127
2130 2128 2133
2131 2133 2128
2132 2134 2131
2134 2132 2135
2130 2133 2136
2130 2136 2137
2130 2137 2138
2138 2137 2139
2136 2139 2137
2138 2139 2140
2139 2141 2140
2133 2142 2136
2136 2142 2139
2131 2143 2133
2133 2143 2142
2139 2144 2141
2142 2144 2139
2145 2143 2131
2145 2131 2134
2146 2145 2134
2143 2147 2142
2143 2145 2147
2142 2147 2144
2146 2147 2145
2141 2144 2148
2141 2148 2149
2148 2150 2149
2144 2147 2151
2146 2151 2147
2144 2151 2148
2148 2152 2150
2152 2153 2150
2148 2151 2154
2154 2151 2146
2148 2154 2152
2146 2134 2155
2156 2146 2155
2134 2135 2155
2156 2155 2135
2156 2135 2157
2156 2157 2158
2154 2146 2159
2156 2159 2146
2156 2158 2160
2160 2158 2161
2162 2159 2156
2154 2159 2162
2162 2156 2160
2152 2154 2163
2154 2162 2163
2160 2161 2164
2165 2164 2161
2152 2163 2166
2152 2166 2153
2162 2167 2163
2166 2163 2167
2160 2168 2162
2160 2164 2168
2162 2168 2167
2153 2166 2169
2166 2167 2169
2153 2169 2170
2171 2170 2169
2167 2171 2169
2171 2172 2170
2173 2167 2168
2167 2173 2171
2164 2174 2168
2173 2168 2174
2172 2171 2175
2172 2175 2176
2171 2173 2177
2177 2173 2174
2171 2177 2175
2178 2176 2175
2178 2179 2176
2178 2180 2179
2164 2181 2174
2182 2174 2181
2165 2181 2164
2182 2181 2165
2182 2165 2183
2184 2182 2183
2177 2174 2185
2182 2185 2174
2175 2177 2186
2175 2186 2178
2177 2185 2187
2187 2185 2182
2177 2187 2186
2184 2188 2182
2187 2182 2188
2189 2188 2184
2178 2186 2190
2187 2190 2186
2189 2191 2188
2192 2191 2189
2188 2193 2187
2188 2191 2193
2187 2193 2190
2192 2193 2191
2192 2190 2193
2178 2190 2194
2192 2194 2190
2178 2194 2180
2180 2194 2192
2195 2196 2197
2198 2197 2196
2195 2197 2199
2198 2200 2197
2199 2197 2200
2195 2199 2201
2195 2201 2202
2199 2200 2203
2201 2199 2203
2198 2204 2200
2203 2200 2204
2205 2202 2201
2205 2206 2202
2198 2207 2204
2198 2208 2207
2207 2208 2209
2207 2209 2210
2204 2207 2210
2210 2209 2211
2203 2204 2212
2204 2210 2212
2210 2211 2213
2213 2211 2214
2215 2212 2210
2203 2212 2215
2215 2210 2213
2201 2203 2216
2203 2215 2216
2213 2214 2217
2217 2214 2218
2219 2215 2213
2216 2215 2219
2219 2213 2217
2220 2201 2216
2216 2219 2220
2220 2205 2201
2217 2218 2221
2221 2219 2217
2222 2220 2219
2221 2222 2219
2223 2221 2218
2222 2221 2223
2223 2218 2224
2205 2220 2225
2222 2225 2220
2222 2223 2226
2226 2225 2222
2227 2223 2224
2227 2226 2223
2227 2224 2228
2205 2225 2229
2206 2205 2229
2206 2229 2230
2231 2230 2229
2225 2231 2229
2231 2232 2230
2226 2233 2225
2225 2233 2231
2234 2232 2231
2234 2235 2232
2231 2233 2236
2226 2236 2233
2231 2236 2234
2237 2235 2234
2237 2238 2235
2237 2239 2238
2226 2240 2236
2241 2236 2240
2227 2240 2226
2227 2241 2240
2234 2236 2242
2234 2242 2237
2241 2242 2236
2243 2237 2242
2241 2243 2242
2237 2244 2239
2243 2244 2237
2239 2244 2245
2243 2245 2244
2239 2245 2246
2227 2247 2241
2228 2247 2227
2228 2248 2247
2249 2247 2248
2249 2241 2247
2249 2248 2250
2241 2251 2243
2249 2251 2241
2250 2252 2249
2252 2251 2249
2250 2253 2252
2251 2254 2243
2243 2254 2245
2255 2246 2245
2255 2256 2246
2257 2256 2255
2245 2258 2255
2245 2254 2258
2257 2255 2258
2251 2259 2254
2252 2259 2251
2259 2258 2254
2253 2260 2252
2260 2259 2252
2253 2261 2260
2261 2257 2260
2259 2262 2258
2257 2258 2262
2260 2262 2259
2257 2262 2260
2263 2264 2265
2266 2264 2263
2263 2265 2267
2265 2268 2267
2265 2269 2268
2270 2268 2269
2271 2267 2268
2270 2271 2268
2272 2263 2267
2271 2272 2267
2270 2273 2271
2274 2272 2271
2274 2271 2273
2270 2275 2273
2270 2276 2275
2277 2273 2275
2276 2277 2275
2277 2274 2273
2276 2278 2277
2279 2277 2278
2274 2277 2280
2279 2280 2277
2272 2274 2281
2274 2280 2281
2279 2282 2280
2279 2283 2282
2272 2284 2263
2272 2281 2284
2263 2284 2285
2281 2285 2284
2286 2281 2280
2286 2280 2282
2281 2286 2285
2287 2282 2283
2287 2283 2288
2282 2289 2286
2285 2286 2289
2282 2287 2289
2290 2287 2288
2290 2288 2291
2290 2291 2292
2293 2287 2290
2293 2289 2287
2290 2292 2294
2293 2290 2294
2292 2295 2294
2292 2296 2295
2293 2294 2297
2297 2294 2295
2289 2293 2298
2298 2293 2297
2285 2289 2299
2289 2298 2299
2300 2285 2299
2300 2299 2298
2301 2295 2296
2301 2296 2302
2300 2303 2285
2263 2285 2303
2266 2263 2303
2266 2303 2300
2266 2300 2304
2305 2304 2300
2305 2300 2306
2300 2298 2306
2306 2307 2305
2306 2298 2308
2298 2297 2308
2306 2309 2307
2306 2308 2309
2309 2310 2307
2309 2311 2310
2311 2309 2308
2312 2308 2297
2297 2295 2312
2310 2311 2313
2310 2313 2314
2313 2315 2314
2311 2308 2316
2312 2316 2308
2316 2313 2311
2295 2317 2312
2317 2316 2312
2295 2301 2317
2313 2318 2315
2318 2319 2315
2316 2320 2313
2317 2320 2316
2320 2318 2313
2318 2321 2319
2322 2319 2321
2320 2323 2318
2317 2323 2320
2321 2318 2323
2324 2317 2301
2317 2324 2323
2321 2323 2325
2322 2321 2325
2326 2325 2323
2326 2323 2324
2322 2325 2326
2324 2301 2327
2326 2324 2327
2302 2327 2301
2302 2328 2327
2327 2328 2329
2329 2322 2330
2322 2326 2330
2326 2327 2330
2327 2329 2330
2331 2332 2333
2334 2333 2332
2331 2335 2332
2334 2332 2336
2336 2332 2335
2337 2335 2331
2337 2331 2338
2336 2335 2339
2339 2335 2337
2334 2336 2340
2340 2336 2339
2341 2337 2338
2341 2338 2342
2334 2340 2343
2334 2343 2344
2345 2344 2343
2345 2343 2346
2340 2346 2343
2346 2347 2345
2340 2339 2348
2340 2348 2346
2346 2349 2347
2350 2347 2349
2346 2348 2351
2339 2351 2348
2346 2351 2349
2339 2337 2352
2339 2352 2351
2350 2349 2353
2353 2354 2350
2349 2351 2355
2355 2351 2352
2349 2355 2353
2337 2356 2352
2355 2352 2356
2357 2355 2356
2337 2341 2356
2357 2356 2341
2358 2353 2355
2357 2358 2355
2353 2359 2354
2358 2359 2353
2360 2354 2359
2358 2360 2359
2360 2361 2354
2358 2362 2360
2357 2362 2358
2363 2361 2360
2362 2363 2360
2363 2364 2361
2357 2341 2365
2365 2341 2342
2365 2342 2366
2367 2365 2366
2357 2365 2368
2367 2368 2365
2357 2369 2362
2357 2368 2369
2367 2370 2368
2367 2371 2370
2368 2372 2369
2372 2362 2369
2368 2370 2372
2373 2370 2371
2373 2371 2374
2373 2374 2375
2372 2376 2362
2377 2376 2372
2362 2376 2363
2377 2363 2376
2370 2378 2372
2370 2373 2378
2377 2372 2378
2379 2378 2373
2379 2377 2378
2373 2375 2380
2379 2373 2380
2381 2380 2375
2379 2380 2381
2381 2375 2382
2377 2383 2363
2383 2364 2363
2383 2384 2364
2384 2383 2385
2377 2385 2383
2384 2385 2386
2377 2387 2385
2379 2387 2377
2388 2386 2385
2387 2388 2385
2388 2389 2386
2390 2387 2379
2387 2390 2388
2391 2389 2388
2390 2391 2388
2391 2392 2389
2393 2392 2391
2390 2379 2394
2379 2381 2394
2390 2395 2391
2393 2391 2395
2396 2390 2394
2396 2395 2390
2381 2396 2394
2393 2395 2396
2381 2397 2396
2393 2396 2397
2397 2381 2382
2393 2397 2398
2397 2382 2398
2399 2400 2401
2402 2401 2400
2403 2400 2399
2402 2400 2404
2405 2403 2399
2405 2406 2403
2407 2402 2404
2408 2407 2404
2407 2408 2409
2407 2409 2410
2409 2411 2410
2410 2411 2412
2406 2405 2413
2413 2412 2411
2405 2414 2413
2413 2414 2412
2415 2416 2417
2417 2416 2418
2415 2419 2416
2420 2418 2416
2415 2421 2419
2422 2419 2421
2423 2418 2420
2423 2420 2424
2424 2425 2423
2426 2423 2425
2427 2422 2421
2427 2428 2422
2429 2426 2425
2428 2427 2429
2429 2430 2426
2430 2429 2427
2431 2432 2433
2434 2431 2433
2431 2435 2432
2434 2436 2431
2437 2432 2435
2438 2436 2434
2437 2435 2439
2438 2434 2440
2441 2437 2439
2442 2438 2440
2441 2439 2443
2442 2440 2444
2445 2441 2443
2445 2443 2446
2445 2446 2447
2445 2447 2448
2449 2448 2447
2449 2450 2448
2451 2442 2444
2451 2444 2452
2453 2451 2452
2453 2454 2451
2455 2454 2453
2455 2456 2454
2457 2450 2449
2457 2458 2450
2459 2456 2455
2459 2460 2456
2457 2461 2458
2457 2462 2461
2459 2463 2460
2459 2464 2463
2465 2463 2464
2465 2466 2463
2467 2466 2465
2467 2468 2466
2469 2468 2467
2469 2470 2468
2461 2462 2471
2461 2471 2472
2473 2470 2469
2473 2472 2471
2473 2474 2470
2473 2471 2474
